-2.855353654963529220e+00 -2.856709798151834789e+00 -2.849708509233725540e+00 -2.857535719066135904e+00
-2.865403867599022547e+00 -2.775337546126475541e+00 -2.775355443060429028e+00 -2.781630293353610117e+00
-2.801137518979746943e+00 -2.692492874182103257e+00 -2.685269260208512421e+00 -2.724296105426713854e+00
-2.701806678383232629e+00 -2.620963455357217420e+00 -2.606019909808188650e+00 -2.640708997254817891e+00
-2.590208661058294837e+00 -2.504979691215617699e+00 -2.564949177826332694e+00 -2.576265957013437635e+00
-2.465470543308700080e+00 -2.449503233000113855e+00 -4.999283294401016597e+00 -2.729047662348223824e+00
0.000000000000000000e+00 0.000000000000000000e+00 0.000000000000000000e+00 0.000000000000000000e+00
-4.874842224750338460e+00 -1.763111413234381697e+00 -1.748557085845566572e+00 -1.787413506298162647e+00
-2.229469917412552071e+00 -2.062454695574218011e+00 -1.824248131897992176e+00 -1.829704455821508979e+00
-1.780427674993600773e+00 -2.025565205925380141e+00 -1.770822678782363990e+00 -1.776223549221321418e+00
-1.725217484019579750e+00 -1.713522529966118979e+00 -1.714708449460408568e+00 -1.719176619138925721e+00
-1.660988767965848378e+00 -1.662332924050154093e+00 -1.664691535317613491e+00 -1.673247597088862948e+00
-1.630919730739437856e+00 -1.619851967919025526e+00 -1.620956937143829935e+00 -1.620094926160033477e+00
-1.594988907690937596e+00 -1.582244657091841589e+00 -1.585365190657968437e+00 -1.583113789584057240e+00
-1.562645901739996068e+00 -1.564708302476451207e+00 -1.564722427067335886e+00 -1.567104235463513406e+00
-1.556872209852347311e+00 -1.552111446601727618e+00 -1.564918507778547907e+00 -1.555099861321812105e+00
-2.802416409728331281e+00 -2.773861169026968998e+00 -2.774265017635017649e+00 -2.869139265040035358e+00
-2.780466214811656123e+00 -2.702931040753492109e+00 -2.711180384032196855e+00 -2.758306668438475828e+00
-2.705921911745220676e+00 -2.644903440325309329e+00 -2.635031142470583454e+00 -2.649882705258592264e+00
-2.647374670214574177e+00 -2.647040332556568121e+00 -2.532382005253423163e+00 -2.599673635663130256e+00
-2.554582612200137604e+00 -2.491567209937771921e+00 -2.405252922091926759e+00 -2.542059143052883385e+00
-2.442184636867767988e+00 -2.366774498306341012e+00 -2.586152503680814618e+00 -2.540216107184687377e+00
-2.292047011669205769e+00 -2.242114231412881686e+00 -2.246137481165883631e+00 -4.994694416940018478e+00
-2.234968748107335923e+00 -2.180309670604661854e+00 -2.349209286422070608e+00 -2.625659310065866059e+00
-1.974069474988286998e+00 -4.874842224750338460e+00 -2.040205734999532172e+00 -1.934383577943370458e+00
-1.709238043471870361e+00 -4.764493565137687625e+00 -1.692958443707018645e+00 -1.712609969684117939e+00
-1.825075981172588291e+00 -1.690075822400320282e+00 -1.684878562481835651e+00 -1.694757932902732467e+00
-1.647868825525719672e+00 -1.630447807913653291e+00 -1.633716133940114723e+00 -1.634198979317978306e+00
-1.597428203537472280e+00 -1.596096318873293285e+00 -1.599916536938596145e+00 -1.596134568469170345e+00
-1.565401942404900160e+00 -1.570347981354383027e+00 -1.570033804350452922e+00 -1.568586178247420415e+00
-1.554448871612193361e+00 -1.545640489522192462e+00 -1.546218644559169242e+00 -1.546677311601607707e+00
-1.534357586816361696e+00 -1.532808806448317407e+00 -1.538872652679297737e+00 -1.542775257111087095e+00
-2.729694557344990002e+00 -2.699861432444538689e+00 -2.698168503291052289e+00 -2.798410984105000221e+00
-2.672173115133334775e+00 -2.623737677893490439e+00 -2.648188297421960602e+00 -2.713194839812897108e+00
-2.646832804398655981e+00 -2.900862810264037694e+00 -2.690299476900679387e+00 -2.640743686366179954e+00
-2.615661823352797732e+00 -4.999982059744345619e+00 -2.372938616386925492e+00 -2.371043437003206744e+00
-2.738508929385374380e+00 -2.375581222239409040e+00 -2.369418789364394318e+00 -2.387205748655301552e+00
-2.429252512636058459e+00 -2.286645009796236305e+00 -2.301043715730394013e+00 -2.435514085388123640e+00
-2.228659201902485787e+00 -2.185061941101187344e+00 -2.412996718210788760e+00 -2.211365281371573843e+00
-2.104567632055532655e+00 -2.098384849551257592e+00 -4.981214489369317988e+00 -2.146239162653355237e+00
0.000000000000000000e+00 0.000000000000000000e+00 0.000000000000000000e+00 0.000000000000000000e+00
0.000000000000000000e+00 0.000000000000000000e+00 0.000000000000000000e+00 0.000000000000000000e+00
-4.507614548908194685e+00 -1.439602273942032440e+00 -1.432498263610509026e+00 -1.425802206254226157e+00
-1.814218259592309312e+00 -1.566050328254391610e+00 -1.573610645501800853e+00 -1.572591666272183275e+00
-1.564286684147605300e+00 -1.556131189903132261e+00 -1.561007380321513871e+00 -1.569676612102790969e+00
-1.538090476910257021e+00 -1.534445825253049289e+00 -1.537810731106451279e+00 -1.541609080658580710e+00
-1.519248596088327519e+00 -1.517262095525158561e+00 -1.520510215101905427e+00 -1.513571483933937145e+00
-1.509655523351483897e+00 -1.510112459576518296e+00 -1.510594890468216489e+00 -1.507776179462922306e+00
-2.663623409812280407e+00 -2.610720231144863401e+00 -2.624624105471641489e+00 -2.713796403131932156e+00
-2.615870083620460917e+00 -2.548239618320242705e+00 -2.634562685932857917e+00 -2.644983318069863198e+00
-2.423432689762961445e+00 -2.420521119227108553e+00 -4.999991419231335499e+00 -2.543893319894716676e+00
0.000000000000000000e+00 0.000000000000000000e+00 0.000000000000000000e+00 0.000000000000000000e+00
-4.997462356069718226e+00 -2.155716039888949442e+00 -2.166545146345580264e+00 -2.187090015714136193e+00
-2.751072401992815220e+00 -2.199184509004689758e+00 -2.200165148081801192e+00 -2.243834052575802929e+00
-2.146915916681610970e+00 -2.096990368576576280e+00 -2.128802123894965259e+00 -2.208393344841686368e+00
-2.085009033531877609e+00 -2.034733747011243210e+00 -2.302821282942695280e+00 -2.066566260958834444e+00
-1.926998031670499323e+00 -1.970402116857867592e+00 -1.655301476388280957e+00 -4.601167784615637579e+00
-1.877921039075610254e+00 -4.166140915016670832e+00 -1.586467697661307463e+00 -3.970544339526754563e+00
-1.753394532730651045e+00 -1.487184944464190028e+00 -1.561789965934813118e+00 -1.603662735911331572e+00
-1.564561024146774226e+00 -1.466434578385701126e+00 -1.549181418151980960e+00 -1.539938763470145133e+00
-1.518422737922511701e+00 -1.525940095284802567e+00 -1.518786255141546748e+00 -1.536736695252481910e+00
-1.492067708075913046e+00 -1.485843845846521960e+00 -1.490235785054595308e+00 -1.498010849825048396e+00
-1.484227037779149994e+00 -1.475244505707509868e+00 -1.479555767678490952e+00 -1.482971522169434175e+00
-1.479319329018266016e+00 -1.472294703505676150e+00 -1.490643183135506922e+00 -1.479772812256380465e+00
-2.561149351508003935e+00 -2.531425805574088361e+00 -2.555455261838577741e+00 -2.620399963466019777e+00
-2.577423902391794641e+00 -2.493596286133756834e+00 -2.470470438384436029e+00 -2.557213794493237380e+00
-2.475992197463650513e+00 -2.402730227059743484e+00 -2.488724559250957924e+00 -2.403357911210554754e+00
-2.232840780379723444e+00 -2.199083724367424608e+00 -2.200555138820039502e+00 -4.998651391972046554e+00
-2.776226724094254639e+00 -2.168798017092916641e+00 -2.167510385536955297e+00 -2.404114903194657593e+00
-2.136716388692284863e+00 -2.129586763426987606e+00 -2.121784817392416755e+00 -2.184867034754030879e+00
-2.107223904634909939e+00 -2.018381343506283176e+00 -2.055750053951118872e+00 -2.109700367267884236e+00
-2.016050849788936894e+00 -1.927301188479320526e+00 -2.024582079930764333e+00 -2.048265688064840440e+00
-1.794889363242937019e+00 -2.036283661079544949e+00 -4.738326183486319287e+00 -1.758345601376350986e+00
0.000000000000000000e+00 0.000000000000000000e+00 0.000000000000000000e+00 0.000000000000000000e+00
-4.249526823515004104e+00 -1.342069555200482212e+00 -1.369786309284422021e+00 -1.398476646081141306e+00
-1.403367253828572858e+00 -4.601167784615637579e+00 -1.414826411598782085e+00 -1.407066009730767453e+00
-1.519185083848116680e+00 -1.764241341483639092e+00 -1.466012446537559244e+00 -1.514272045534071687e+00
-1.431207889130994948e+00 -1.426869136593610810e+00 -1.432074012163621068e+00 -1.450506000074678559e+00
-1.426102566606781474e+00 -1.426965342990534236e+00 -1.428583278374875309e+00 -1.432404836521451230e+00
-1.429179468989965729e+00 -1.431173545455719287e+00 -1.441784194238716621e+00 -1.434746240787418525e+00
-2.808402640497897895e+00 -4.999657201933793260e+00 -2.455474100863993314e+00 -2.474686049361351614e+00
-2.693493432923405706e+00 -2.414572146873071645e+00 -2.381100225163761408e+00 -2.409697108438074942e+00
-2.428919326731366013e+00 -2.344946754129844546e+00 -2.317059624171310617e+00 -2.431987007391410494e+00
-2.278393726768230820e+00 -2.222267921199870599e+00 -2.214586864631655327e+00 -2.546008449526005801e+00
-2.206797640259211768e+00 -2.127059610539606904e+00 -2.135763749417778801e+00 -2.212436257289178698e+00
-2.092836782783870309e+00 -2.043525688331225165e+00 -2.056473647463139542e+00 -2.126506455023065012e+00
-2.049878038048484452e+00 -1.924289816378275120e+00 -1.962860713279811264e+00 -2.044830097065080565e+00
-1.928366255209529534e+00 -1.841287983732148303e+00 -1.897831525821439103e+00 -1.981503189773209161e+00
-1.764042723184792827e+00 -1.746228250162367157e+00 -4.874842224750338460e+00 -1.762807964668620109e+00
0.000000000000000000e+00 0.000000000000000000e+00 0.000000000000000000e+00 0.000000000000000000e+00
-3.729067085835499729e+00 -1.099430628414660882e+00 -3.729067085835499729e+00 -1.448838500360049686e+00
0.000000000000000000e+00 0.000000000000000000e+00 0.000000000000000000e+00 0.000000000000000000e+00
-4.676945905538666182e+00 -1.337784923314792040e+00 -1.344146105538683411e+00 -1.367075737180336592e+00
-1.366239931522898354e+00 -1.347487378198626740e+00 -1.372399111744619482e+00 -1.385612197271018031e+00
-1.378785072838899506e+00 -1.374097387714755758e+00 -1.377680253857274106e+00 -1.375226924652506622e+00
-1.392999118551686122e+00 -1.387435741049103166e+00 -1.391505480208391932e+00 -1.393525616804993872e+00
0.000000000000000000e+00 0.000000000000000000e+00 0.000000000000000000e+00 0.000000000000000000e+00
-4.998907627497358064e+00 -2.210661029205284400e+00 -2.227680833559858797e+00 -2.248559161288272712e+00
-2.586410497759381144e+00 -2.249244901044918699e+00 -2.215671847501538672e+00 -2.307535821506184082e+00
-2.235287570558084802e+00 -2.147194504763904721e+00 -2.123190474042852216e+00 -2.212079306387750854e+00
-2.165735224485509480e+00 -2.066851353660334123e+00 -2.017861667151750638e+00 -2.169889388956215637e+00
-2.051160693278854641e+00 -1.979979961723799864e+00 -1.930805837196446717e+00 -2.057844739633265974e+00
-1.987461398850002281e+00 -1.834899232100111632e+00 -1.884134421407185345e+00 -2.009065175327902963e+00
-1.881470086343807635e+00 -1.739101988185666414e+00 -1.804421371442223920e+00 -1.910546361172453800e+00
-1.735098524142994592e+00 -1.630975390182130447e+00 -2.034297289705787826e+00 -2.213074544983574476e+00
-1.397110557973341827e+00 -1.380965303560233615e+00 -1.390058736979914000e+00 -4.887358002275304258e+00
-1.604023511037529381e+00 -1.399056870917485984e+00 -1.612886018186215686e+00 -1.523767173198492308e+00
-1.251799623333925471e+00 -1.224228340578430885e+00 -1.237631807818944552e+00 -4.641051006154073733e+00
-1.349894237278413289e+00 -1.209046685479358674e+00 -1.321499434373898163e+00 -1.381360580743504984e+00
-1.312807997754450229e+00 -1.219461871531545727e+00 -1.310003642233426691e+00 -1.319111616525262765e+00
-1.315751529267854991e+00 -1.318477101226784187e+00 -1.323666740511337148e+00 -1.329687618851128850e+00
-1.345753319974597018e+00 -1.347300809783347431e+00 -1.343989170697475366e+00 -1.354751890834569039e+00
-2.017374535172287597e+00 -2.026538583012298833e+00 -2.019160196248532824e+00 -4.926095585292826762e+00
-2.403844865336573378e+00 -2.170670139795579434e+00 -2.173292386424017231e+00 -2.403863861848961392e+00
-2.168867723806084058e+00 -2.377481657627148692e+00 -2.146222941982539822e+00 -2.168203708767415083e+00
-2.125156635758055579e+00 -2.073307489933668535e+00 -2.049983683319377192e+00 -2.131083096373455721e+00
-2.074338079220451547e+00 -1.986986068486177981e+00 -1.952000754359804358e+00 -2.059008601319692211e+00
-2.002028612848626210e+00 -1.901857294738250381e+00 -1.835263373550933386e+00 -1.948979112259501267e+00
-1.912626977887158519e+00 -1.819311972769130703e+00 -1.723449977740063810e+00 -1.919685066407113672e+00
-1.871816314534087811e+00 -1.682885931255615919e+00 -1.599856499330708504e+00 -1.838138404960367067e+00
-1.743435913930877490e+00 -1.508755363756165480e+00 -1.593197258423288298e+00 -1.769015548149928119e+00
-1.500516240459065731e+00 -1.383601185232419706e+00 -1.446418843190693249e+00 -1.989327422565722703e+00
-1.489295227880568673e+00 -1.279657406884256998e+00 -1.420846929260020985e+00 -1.439296553613480745e+00
-1.384265894324843593e+00 -1.347917737539073180e+00 -1.184624122548113112e+00 -1.490390800488919032e+00
-1.343468197877581094e+00 -1.059231834637182956e+00 -1.247484484391310655e+00 -1.323892377190096337e+00
-1.266791267472567206e+00 -1.038204655469923576e+00 -1.235191533032983013e+00 -1.251478903763495687e+00
-1.246219303174888049e+00 -1.262637042133901488e+00 -1.277979527224708090e+00 -1.268220819099686647e+00
-1.287270821830248879e+00 -1.390739392678827846e+00 -1.294815994698594208e+00 -1.295878756619721184e+00
-2.043278870542943881e+00 -2.042990480665253905e+00 -2.040872476888422327e+00 -2.390293963331382443e+00
-2.121251966003380396e+00 -2.275128496103454800e+00 -2.312608325613532578e+00 -2.133119346324443555e+00
-1.974514328999572577e+00 -4.951511313510623680e+00 -1.968036020061434632e+00 -1.966538840194429483e+00
-2.122601860990087186e+00 -1.920399646760799994e+00 -1.997834403051599761e+00 -1.999443728233017081e+00
-2.022445751368433520e+00 -1.934748873943679559e+00 -1.908684853858751307e+00 -1.954408060812281134e+00
-1.893982682787571203e+00 -1.827935309885492687e+00 -1.801159284718930165e+00 -1.896454941525702154e+00
-1.839404721985705038e+00 -1.741806501938997442e+00 -1.667829485882980967e+00 -1.818520748842787471e+00
-1.770904727118640887e+00 -1.648351853144683243e+00 -1.548182955810997852e+00 -1.744990159267257424e+00
-1.675947607610900114e+00 -1.465592350339599337e+00 -1.365843399272806513e+00 -1.666341177462459910e+00
-1.517921290137458357e+00 -1.371076274151182384e+00 -1.264854096891301349e+00 -1.505000754035906940e+00
-1.420148044467682169e+00 -1.273849627001557128e+00 -1.158055330778372749e+00 -1.399575027556222651e+00
-1.298953276771134702e+00 -1.082051562728536975e+00 -1.144860749555920432e+00 -1.350899327136034334e+00
-1.241597484248855521e+00 -8.815585319591603408e-01 -1.149416086106721746e+00 -1.239657930370875683e+00
-1.135450297832112376e+00 -8.900160382960851102e-01 -1.242391707357402675e+00 -1.224892548430978501e+00
-1.151305569106592763e+00 -1.205768999922616436e+00 -1.209785239163928106e+00 -1.233851663103065599e+00
-1.212634364432334300e+00 -4.507614548908194685e+00 -1.281755346933374007e+00 -1.217493116829704736e+00
-2.009734848513526906e+00 -1.997653232430243175e+00 -1.998419837369078911e+00 -2.006911583871849647e+00
-1.984342953940576582e+00 -1.964491055807116693e+00 -4.917883983658696501e+00 -1.967021391425384458e+00
0.000000000000000000e+00 0.000000000000000000e+00 0.000000000000000000e+00 0.000000000000000000e+00
-4.946123681678471051e+00 -1.708400661091082018e+00 -1.721800961814834885e+00 -1.731870641603820760e+00
-2.100131754156930874e+00 -1.821503015276168869e+00 -1.828845480493455966e+00 -1.872535832010316037e+00
-1.833530723846227062e+00 -1.735195049905673859e+00 -1.755581424930475976e+00 -1.818992349305325495e+00
-1.753241262453159255e+00 -1.645125137622754474e+00 -1.664325903009644669e+00 -1.738443085814594724e+00
-1.635002761611467292e+00 -1.507737909944644850e+00 -1.555489867361748768e+00 -1.668393468263620338e+00
-1.589767571679771230e+00 -1.483807597903184394e+00 -1.339129100306774234e+00 -1.570344324989793261e+00
-1.516606761574796902e+00 -1.213011362254519554e+00 -1.341099307663537799e+00 -1.435251886624195672e+00
-1.366495245173586781e+00 -1.237191452686667859e+00 -1.026716013146527828e+00 -1.336746053591830741e+00
-1.193905656967229723e+00 -9.439419723778399440e-01 -1.005099032928947755e+00 -1.169641855972709088e+00
-1.143767937241781274e+00 -7.672482728620322323e-01 -1.041540006698510323e+00 -1.157081519879327169e+00
-1.084749634399947427e+00 -7.021306634781030453e-01 -1.173352433132510697e+00 -1.121295596791464622e+00
-9.770337623682994188e-01 -8.037685407414745242e-01 -4.601167784615637579e+00 -9.973640753937886849e-01
0.000000000000000000e+00 0.000000000000000000e+00 0.000000000000000000e+00 0.000000000000000000e+00
-1.954763468128270620e+00 -1.944139283255284845e+00 -1.943786668769491577e+00 -1.957646025690618963e+00
-1.924500954219277915e+00 -1.925302116779490813e+00 -2.190169493386334043e+00 -2.049231966441323216e+00
-1.846758340491436723e+00 -1.835828698857608021e+00 -1.841535429783149880e+00 -4.845484228086837319e+00
-2.015180585876584551e+00 -1.806842138627252403e+00 -1.807730443331207137e+00 -2.087199632914640723e+00
-1.816807889088501327e+00 -1.762266659527126134e+00 -1.728248401291711200e+00 -1.775975227636187537e+00
-1.727927292139542104e+00 -1.744097691432889619e+00 -1.617042215489434165e+00 -1.764626778705051580e+00
-1.707508419206198003e+00 -1.666919714338383152e+00 -1.500188065384119307e+00 -1.670827263929645312e+00
-1.623462393256126068e+00 -1.603962693607550172e+00 -1.348498646172781257e+00 -1.592868166369835858e+00
-1.576298803577046659e+00 -1.578607794049334823e+00 -1.160143681821947270e+00 -1.524462504248507155e+00
-1.456779291768692142e+00 -1.294266621922786076e+00 -1.064945163603216116e+00 -1.387840807878790939e+00
-1.266988267548532443e+00 -1.175551533372062751e+00 -9.390776500560191753e-01 -1.279490685183288790e+00
-1.042399553972812809e+00 -8.716935006138100128e-01 -8.008899382251574162e-01 -1.088017222517477123e+00
-9.196232274798628037e-01 -6.256421660645585803e-01 -7.697668882479706820e-01 -9.364424427714362897e-01
-8.748738756945571016e-01 -6.011536791858524964e-01 -7.299981549677208026e-01 -1.030394163141102437e+00
-8.423309966004491889e-01 -5.163410463399089601e-01 -9.963682457315179430e-01 -1.146005891275039934e+00
-7.657134381673765811e-01 -5.260269839389712931e-01 -8.345774514331167904e-01 -4.073489905574079195e+00
-1.913734083637076422e+00 -1.912285645464485428e+00 -1.906846964337081562e+00 -1.902343972565599062e+00
-1.883536927654237747e+00 -1.885918274978592768e+00 -1.884840425422262156e+00 -1.891574264213746526e+00
-1.853466309905468679e+00 -1.846164480738555325e+00 -1.845460115149023972e+00 -2.133337157767047465e+00
-1.809554932585832665e+00 -1.807646785002269718e+00 -1.810689832558735057e+00 -1.813995361924756633e+00
-1.770326059723512646e+00 -1.763134551245423953e+00 -1.765099270818225818e+00 -1.762764629005121542e+00
-1.723120752329444061e+00 -1.720236762264559349e+00 -1.713372635464792682e+00 -1.716776466760445929e+00
-1.672661567650141290e+00 -1.665136526210553525e+00 -1.657673567947784088e+00 -1.645165495451401894e+00
-1.584882974608726736e+00 -1.775268703616247334e+00 -1.955412973103079821e+00 -1.517570650619304073e+00
-1.380442554582418824e+00 -4.738326183486319287e+00 -1.280391834059130041e+00 -1.368040046361895579e+00
-1.424836279150099694e+00 -1.241423114780540127e+00 -1.134201835191572361e+00 -1.272528116592594127e+00
-1.244268204610796458e+00 -1.250440179025929632e+00 -9.449004875841525708e-01 -1.219173683600902169e+00
-1.131913441494905470e+00 -1.944423173600697607e+00 -6.772901123337173868e-01 -1.062223748964088887e+00
-7.678017148367459743e-01 -6.920079391511293476e-01 -3.664845074408246139e-01 -8.291873754939126373e-01
-6.716709957077763304e-01 -8.115308224676427706e-02 -6.269489407576527285e-01 -7.249072049536166018e-01
-5.934629725737867734e-01 -4.073612144885936370e-01 -5.860070860513615365e-01 -7.503464295019325325e-01
-5.872082405066868516e-01 -3.389474300030485554e-01 -5.835862573014415355e-01 -8.336269734778128937e-01
-1.893787767086364537e+00 -1.886023980939607547e+00 -1.889497117387876512e+00 -1.890500890352048158e+00
-1.876675381131416964e+00 -1.865938265344546432e+00 -1.864023074010081382e+00 -1.870482798388168666e+00
-1.823580413477203566e+00 -1.962600948433551151e+00 -1.826907217412326867e+00 -1.831117600634447840e+00
-1.800533265750080991e+00 -1.839912866430721605e+00 -1.794187749895151063e+00 -1.797180762240806917e+00
-1.764402092388290821e+00 -1.762224601306261906e+00 -1.757977830797484708e+00 -1.756505115436666431e+00
-1.729165938170676320e+00 -1.723272688758619831e+00 -1.724398205450370813e+00 -1.730213109534278315e+00
-1.696237016774135187e+00 -1.696684816644894678e+00 -1.773262966305848787e+00 -1.694700628211826432e+00
-1.593193468136325786e+00 -1.615432509173094999e+00 -4.845484228086837319e+00 -1.593355542824595572e+00
0.000000000000000000e+00 0.000000000000000000e+00 0.000000000000000000e+00 0.000000000000000000e+00
-4.392116727047153724e+00 -1.192183249053847538e+00 -1.190637173147955030e+00 -1.197667436806743479e+00
-1.214473249379077746e+00 -1.255018400062972050e+00 -1.033804438445576679e+00 -1.206471649268221036e+00
-9.515198353004558074e-01 -4.709251314984799208e+00 -6.485604623708268734e-01 -9.298707077017350775e-01
-9.123050742561896742e-01 -9.512418396073459848e-01 -5.271032680475983279e-01 -7.472455204976907739e-01
-6.156125709636153243e-01 -6.589871522623502731e-01 1.952473149380603845e-01 -5.822781602313851224e-01
-5.248960125057194892e-01 -5.845049497035665897e-01 4.399163999096067368e-01 -6.191052661683752456e-01
-4.284270298326445792e-01 6.559725673747225372e-01 -4.394800006061204689e-01 -5.744174177573905249e-01
-1.880736003830428382e+00 -1.873322229163014496e+00 -1.868981310171474508e+00 -1.874328878274527321e+00
-1.867514435164574493e+00 -2.038884822545722564e+00 -1.947560163878567785e+00 -1.861990410032701160e+00
-1.719335377021247391e+00 -4.917883983658696501e+00 -1.697310551911990650e+00 -1.728785461025712955e+00
-2.293658029331566706e+00 -1.794821922114641533e+00 -1.760296800224014691e+00 -1.761545954987018936e+00
-1.743509563385311045e+00 -1.740753829504473771e+00 -1.748340113924877759e+00 -1.747721581340236030e+00
-1.721010114800247681e+00 -1.727678526285030491e+00 -1.724700806353715254e+00 -1.719824032267379010e+00
-1.693273703791700946e+00 -1.739669352678121061e+00 -1.745197424165323197e+00 -1.690856022455123897e+00
-1.623855779279126832e+00 -1.828397505777106025e+00 -2.405821846110734796e+00 -1.626957647926305039e+00
-1.219509481796882344e+00 -4.249526823515004104e+00 -1.238256720343595241e+00 -3.587852317594999896e+00
-1.269231494616906319e+00 -1.396354087152509971e+00 -1.404398625885428853e+00 -1.543666181076977395e+00
-9.358163915905869379e-01 -8.835868868754525041e-01 -4.452905054342438440e+00 -9.601210471661096868e-01
0.000000000000000000e+00 0.000000000000000000e+00 0.000000000000000000e+00 0.000000000000000000e+00
-4.249526823515004104e+00 -4.039692621300463582e-01 -5.193339380639789837e-01 -6.294459026905055987e-01
-8.600597520321071610e-01 -5.884729433027751089e-01 -1.442233187953673390e+00 -4.778459448729875936e-01
-6.750716413712830599e-01 -4.926095585292826762e+00 -3.702700536901998296e-02 -3.545908823879518890e-01
-5.686733810916380083e-01 8.879160132426726637e-01 -3.280626976231085234e-02 -3.898577734091904778e-01
-1.857277258153467114e+00 -1.846282135462195440e+00 -1.885403493411073050e+00 -1.849772192630474876e+00
-1.759253219834831627e+00 -1.749576810823459949e+00 -4.809239787761526941e+00 -1.747601335152667135e+00
0.000000000000000000e+00 0.000000000000000000e+00 0.000000000000000000e+00 0.000000000000000000e+00
-4.828315808985374602e+00 -1.580223480738402575e+00 -1.597514207828174770e+00 -1.581159993672224262e+00
-1.767892359402720270e+00 -1.728210198628217231e+00 -1.729792035797734773e+00 -1.729200196311892368e+00
-1.723891186560471134e+00 -1.724070913735680666e+00 -1.719394844266654454e+00 -1.721323002549803638e+00
-1.706412633702526049e+00 -1.699656155449165595e+00 -2.058067109063373312e+00 -1.704035098893449396e+00
-1.567224252937936546e+00 -1.545760239540784786e+00 -4.845484228086837319e+00 -1.550139526174421745e+00
0.000000000000000000e+00 0.000000000000000000e+00 0.000000000000000000e+00 0.000000000000000000e+00
-4.073489905574079195e+00 -8.770425874601939231e-01 -8.036240767319953182e-01 -8.793965062585991088e-01
-9.281546151732329442e-01 -3.062897555000000160e+00 -4.715421261022764154e-01 -1.226154972228830298e+00
-4.500759564960508663e-01 -4.375873545529992970e-01 -3.288220976009809116e-01 -3.062897555000000160e+00
-5.303950182605819963e-01 -3.429870451445840573e-01 -4.211258267804482980e-01 -7.753138532325596355e-01
-3.177527421424318210e-01 -2.574294771446747343e-01 -3.587852317594999896e+00 -3.710885274755930108e-01
0.000000000000000000e+00 0.000000000000000000e+00 0.000000000000000000e+00 0.000000000000000000e+00
-4.999962491382119012e+00 9.999999999999995559e-01 5.911830319994362259e-01 2.755371637511501437e-03
-1.823846829726402774e+00 -1.816492550558825414e+00 -1.810537318069294521e+00 -1.823761517690391187e+00
-1.784847245767992918e+00 -1.767447625142621659e+00 -1.728238049290925060e+00 -1.767067575537690338e+00
-1.551624649981913517e+00 -1.853229405971705379e+00 -1.573619349523870170e+00 -4.676945905538666182e+00
-1.805259126207977127e+00 -1.736596784211258626e+00 -1.725744936717329203e+00 -1.938241282119003817e+00
-1.716998343916665171e+00 -1.720416137908619136e+00 -1.721461018932620712e+00 -1.724869092038499252e+00
-1.720157251891487604e+00 -1.714943862451119738e+00 -1.721682525277413944e+00 -1.715284493845067537e+00
-1.711417171364832734e+00 -1.709878341156841897e+00 -1.714282882288656218e+00 -1.747415947257398683e+00
-1.694877323767812083e+00 -1.727910533101214785e+00 -1.893997817655502347e+00 -1.830506775203291969e+00
-1.381329660497673473e+00 -1.668937471346569223e+00 -1.312747107073017894e+00 -4.452905054342438440e+00
-9.839505614311508941e-01 -9.583034107448906713e-01 -3.729067085835499729e+00 -9.211494327826290629e-01
0.000000000000000000e+00 0.000000000000000000e+00 0.000000000000000000e+00 0.000000000000000000e+00
-2.342795000000000183e+00 -4.087223251236795640e-01 -3.181929320923427840e-01 -3.766066561079096653e-01
-3.233075959497508922e-01 -3.219491741890700975e-01 -1.908811402860866591e-01 -3.459736643912705301e-01
-3.033287198797184336e-01 -3.100748811750517198e-01 3.648208819072967235e-01 -5.430563158355719011e-01
-2.859897324182344297e-02 6.175240828089885448e-02 9.929303495098489307e-01 -3.256607799500000233e+00
0.000000000000000000e+00 0.000000000000000000e+00 0.000000000000000000e+00 0.000000000000000000e+00
