1.233461184392888599e-01 2.177892581118571758e-01 2.352963208972770892e-01 1.233427819180315244e-01
1.231461954778129975e-01 -5.000000000000000000e+00 3.529558873981882838e-01 2.352060659409994925e-01
2.352326135419804953e-01 4.767979538171328024e-01 1.837693867685394333e-01 3.525337044077976323e-01
3.075835733991749144e-01 -4.999999999418869301e+00 5.347854375721951270e-02 -1.002130294266373456e-02
2.177548172669927506e-01 3.345150109140376804e-01 -5.000000000000000000e+00 1.233340864739322085e-01
0.000000000000000000e+00 0.000000000000000000e+00 0.000000000000000000e+00 0.000000000000000000e+00
-4.998906500000000364e+00 6.071653665594999305e-01 -4.999970475499999623e+00 2.848304127153546417e-01
0.000000000000000000e+00 0.000000000000000000e+00 0.000000000000000000e+00 0.000000000000000000e+00
3.337960199085610036e-01 -4.999999999947698726e+00 4.575619796953509510e-01 2.171212984468280371e-01
3.327957877551460109e-01 2.010586792597073569e-01 5.871608722000000169e-01 -4.998906500000000364e+00
4.298361831084999696e-01 7.537998999999999672e-01 -4.959500000000000242e+00 4.145003893392249505e-01
0.000000000000000000e+00 0.000000000000000000e+00 0.000000000000000000e+00 0.000000000000000000e+00
0.000000000000000000e+00 0.000000000000000000e+00 0.000000000000000000e+00 0.000000000000000000e+00
-4.549999999999999822e+00 -9.099999999999999756e-02 0.000000000000000000e+00 4.338372976293999872e-01
-9.729999999999999760e-02 6.893949999999999800e-01 9.729999999999999760e-01 0.000000000000000000e+00
0.000000000000000000e+00 0.000000000000000000e+00 0.000000000000000000e+00 0.000000000000000000e+00
