-1.029407742686782479e+00 -9.783239399045760010e-01 -9.783239394837550673e-01 -1.029407742603424936e+00
-1.029407742770263923e+00 -9.245515154840160399e-01 -9.245515151408026933e-01 -9.783239394116424181e-01
-9.783239394503518982e-01 -8.679489632939736410e-01 -8.679489636356335636e-01 -9.245515152412034920e-01
-9.245515159336172850e-01 -8.083673299802914824e-01 -8.083673553477361828e-01 -8.679499354778255071e-01
-8.679490981045627773e-01 -7.456497913031422398e-01 -7.456577790160547892e-01 -8.083673836565751225e-01
-8.083674032511400931e-01 -6.796395675797447522e-01 -5.000000000000000000e+00 -7.456598496208644011e-01
0.000000000000000000e+00 0.000000000000000000e+00 0.000000000000000000e+00 0.000000000000000000e+00
-5.000000000000000000e+00 -5.370769238512504984e-01 -5.843865680915623084e-01 -6.102236602775585883e-01
-6.124152726707516869e-01 -4.600456864015802783e-01 -4.915232743270775417e-01 -5.472832406411891615e-01
-5.589968737802198939e-01 -3.793868472299185557e-01 -3.801192708734433268e-01 -4.674771030990055865e-01
-4.640436018921560435e-01 -2.936210770564788852e-01 -2.939985087643110506e-01 -3.803252249897827175e-01
-3.791076814543717366e-01 -2.038337703024934722e-01 -2.961266619384517740e-01 -2.944187803881042065e-01
-9.783239402979890809e-01 -9.245515193104371088e-01 -9.245515153845198508e-01 -1.029407742810683146e+00
-9.783239403617570717e-01 -8.679489636600611346e-01 -8.679489633330073062e-01 -9.783239398624048455e-01
-9.245515156746848540e-01 -8.083673297665386892e-01 -8.083673298463956991e-01 -9.245515151366850981e-01
-8.679489651077560985e-01 -7.456498207870373429e-01 -7.456498072434235569e-01 -8.679489779770169777e-01
-8.083681414728070003e-01 -6.796313450755566699e-01 -6.796391695765262586e-01 -8.083673407508742415e-01
-7.456506826112918596e-01 -6.101572049763758221e-01 -6.101459165205544988e-01 -7.456582302007734864e-01
-6.796454820270602104e-01 -5.370320490067043151e-01 -5.369907190423213184e-01 -5.000000000000000000e+00
-6.101601098897140307e-01 -4.599923101588522245e-01 -4.599852328164618642e-01 -6.102899058672177635e-01
-5.369892764157304654e-01 -3.789349903882975878e-01 -3.789241785932603301e-01 -5.370861321186901627e-01
-4.599860750701313394e-01 -2.937562663958362963e-01 -2.936002137325297023e-01 -4.666402707580938891e-01
-3.789846783299560817e-01 -2.037894399475033980e-01 -2.041556246786167261e-01 -3.790084490111771953e-01
-2.936013589768038390e-01 -1.092664075174753779e-01 -2.038062491991914360e-01 -2.938291199548174748e-01
-9.245515365148524456e-01 -8.777613570959164058e-01 -8.679489640324506983e-01 -9.783239407945649724e-01
-9.245515162838250367e-01 -8.187218909283285884e-01 -8.083673298682076958e-01 -9.245515155826715681e-01
-8.679489633893243683e-01 -7.565179263548501565e-01 -7.456498207996625771e-01 -8.679489636078515646e-01
-8.083673300918596816e-01 -8.083681092644108279e-01 -6.796313447652269080e-01 -8.083673782595689472e-01
-7.456498878469439706e-01 -5.000000000000000000e+00 -6.101380595945411489e-01 -7.456504310818340420e-01
-6.796342973040765401e-01 -5.000000000000000000e+00 -5.369873510541365302e-01 -6.796387866889621598e-01
-6.101408813284205923e-01 -4.600454735720461708e-01 -4.599865680815459212e-01 -6.101466669561527167e-01
-5.369885264194697028e-01 -3.789508886950842537e-01 -3.789330692581991400e-01 -5.369921393932696185e-01
-4.599866429195239026e-01 -2.936136244735406131e-01 -2.936291008436157091e-01 -4.600075738967298600e-01
-3.789510197883680931e-01 -2.037925091192780980e-01 -2.038285978780285113e-01 -3.790996465824310602e-01
-2.936383464208841554e-01 -1.092519627287395212e-01 -1.092528658295809640e-01 -2.936022061267393735e-01
-2.037911350890352080e-01 -9.739497306188003509e-03 -1.092570457913155518e-01 -2.038146364829408475e-01
-8.780257623611193996e-01 -8.182886588930057270e-01 -8.187329478959276541e-01 -9.245516238715437707e-01
-8.777936935355526993e-01 -7.565208251418800156e-01 -7.565285900587448431e-01 -8.679489680514984595e-01
-8.187800315089603931e-01 -6.910671720819693276e-01 -8.083676000343016366e-01 -8.083675536803091033e-01
-7.566930518561355568e-01 -5.000000000000000000e+00 -5.000000000000000000e+00 -7.456499053428697898e-01
0.000000000000000000e+00 0.000000000000000000e+00 0.000000000000000000e+00 0.000000000000000000e+00
0.000000000000000000e+00 0.000000000000000000e+00 0.000000000000000000e+00 0.000000000000000000e+00
-5.000000000000000000e+00 -3.789870819255128365e-01 -3.792120169895188964e-01 -5.370348046549279220e-01
-4.601797682990746985e-01 -2.936467264519359022e-01 -2.936176164689784374e-01 -4.600925241408551081e-01
-3.789501128259398777e-01 -2.038163033535727586e-01 -2.037947081444883846e-01 -3.789510437497937700e-01
-2.936699075478108045e-01 -1.092637390020789190e-01 -1.092537414619332570e-01 -2.939201040394761599e-01
-2.038231023003858611e-01 -9.738856670477620200e-03 -9.740663289415713716e-03 -2.037899351837493545e-01
-1.092534589300562797e-01 9.501141658281925251e-02 -9.742543413695828672e-03 -1.092528620421980845e-01
-8.182916476275066131e-01 -7.557338716168261472e-01 -7.559130370654137954e-01 -8.777632671572336287e-01
-8.183776458229596873e-01 -6.901642150744857762e-01 -6.910641102733332541e-01 -8.189314496808569599e-01
-7.565620159383470433e-01 -6.211915897339472803e-01 -5.000000000000000000e+00 -7.565791828206644976e-01
0.000000000000000000e+00 0.000000000000000000e+00 0.000000000000000000e+00 0.000000000000000000e+00
-4.999997342794999966e+00 -5.140506132287004926e-01 -4.650918884304267586e-01 -4.999999999418869301e+00
-5.499290382511732300e-01 -4.330124401702110659e-01 -3.797524587165317933e-01 -4.999999993542991739e+00
-4.630373928197275557e-01 -3.111189532644937916e-01 -2.936593872657137783e-01 -4.601029738238199274e-01
-3.809271634862013145e-01 -2.041756363175739053e-01 -2.038042462384381248e-01 -3.810623658224415733e-01
-2.937378681078648412e-01 -1.092695549653280862e-01 -1.092527037066623186e-01 -2.936214174060403082e-01
-2.037905992940452493e-01 -9.739148331498751615e-03 -9.739644450373587808e-03 -2.037937224389533841e-01
-1.092522819038145021e-01 9.501184949656937828e-02 9.500927469639884604e-02 -1.092542144191357700e-01
-9.741737585768749791e-03 2.052755972181842525e-01 9.501179000691580001e-02 -1.003705438794348474e-02
-7.557705079989709418e-01 -7.702586069477782571e-01 -6.898642272811038589e-01 -8.188975664416141553e-01
-7.555425565825344414e-01 -5.000000000000000000e+00 -6.207806396846275998e-01 -7.568007168628407833e-01
-6.898025495451652889e-01 -5.494718175873375410e-01 -5.481805961303010122e-01 -6.910708409073664793e-01
-6.271300493565800105e-01 -4.715994287005835783e-01 -5.007037719653334440e-01 -5.000000000000000000e+00
-5.828103446872466842e-01 -4.236280731884225492e-01 -4.209014154250415030e-01 -5.477082674922169048e-01
-5.064952410594818488e-01 -3.088144989228321924e-01 -3.367213103322110879e-01 -4.795870019748424973e-01
-4.613716455529307536e-01 -2.350465422946220462e-01 -2.057862933802625804e-01 -3.796330791836318719e-01
-3.053345570278450105e-01 -1.141703961099700404e-01 -1.093411353412411108e-01 -2.957517289446100484e-01
-2.057911955110905688e-01 -1.100797630258855582e-02 -9.738918959375128873e-03 -2.038582111024512811e-01
-1.092619955083120736e-01 9.501185541060325201e-02 9.501159133285583258e-02 -1.092524091566230010e-01
-9.738799282412547581e-03 2.052756629791915310e-01 2.052756560954507592e-01 -9.739870669919331245e-03
9.501187131841366817e-02 3.213428063262864232e-01 2.052756044233969568e-01 9.501097060974159070e-02
-7.577868204265250096e-01 -7.079248043497277099e-01 -5.000000000000000000e+00 -7.680724186216373317e-01
0.000000000000000000e+00 0.000000000000000000e+00 0.000000000000000000e+00 0.000000000000000000e+00
-5.000000000000000000e+00 -5.426898244144495731e-01 -4.730461404155292260e-01 -6.214220346357247626e-01
-5.499288751529430863e-01 -4.377934412818815790e-01 -3.911294621189367327e-01 -5.660934529824592776e-01
-5.718273565177277584e-01 -4.291275201217691349e-01 -3.028405801356898741e-01 -5.132691436492771153e-01
-4.988315579723213711e-01 -4.999999999418869301e+00 -2.119714163787949079e-01 -4.099340611889500385e-01
-3.169398151616829584e-01 -2.634253138266274274e-01 -1.159313584731758717e-01 -3.012198108760772985e-01
-2.310821239502940661e-01 -4.999999999984309440e+00 -1.101936974293727181e-02 -2.116329485957684220e-01
-1.158589208606735366e-01 9.493576884877111266e-02 9.500639803953254969e-02 -1.098295489602798686e-01
-9.804927165323284316e-03 2.052749149301214271e-01 2.052756646255113060e-01 -9.742618397990334897e-03
9.501178754501189705e-02 3.213427555533226454e-01 3.213428078954247424e-01 9.500678103976141486e-02
2.052756637264195883e-01 4.435187471434846040e-01 3.213428089469811400e-01 2.052756291241427389e-01
-7.076180317797032826e-01 -5.000000000000000000e+00 -6.464935121508864624e-01 -7.577742085542443773e-01
-7.075880042014537352e-01 -5.781647970417564952e-01 -5.766130342360151761e-01 -5.000000000000000000e+00
-6.220405009399897489e-01 -4.633422453681071418e-01 -4.620388640755895837e-01 -5.642030018484078813e-01
-5.583020084034351349e-01 -3.547514299283653361e-01 -4.040996773955292110e-01 -4.744723416901383550e-01
-4.891079393838719813e-01 -3.176085536243823393e-01 -4.999999999999576339e+00 -5.067925155531315395e-01
0.000000000000000000e+00 0.000000000000000000e+00 0.000000000000000000e+00 0.000000000000000000e+00
-4.998906500000000364e+00 -1.101088612994227389e-01 -4.999901584999999926e+00 -3.513716321042816837e-01
0.000000000000000000e+00 0.000000000000000000e+00 0.000000000000000000e+00 0.000000000000000000e+00
-4.999997342794999966e+00 2.043376496448723878e-01 2.052387999714016809e-01 -9.885352078329230283e-03
9.497179093089148927e-02 3.213125556105407843e-01 3.213422589441160548e-01 9.495037011753215683e-02
2.052595968401451643e-01 4.435082299573249731e-01 4.435187361294665731e-01 2.052755099342137568e-01
3.213417666657927274e-01 5.721249972480378920e-01 4.435187376511030566e-01 3.213428075809854345e-01
0.000000000000000000e+00 0.000000000000000000e+00 0.000000000000000000e+00 0.000000000000000000e+00
-4.999999978476639129e+00 -5.211336519866625050e-01 -5.043520121037516901e-01 -6.380852613338132695e-01
-5.771770582434364583e-01 -4.455830598548778387e-01 -3.780417478489020433e-01 -5.554567197802615652e-01
-4.936467008946606172e-01 -2.770831634772043528e-01 -2.624483278240521966e-01 -4.572630706412733614e-01
-3.609086117405583272e-01 -1.705261810638148690e-01 -1.851951898455730383e-01 -4.282204312511530553e-01
-3.425583394955405980e-01 -6.320305009936666440e-02 -1.668171990378048697e-01 -4.999901584999999926e+00
-2.559882815392194311e-01 -9.700782642921418342e-02 1.409126226736943932e-02 -2.335146281152915837e-01
-1.630943502329725570e-01 -3.987453069613469681e-03 1.900222625198013937e-01 -4.987849999999999895e+00
-7.748455744944737766e-02 3.213013125568579542e-01 3.212684898639196485e-01 8.860030316831923880e-02
2.050734760203262730e-01 4.434893975016960255e-01 4.435144238337848654e-01 2.052644264869331325e-01
3.213321405257082430e-01 5.721246461105619074e-01 5.721249949592991380e-01 3.199325890436594544e-01
4.435187242601089097e-01 7.074999971259550158e-01 5.721249231372639299e-01 4.435187391567602666e-01
-5.411823648986314739e-01 -5.541276088123660015e-01 -5.112057599116075490e-01 -4.999901584999999926e+00
-5.622739421753972788e-01 -4.738707740552789427e-01 -4.458791065783085372e-01 -5.533305588815644604e-01
-5.211860588865082633e-01 -4.030563043420520852e-01 -3.166750167309073660e-01 -4.938241642493216843e-01
-4.020741239752575469e-01 -3.199408395943827421e-01 -1.694011189838345588e-01 -3.722087663020646753e-01
-2.626307411587701646e-01 -1.397646501431591415e-01 -5.802573553407192747e-02 -2.861373890241258877e-01
-1.884744105136439418e-01 1.924474034178723370e-02 4.920497211798899317e-02 -2.152667700634322556e-01
-1.668813716023068439e-01 1.489062727144846443e-01 1.902088195026290507e-01 -1.616078599256987602e-01
3.104585265390535920e-02 2.569757224944874685e-01 3.193935394450015952e-01 3.598102767094572829e-02
1.994328119625393136e-01 4.391958447662533960e-01 4.435126196009278043e-01 2.022184397845084303e-01
3.209952169356430907e-01 5.720333192859461402e-01 5.721244987962441630e-01 3.210563067974497309e-01
4.434960465934495444e-01 7.074979787161802536e-01 7.074999977932903139e-01 4.434886922181486280e-01
5.721249540317455695e-01 8.499999999150358310e-01 7.074999996046914541e-01 5.721249513110857610e-01
-5.536734734426115301e-01 -5.555793318301017747e-01 -4.826241793003251956e-01 -5.810772444986734842e-01
-5.551969026346620373e-01 -4.738728733672656346e-01 -4.030593299260548656e-01 -5.165144692696467255e-01
-4.827367858971347014e-01 -4.407633835672777889e-01 -3.190683473427414762e-01 -4.454330684790230310e-01
-4.024152880039489899e-01 -3.555417369429261232e-01 -1.261106329889437050e-01 -3.571385000594977099e-01
-2.662606439684699899e-01 -2.744749111197525293e-01 -1.660488835729272139e-02 -1.585731308953892971e-01
-1.428334035414763337e-01 -1.684848996424648526e-01 1.676947413896203443e-01 -1.048045570904745649e-01
-1.615594879048901367e-01 -6.557619459761655778e-02 3.121337192739800370e-01 4.615809447979113411e-02
3.162297183772393855e-02 4.055033888766952366e-01 4.389605718002166923e-01 1.593034904093885151e-01
2.885657995096737038e-01 3.214860434801033451e-01 5.717737915619286460e-01 3.212668124450692719e-01
4.396995008410994332e-01 7.059330060349037206e-01 7.074965776127681849e-01 4.426274538154434945e-01
5.709580089390079438e-01 8.483322091276259691e-01 8.499999982388179998e-01 5.719929714300007184e-01
7.074670094404943432e-01 9.999999999968618436e-01 8.472665160032553100e-01 7.074949571367333823e-01
-5.604369888111315756e-01 -5.923681387661007269e-01 -5.206216336409476009e-01 -5.462743558120759513e-01
-5.861704520924654327e-01 -5.158173631798717018e-01 -4.434367370300238420e-01 -4.794359399115266096e-01
-4.393147443165102972e-01 -4.475856102700715433e-01 -3.558329601608078985e-01 -4.026186034178356188e-01
-4.388607059281373624e-01 -3.576027847011156724e-01 -2.607764442830294849e-01 -3.206505684799603184e-01
-3.622876445741915474e-01 -2.657573486580775968e-01 -1.080083284693750534e-01 -2.334097689442329038e-01
-2.808961218498218226e-01 -1.757974792547246368e-01 -6.575313159525214557e-02 1.768035657030005148e-02
-1.687451286137713058e-01 -6.586596471962685717e-02 2.917203884048638063e-01 3.658511740362370424e-02
-7.311081950801193163e-02 3.500291155129695575e-01 5.667153663846979939e-01 5.571077786076955585e-02
1.949505408409070717e-01 5.122877075984133555e-01 7.061756910321638214e-01 4.343396500312426411e-01
5.423099161927898981e-01 7.064281332880164577e-01 8.497872034448741285e-01 5.701401133973712509e-01
6.957994654124238787e-01 8.487468125499999516e-01 9.999343899999999508e-01 7.070617304198890674e-01
0.000000000000000000e+00 0.000000000000000000e+00 0.000000000000000000e+00 0.000000000000000000e+00
