5.738028698784323339e-02 7.092876698054743911e-02 7.081366263938236594e-02 5.735170356377517625e-02
5.728118362560441490e-02 8.517723865932019800e-02 8.487527918750296940e-02 7.052014261369608794e-02
6.960147685337243761e-02 1.001525741097970129e-01 1.000946199106496487e-01 8.476392943534830082e-02
8.343710739262510945e-02 1.159628228033686009e-01 1.133271906478767327e-01 9.980362387152603987e-02
9.897775000767861098e-02 1.317881523996633497e-01 1.175933679131245940e-01 1.066527224853006522e-01
7.628090814029436784e-02 1.398851748891126456e-01 -5.000000000000000000e+00 1.088326056013484006e-01
0.000000000000000000e+00 0.000000000000000000e+00 0.000000000000000000e+00 0.000000000000000000e+00
-5.000000000000000000e+00 -1.014515926343572128e-01 -1.069246827311861880e-01 -1.071328895243389284e-01
-1.098333185384229443e-01 -1.029981936985759905e-01 -1.023059020434220479e-01 -1.050014141293112296e-01
-1.009417099316344407e-01 -9.794637356677800277e-02 -9.735839524087606944e-02 -9.905417011110484449e-02
-1.021270750506681479e-01 -9.268119474689924531e-02 -9.197408534943209146e-02 -9.725267368117189448e-02
-9.202948351519099623e-02 -8.702650555270753652e-02 -8.868595170042793685e-02 -9.077248796704802392e-02
-8.875772711745771870e-02 -8.438651365609564636e-02 -8.521102765441930516e-02 -8.361638880303227939e-02
-8.793430837226078045e-02 -7.954617070638073106e-02 -8.054989997747097341e-02 -8.454724174307988449e-02
-8.165356292848457986e-02 -7.622347002054159770e-02 -7.667333562776905420e-02 -7.759221543900247930e-02
-7.800374815883022450e-02 -7.820963804722136370e-02 -7.903507204866778990e-02 -7.752642979003501744e-02
7.092815924467163469e-02 8.518647226440499709e-02 8.518948122320156580e-02 5.738157480252427389e-02
7.092858131101587027e-02 1.001941977084606222e-01 1.002218965531612715e-01 7.086303503580002050e-02
8.518319178554971394e-02 1.160329149338034382e-01 1.159855948494812328e-01 8.504200347073720412e-02
1.001690945953562090e-01 1.326270368570532932e-01 1.324723817159620953e-01 1.001491604803579627e-01
1.155147580804711527e-01 1.501284980491147114e-01 1.438858044612766618e-01 1.126268627399612393e-01
1.207388381336271244e-01 1.678138405406781331e-01 1.400391394111134558e-01 1.160197608565304711e-01
8.056445325257920176e-02 1.619314814235212341e-01 1.058503600369097436e-01 -5.000000000000000000e+00
5.703345348862459696e-02 1.296593235943803157e-01 3.100328636946563486e-03 -1.071614012812324157e-01
1.689121835582060860e-02 -5.000000000000000000e+00 -9.801530147280511363e-02 -1.067887751894340403e-01
-1.026179656927264788e-01 -5.000000000000000000e+00 -9.269933105168796927e-02 -9.850723681579383328e-02
-9.795358906303770763e-02 -8.728011724360557055e-02 -8.706113511570104380e-02 -9.727355580536610480e-02
-9.206434446825913220e-02 -8.541771119204613627e-02 -8.111954097539134101e-02 -9.047409965763085482e-02
-8.150095595612162624e-02 -7.867887816052306083e-02 -8.131734491646458451e-02 -8.363213457537735374e-02
-8.317335660565175481e-02 -7.719501311642573693e-02 -7.583291435336350639e-02 -8.340670662325318230e-02
-8.194983237207514870e-02 -7.204082983539894514e-02 -7.890732498748821711e-02 -7.574010673031653096e-02
-7.799215973267975555e-02 -7.263632450368820437e-02 -7.337973311077468364e-02 -7.834616756581255781e-02
8.517964486432329230e-02 1.001160945227718285e-01 1.001987028654000023e-01 7.091988069785420956e-02
8.517662066577806612e-02 1.159509479454922387e-01 1.160009882860946751e-01 8.518293919961199279e-02
1.001883700624016521e-01 1.326941634402216130e-01 1.326316477233534241e-01 1.001835621130666709e-01
1.159607756168826304e-01 -5.000000000000000000e+00 1.501414877212445542e-01 1.159687563109659952e-01
1.326116057173609697e-01 1.685745686978677715e-01 1.682555185665494668e-01 1.325980029750800648e-01
1.474204691234900499e-01 1.879699409489413164e-01 1.771792381634001712e-01 1.425661701967126938e-01
1.420250865765677051e-01 1.978527825265402607e-01 1.502852086848895929e-01 1.394864174715714222e-01
1.696165359630766034e-01 9.898038180947683895e-02 -5.000000000000000000e+00 9.952101266117061029e-02
0.000000000000000000e+00 0.000000000000000000e+00 0.000000000000000000e+00 0.000000000000000000e+00
0.000000000000000000e+00 0.000000000000000000e+00 0.000000000000000000e+00 0.000000000000000000e+00
-5.000000000000000000e+00 -8.412945264011267854e-02 -8.450976977782183319e-02 -9.157397369490367922e-02
-8.733581540868506909e-02 -8.248204345904948387e-02 -8.118801557022539694e-02 -8.637755612164611796e-02
-8.331728910734584326e-02 -7.769341131547627399e-02 -7.606416142225276567e-02 -7.826474016809836787e-02
-7.533043701550710958e-02 -7.226286982884252974e-02 -7.162176527851088492e-02 -8.115193110105947683e-02
-7.780456685081341139e-02 -6.802651602267917319e-02 -6.564590248429456876e-02 -7.762549125533314831e-02
-7.234831148877676754e-02 -7.421747471736039881e-02 -7.629598126554101856e-02 -7.335624042703146885e-02
9.901646817606878093e-02 1.125880355763431706e-01 1.159588490366479235e-01 8.498991500738088678e-02
9.686061528806523546e-02 1.326388438441774842e-01 1.288131344326273742e-01 1.000951141997816624e-01
1.156691215343298579e-01 1.502104582947521583e-01 -5.000000000000000000e+00 1.159100368858804464e-01
0.000000000000000000e+00 0.000000000000000000e+00 0.000000000000000000e+00 0.000000000000000000e+00
-5.000000000000000000e+00 1.879740247020835198e-01 1.865406576204749201e-01 1.501161038704521000e-01
1.671946475021118261e-01 2.085183755898606661e-01 1.972491453028500374e-01 1.604107762567379691e-01
1.824249221585825531e-01 2.290618075088261540e-01 1.707043162285297178e-01 1.725230823769997035e-01
2.032807183873355239e-01 1.396051508297096455e-01 9.088721567183363770e-02 1.405125668536569006e-01
1.570341059837999653e-01 -9.482074400186608909e-02 -9.056480658617392654e-02 -5.000000000000000000e+00
-9.533616054450255728e-02 -5.000000000000000000e+00 -8.531020954024705338e-02 -5.000000000000000000e+00
-9.008822705495993233e-02 -7.938783156390441520e-02 -7.943388107787274777e-02 -8.734156677584144213e-02
-8.506271329536885251e-02 -7.731594796005021586e-02 -7.769047521103995824e-02 -8.403101046793547135e-02
-7.976120119698383581e-02 -7.379312145332253547e-02 -7.222055962263020101e-02 -7.829694109886009556e-02
-7.177857362002976194e-02 -7.219024812469124197e-02 -6.578367970955358024e-02 -7.351154193066636311e-02
-7.109979397418442204e-02 -5.531671077328322028e-02 -7.171934464609898419e-02 -7.227901819028453856e-02
-6.319150627760435068e-02 -6.935036698269746169e-02 -7.332197537562264167e-02 -7.552322022487600872e-02
1.052531494252302441e-01 1.295310756821838605e-01 1.319512956756438704e-01 9.554289118767113342e-02
1.148095407803833568e-01 1.499820822349322291e-01 1.501479271966862650e-01 1.154660275039343098e-01
1.325873402852763838e-01 1.684058862769029496e-01 1.687172575068665858e-01 1.325713691179345732e-01
1.501026556429288228e-01 1.881534218771702960e-01 1.878325470335566183e-01 -5.000000000000000000e+00
1.685895121388216178e-01 2.085475533833719974e-01 2.083590222726321717e-01 1.672781331908492486e-01
1.879420337634217786e-01 2.301003921200992230e-01 2.287839815449804748e-01 1.875440144834408795e-01
2.078524970603470579e-01 2.527417033135055391e-01 2.505447618430468038e-01 1.960281318118490823e-01
2.102634492847647862e-01 2.764413064845906431e-01 2.089662162858774708e-01 1.740088062688485704e-01
1.572141672342043384e-01 2.912720120327312312e-01 -5.000000000000000000e+00 -9.524651794501019786e-02
0.000000000000000000e+00 0.000000000000000000e+00 0.000000000000000000e+00 0.000000000000000000e+00
-4.999999998062897077e+00 -7.438158801402136588e-02 -7.412020841622526945e-02 -8.075641952093037812e-02
-7.897626705547911019e-02 -4.999999993542991739e+00 -7.407807467812836666e-02 -7.812253980204450499e-02
-7.968107569674548474e-02 -6.949072661302253817e-02 -7.240844076046894229e-02 -7.544145458757253730e-02
-6.784610887672021251e-02 -6.810437632350453685e-02 -5.657044555643059303e-02 -7.468713718423569681e-02
-6.485346801885992496e-02 -3.589828244161007154e-03 -6.500203684434478768e-02 -6.956173524280741260e-02
-6.873602033016440460e-02 -5.780450667265363274e-02 -6.920578807130561838e-02 -7.137763976816491329e-02
-1.099137274157768601e-01 -5.000000000000000000e+00 1.501175882767425140e-01 1.783227906817061448e-02
1.302373881361800489e-01 1.671958659118691348e-01 1.686517845550253580e-01 1.273155452915945007e-01
1.501906154473225119e-01 1.808737214977504670e-01 1.880622593818595811e-01 1.485543316361460364e-01
1.682741740825894339e-01 2.077423399758271394e-01 2.085866473924326558e-01 1.682020180732757275e-01
1.880051534545258973e-01 2.295281902775818117e-01 2.301055801467971340e-01 1.879770113897306083e-01
2.085519612550016388e-01 2.526672063801643775e-01 2.527437388374174643e-01 2.085598540153209557e-01
2.297262393140607761e-01 2.761156466396741394e-01 2.766021350741084128e-01 2.300099002917066204e-01
2.527213179718206248e-01 3.017141373199201948e-01 2.936618474635042664e-01 2.522343244017016817e-01
2.681712866201364509e-01 3.258772301223354373e-01 -5.000000000000000000e+00 2.350196080994833292e-01
0.000000000000000000e+00 0.000000000000000000e+00 0.000000000000000000e+00 0.000000000000000000e+00
-4.999999999984309440e+00 2.883257944264085992e-01 -4.999999202838499635e+00 -7.494108914088426499e-02
0.000000000000000000e+00 0.000000000000000000e+00 0.000000000000000000e+00 0.000000000000000000e+00
-4.999997342794999966e+00 3.484542055765170454e-02 -6.674597556680039734e-02 -7.344145874907508087e-02
-6.561577502853488397e-02 1.596984867038141465e-01 -6.337568330651301152e-02 -7.412587958724911608e-02
5.473662855051868170e-02 -3.181855633365385239e-02 -5.397875008293026577e-02 -6.655788182998892411e-02
-4.825047169133774017e-02 -4.243850602829091906e-02 -5.590548344589459789e-02 -6.841277719560263926e-02
0.000000000000000000e+00 0.000000000000000000e+00 0.000000000000000000e+00 0.000000000000000000e+00
-5.000000000000000000e+00 1.406821797497345705e-01 1.866886062659369183e-01 1.483488892496600264e-01
1.557303169787315755e-01 1.894132639214556879e-01 2.078643820592032676e-01 1.679583515646976832e-01
1.835995416368946809e-01 2.253567235653487766e-01 2.296522529421050063e-01 1.875521715871945050e-01
2.064310459452100011e-01 2.517677499056678037e-01 2.526174331211624713e-01 2.083499465710429432e-01
2.297910136608654341e-01 2.765853046032187290e-01 2.763906317533605383e-01 2.300447890235595982e-01
2.526141867836813604e-01 3.016409360731634459e-01 3.011720413120513862e-01 2.524830481288892203e-01
2.763155590881678503e-01 3.274683073311521198e-01 3.281300531486270322e-01 2.706455502953320491e-01
2.321293998137942127e-01 3.559417883616197154e-01 3.131356685644801074e-01 2.926046809517951486e-01
3.233465925822967546e-01 3.288872234512795201e-01 3.632632821687942215e-01 -5.000000000000000000e+00
3.092840710189132536e-01 4.022953103457990176e-01 2.525545940902232389e-01 2.076690455449903272e-01
2.187708368641355650e-01 3.992693313641926256e-01 3.466264495893925379e-02 -4.999999978476639129e+00
2.323317604999097785e-01 9.129141167029025672e-02 1.184342546071915636e-01 -6.946141909432232420e-02
-6.136905073094816448e-02 3.731916951751284572e-01 -2.951026743898710336e-02 -5.974942959017148780e-02
-5.768441007988864278e-02 1.490396254973565260e-01 -4.676465693814420288e-02 -4.818795888051334575e-02
-2.267537852774701573e-02 -6.204934159883566946e-02 -4.828113351359922256e-02 -6.895385680543600349e-02
-1.080216538276640020e-01 -1.073042986245616309e-01 5.599780786877337629e-02 -5.000000000000000000e+00
-4.302403924957068360e-02 -6.502658934751395781e-03 1.940126886261993588e-01 -1.136221847780056471e-01
1.417557361647034109e-01 1.035971452312465790e-01 2.176858467033025435e-01 1.826851139326154394e-01
1.922736538552844987e-01 2.388082939857237297e-01 2.488819443899479289e-01 1.960312202590273056e-01
2.104932605266538748e-01 2.517363634140902251e-01 2.765934134435079628e-01 2.238153924021779873e-01
2.495926427892607435e-01 2.943660743047669115e-01 3.017289588030477310e-01 2.526778042860636231e-01
2.760749199909964813e-01 3.281034888039190967e-01 3.281491782940712532e-01 2.760400131895320297e-01
3.011918074008445023e-01 3.559476810648039002e-01 3.559066745515298558e-01 3.014376809990814698e-01
3.223082919351721864e-01 3.852091842920945530e-01 3.851795870114871345e-01 3.272393584985456294e-01
3.556188359900949170e-01 4.160096969397649724e-01 4.135328765005966689e-01 2.895152733230329511e-01
3.313264004387206918e-01 4.480237041027791411e-01 3.201107572386459044e-01 3.271691373810075021e-01
3.908544645036154952e-01 3.738846960281896892e-01 4.705537493290219420e-01 2.809908774042503554e-02
2.428298404084534012e-01 5.129665933707071579e-01 2.142026865168528971e-01 1.667459941164098902e-01
-2.969318852610952630e-03 4.797788702497995939e-01 1.353804517058238288e-01 1.199617066386198944e-01
2.865395587111506659e-01 2.387917061139471497e-01 -2.716712809456073990e-02 -5.706921416485113974e-02
-3.534335693810904122e-03 -1.866448692903082546e-02 -5.957811293648235945e-02 -6.652527892583655345e-02
-1.075668299662113914e-01 -1.030838164691306458e-01 -6.395926125537826357e-03 -1.107493114972344650e-01
-1.073838571527833685e-01 -9.984677569941409481e-02 4.795829484610283910e-02 -1.086884303065772800e-01
-1.046299455639417564e-01 -5.000000000000000000e+00 1.295884035552409275e-01 1.889603494524814131e-01
1.208562236275286528e-01 1.709838433659262302e-01 2.677682294544493913e-01 -1.038727942455350134e-01
2.290131682775516930e-01 2.932583678989013620e-01 2.955441304416270842e-01 1.996022055182276045e-01
2.599860406023069559e-01 3.209033615164639808e-01 3.280962105548305141e-01 2.677818666137037340e-01
3.010599461623419404e-01 3.540076473233846888e-01 3.559485556506327142e-01 3.015984033205689752e-01
3.281369432918632145e-01 3.851434129890413116e-01 3.852094666867967865e-01 3.281490949296763104e-01
3.559487261172755157e-01 4.160100862513863573e-01 4.160094430429001067e-01 3.559480064560707757e-01
3.852081262238975512e-01 4.484316444633556498e-01 4.483538815446713732e-01 3.851897488597571528e-01
4.159937992486025804e-01 4.825566283779429422e-01 4.810574501576236339e-01 4.118208269219975071e-01
4.030358603014189689e-01 5.180151895636717629e-01 5.177345135147786159e-01 3.309134744338445011e-01
4.757829600777505608e-01 5.562957966584183289e-01 4.956694293074704327e-01 4.724913293779393619e-01
5.176749837833963808e-01 5.805664888643751187e-01 3.898022543323334532e-01 3.117128392384114211e-01
4.728894830832354179e-01 4.615544256047834915e-02 1.724863377808990850e-01 1.168342480373104342e-01
2.232744742842025787e-01 -4.999999760851549624e+00 9.344214480607382356e-02 -5.855638797280227764e-02
-1.011175695442636802e-01 -9.886675498552387198e-02 -9.966653781777852494e-02 -1.060088464987975071e-01
-1.010819870175728441e-01 -9.460201621308998721e-02 -5.000000000000000000e+00 -1.045048743050245588e-01
0.000000000000000000e+00 0.000000000000000000e+00 0.000000000000000000e+00 0.000000000000000000e+00
-5.000000000000000000e+00 -8.014219405664201046e-02 2.382455791715748783e-01 2.315025723394676938e-01
1.911723994794810311e-01 2.310881253196270801e-01 3.202476002047784931e-01 2.465469104843883430e-01
2.902530836716653573e-01 2.915190660469916817e-01 3.547964664847924610e-01 2.981864793764061883e-01
3.250204962891415361e-01 3.633616833132896629e-01 3.852042261668927048e-01 3.155295500864994107e-01
3.545501927947630194e-01 4.158288881822382321e-01 4.160100249127475225e-01 3.557759184075882097e-01
3.852021436661509091e-01 4.483950548717831053e-01 4.484316724629248685e-01 3.852095484790156732e-01
4.160041497370010055e-01 4.825596688611272778e-01 4.825594331058211672e-01 4.160100128873502889e-01
4.469118951359331571e-01 5.184837267835324948e-01 5.184838664812191356e-01 4.483775805677005510e-01
4.808955394362886548e-01 5.562992186147828200e-01 5.561614070491616157e-01 4.737687237013064601e-01
4.629137057866695160e-01 5.961038273297707413e-01 5.919000951592079396e-01 5.184783961133103691e-01
5.496491037599674501e-01 6.373239059012880681e-01 5.356173242446981009e-01 2.626043083721361082e-01
5.569414860368333553e-01 6.716983009359828172e-01 -4.999970475499999623e+00 1.566271441168323730e-01
0.000000000000000000e+00 0.000000000000000000e+00 0.000000000000000000e+00 0.000000000000000000e+00
-9.866645233972298756e-02 -9.564873531163010922e-02 -9.456541500204772299e-02 -1.037026353241400911e-01
-9.566113467676214122e-02 -9.257051655373235710e-02 -9.251715873346534613e-02 -9.878065399955639203e-02
-9.393862870477351357e-02 -8.793697491229218732e-02 -8.820132222104540287e-02 -5.000000000000000000e+00
-9.242246943965060080e-02 -8.304482288873042684e-02 -7.000309969891277406e-02 1.884453493319943052e-01
-8.879342569718000344e-02 -3.090027113349363280e-02 2.730163330166234248e-01 2.461285141484599870e-01
7.678571783212899404e-02 1.556230963711077164e-01 3.736647173291591240e-01 2.768839839758687194e-01
3.043703434254564355e-01 2.854878378765405844e-01 4.108589608535461180e-01 3.534637655754184760e-01
3.737341812749470638e-01 3.674386910199896605e-01 4.484263859700612365e-01 3.849632183639952743e-01
4.159560323681267269e-01 4.824547689697144537e-01 4.825595420505213728e-01 4.154653766740719067e-01
4.484314135337984508e-01 5.184382205756064010e-01 5.184838677410158470e-01 4.484316283949334458e-01
4.825346985814435441e-01 5.562985088931274857e-01 5.562992496778781382e-01 4.825447495156085509e-01
5.184842653094853260e-01 5.961044768558509954e-01 5.961036814394767847e-01 5.184842353930310122e-01
5.562992021320435354e-01 6.380046535211804093e-01 6.378928131848510263e-01 5.562930356965295475e-01
5.960422483028562368e-01 6.821075097422306666e-01 6.807638623268380540e-01 5.507804960429278918e-01
6.376998767227626264e-01 7.271368381277069082e-01 7.159574835744962895e-01 6.060027869860721284e-01
6.788937946923201405e-01 7.751240095318359113e-01 4.947108692237156546e-01 -4.999671949999999754e+00
-9.605627258411983393e-02 -9.220292414887848453e-02 -9.222570225831974722e-02 -9.835805159418686827e-02
-9.369054879711716244e-02 -8.711652256096137636e-02 -8.735580823797381433e-02 -9.715704663761864923e-02
-8.987018072572762473e-02 -8.303702621748100532e-02 -8.309927183592415167e-02 -9.251133679137585331e-02
-8.826491420614571148e-02 -7.737875464178298190e-02 -7.720521721901918433e-02 4.853492789223985693e-02
-8.332471123455018058e-02 -7.203190095237230195e-02 2.288124873199387510e-01 -8.333360319093219282e-02
1.006714973175511230e-01 -2.731452064575749794e-02 4.205568663779193916e-02 3.137480321112824933e-01
1.767908240519023289e-01 -6.114057387196997206e-02 3.079030625243857622e-01 3.147730051417490515e-01
2.205444698081208688e-01 1.011295430755873442e-01 4.706902088136200590e-01 4.145285174972012654e-01
4.348895213389623038e-01 -5.000000000000000000e+00 5.184677380762229282e-01 4.478227751975463189e-01
4.799306939995759969e-01 4.495759607206357700e-01 5.562984046197768651e-01 4.679440954580455503e-01
5.172227546270601328e-01 5.960037375248400382e-01 5.961044768344694322e-01 5.184644815850931732e-01
5.562992107377267015e-01 6.379973665597042931e-01 6.380047214285660129e-01 5.562849614998252035e-01
5.961031581601932139e-01 6.821102346442472486e-01 6.821095460896694496e-01 5.961043052134414877e-01
6.380028417547778385e-01 7.284013095210541966e-01 7.285369692992729185e-01 6.379932870183963045e-01
6.821059943098932710e-01 7.774074177802456909e-01 7.773417800986252013e-01 6.803863642677010493e-01
7.278389067245398802e-01 8.288497434707687850e-01 7.771885826254881779e-01 7.131553532555261476e-01
-9.036772468865449104e-02 -8.755840452801098850e-02 -8.723055593324827162e-02 -9.580526179589755886e-02
-9.202100149798297934e-02 -8.162153413505850164e-02 -8.306948471140272738e-02 -8.576088610482592023e-02
-8.593887275578830642e-02 -7.727112338726624396e-02 -7.718489866408999311e-02 -8.792023252215944162e-02
-8.086505581848824065e-02 -7.129202053385828852e-02 -7.170438327738039297e-02 -8.320767144800028658e-02
-7.619721326998639410e-02 -6.603900102150525586e-02 -6.587754990726170379e-02 -7.682385371901535864e-02
-7.021794474733619729e-02 -5.926597662227761631e-02 -5.969155496670155298e-02 -6.478213129576665397e-04
-6.615498501419266042e-02 -5.456385831704426564e-02 -5.455203013836157355e-02 -6.536910671983894860e-02
-5.978089036715687060e-02 -4.702484413237594668e-02 -4.999999999999872990e+00 1.572445403087697757e-01
0.000000000000000000e+00 0.000000000000000000e+00 0.000000000000000000e+00 0.000000000000000000e+00
-4.999901584999999926e+00 -3.770771526957631542e-02 5.757252604648981364e-01 3.486039219238776798e-01
3.354485940824153967e-01 -3.320264210580008146e-02 6.379862348010205686e-01 5.543644206383602224e-01
5.621420339849578784e-01 -4.999991142649999887e+00 6.821101313431134905e-01 5.909968193974649564e-01
6.379697478511267006e-01 6.379921901677553242e-01 7.285370935697291772e-01 6.380028696342388006e-01
6.821083538335116492e-01 7.760777188273688676e-01 7.774074694323499513e-01 6.821037232282298746e-01
7.279147252970983306e-01 8.288491860948493661e-01 8.288499681756721360e-01 7.281787998094645387e-01
7.773798632782159546e-01 8.829999997709943038e-01 8.288495721404246508e-01 7.773832657721595485e-01
-8.601102430526519349e-02 -8.265483543204091288e-02 -8.169542364035961568e-02 -9.253561095226238431e-02
-8.242471533544132312e-02 -7.729592587558471728e-02 -7.561128632234720426e-02 -8.709850617798119143e-02
-8.074763107430862896e-02 -4.999999999995292654e+00 -7.122278310327981310e-02 -8.260853941137573375e-02
-7.719752148218446408e-02 -6.582646436270098156e-02 -6.588749966662994784e-02 -7.718246638314554819e-02
-7.121003366736614049e-02 -6.000381552384437267e-02 -5.987669693953701078e-02 -7.184155832819644205e-02
-6.603025901023866495e-02 -5.775598619496979946e-02 -5.376555668693273199e-02 -6.618807137655420558e-02
-5.792758976041512131e-02 -5.309638161211251844e-02 -4.923593426234725706e-02 -6.059852400376906922e-02
-5.432315101495372583e-02 -4.520145697715956951e-02 -4.231101462142704966e-02 -5.464925907962845525e-02
-4.653486229546015956e-02 -4.999999202838499635e+00 -3.551646002674377356e-02 -4.999970475499999623e+00
-4.213280865093075450e-02 -2.958052198742759306e-02 -2.982443232641249914e-02 -3.753283069784982967e-02
-2.825886419474999897e-02 -2.481085200454525089e-02 -4.998906500000000364e+00 -3.803362361342443876e-02
0.000000000000000000e+00 0.000000000000000000e+00 0.000000000000000000e+00 0.000000000000000000e+00
-4.999671949999999754e+00 2.919619355863073973e-01 6.768711176116817274e-01 6.821058669735928781e-01
4.393891326772801365e-01 5.647019074514404435e-01 8.287943627489243736e-01 7.284315695770706700e-01
7.691520919170369286e-01 -4.987849999999999895e+00 8.829999957739345096e-01 7.602289445617057551e-01
8.288454922059308450e-01 9.399999999633561476e-01 8.829999987127812311e-01 8.288499818458388013e-01
-8.125566612038356840e-02 -7.656547205205964379e-02 -7.723520892732281540e-02 -8.737661677644539826e-02
-7.676145830815313265e-02 -7.119807150449364297e-02 -4.999999999998587796e+00 -7.642849505493432005e-02
0.000000000000000000e+00 0.000000000000000000e+00 0.000000000000000000e+00 0.000000000000000000e+00
-4.999999993542991739e+00 -6.660060371429893378e-02 -6.002275924971960108e-02 -7.115414677548224931e-02
-6.606182581434434653e-02 -6.005465351375868094e-02 -5.773289847748259290e-02 -6.449675202244246897e-02
-5.705553553146919255e-02 -5.324544637396211311e-02 -5.325168646757508922e-02 -5.895173890507085512e-02
-5.812539909839331553e-02 -4.909041494124025129e-02 -4.560609109763537339e-02 -5.372895737920378029e-02
-5.304737824841080501e-02 -4.026376540190464148e-02 -4.999671949999999754e+00 -4.646293957180396700e-02
0.000000000000000000e+00 0.000000000000000000e+00 0.000000000000000000e+00 0.000000000000000000e+00
-4.999991142649999887e+00 -3.162877390107224351e-02 -2.081820999999999672e-02 -3.066419803597499744e-02
-2.955708474599999525e-02 -4.549999999999999822e+00 -1.602719999999999839e-02 -3.235497423914227705e-02
-1.975808800000000004e-02 -1.638944999999999638e-02 -2.111147499999999760e-02 -4.865000000000000213e+00
-2.139124749999999492e-02 -1.438499999999999848e-02 2.384712628351438601e-01 3.712004329132845282e-01
-1.717799999999999883e-02 -9.730000000000000801e-03 -4.549999999999999822e+00 6.536489047932310115e-01
0.000000000000000000e+00 0.000000000000000000e+00 0.000000000000000000e+00 0.000000000000000000e+00
-4.999671949999999754e+00 9.999999999895395897e-01 9.399999906316909293e-01 8.829997790621174625e-01
-7.747864637425995460e-02 -7.670190603832113818e-02 -7.159400944355787111e-02 -7.907141559275000786e-02
-7.705008004614534445e-02 -6.877857606177095739e-02 -6.523727474932894399e-02 -7.714111863424827353e-02
-7.050657597783645258e-02 -6.782389427037577301e-02 -6.622867419279715451e-02 -4.999999928255465242e+00
-6.588477349381084702e-02 -6.611949776231630660e-02 -6.092499836031908117e-02 -6.645944410649727574e-02
-5.816963855485925150e-02 -5.889901958927929587e-02 -5.500987713366699283e-02 -5.963884040125404240e-02
-5.521055665044937583e-02 -5.244227679664642539e-02 -4.799600456041988594e-02 -5.632680678795864981e-02
-4.994942992998537695e-02 -4.890621971990528893e-02 -4.140983787457062915e-02 -5.183307493454740456e-02
-4.720375453405094290e-02 -4.009135982062153603e-02 -3.656214552133912887e-02 -4.389499695949633518e-02
-3.714527387756812182e-02 -3.303454925081984739e-02 -2.951714360279999658e-02 -4.999999202838499635e+00
-3.188181941798420849e-02 -3.095865110834999587e-02 -4.996355000000000324e+00 -2.287762791999999740e-02
0.000000000000000000e+00 0.000000000000000000e+00 0.000000000000000000e+00 0.000000000000000000e+00
-4.549999999999999822e+00 -1.578149999999999692e-02 -1.515150000000000004e-02 -9.730000000000000801e-03
-1.438499999999999848e-02 -1.375499999999999813e-02 -9.100000000000000450e-03 -2.006252499999999772e-02
-9.100000000000000450e-03 0.000000000000000000e+00 -9.100000000000000450e-03 -9.100000000000000450e-03
-6.999999999999999278e-03 0.000000000000000000e+00 6.999999999999999556e-01 0.000000000000000000e+00
0.000000000000000000e+00 0.000000000000000000e+00 0.000000000000000000e+00 0.000000000000000000e+00
