-2.808780146408333511e+00 -2.804890632410041107e+00 -2.801915139037427949e+00 -2.802190840718346454e+00
-2.808475656587879676e+00 -2.730569023842009724e+00 -2.715476525096584215e+00 -2.761469822176443323e+00
-2.771817117687516152e+00 -2.640456502832130514e+00 -2.636168993992710430e+00 -2.661783622032284580e+00
-2.671272492293739198e+00 -2.568835412736376611e+00 -2.559875314754266107e+00 -2.565401260193994837e+00
-2.521237397717583484e+00 -2.473713101055677654e+00 -2.538502248253221349e+00 -2.499335439601134468e+00
-2.338601992170450394e+00 -2.284995641029504476e+00 -4.999576792510856293e+00 -2.559648153450262420e+00
0.000000000000000000e+00 0.000000000000000000e+00 0.000000000000000000e+00 0.000000000000000000e+00
-4.676945905538666182e+00 -1.557506624854626542e+00 -1.550751375911825436e+00 -1.585591539306944187e+00
-1.781116730162202177e+00 -1.686697467549460150e+00 -1.681447985978883120e+00 -1.685450143166089099e+00
-1.626994185628651168e+00 -1.882701543547745882e+00 -1.628445745796954558e+00 -1.626100623770214249e+00
-1.573549966449587334e+00 -1.576553873631224345e+00 -1.571604471798350833e+00 -1.580585849065418991e+00
-1.522708073543888929e+00 -1.533036029641793752e+00 -1.520501746298210888e+00 -1.528850160035593930e+00
-1.481079886669219192e+00 -1.487550530517743663e+00 -1.481176623010233229e+00 -1.489264202726010788e+00
-1.459278646659845746e+00 -1.459870567623048121e+00 -1.458456398650900265e+00 -1.467419338896610359e+00
-1.443926110804065743e+00 -1.442715692269534333e+00 -1.444827485771303266e+00 -1.440814788063153662e+00
-1.430709958537547344e+00 -1.437256520847242314e+00 -1.433194410764255577e+00 -1.443930506226518418e+00
-2.747593358331267499e+00 -2.716253742366389723e+00 -2.727757094090787149e+00 -2.837219580901312099e+00
-2.739987204752294847e+00 -2.652255008365404620e+00 -2.634856020815581790e+00 -2.740539816263095840e+00
-2.667436488838082376e+00 -2.592855578271834105e+00 -2.539814864003392181e+00 -2.636726550306659256e+00
-2.603463626768351080e+00 -2.749431657396903983e+00 -2.445658808297723752e+00 -2.568577510206543568e+00
-2.500618042081883097e+00 -2.374408725808189402e+00 -2.398253164184495301e+00 -2.538260301262149188e+00
-2.347092720405071553e+00 -2.311519921706387315e+00 -2.330014570940737162e+00 -2.635421026851701765e+00
-2.201455718550731522e+00 -1.952390452697001066e+00 -1.921342611491596575e+00 -4.998150057574823890e+00
-2.261423896181526061e+00 -2.145344986112880381e+00 -1.813871142424461347e+00 -1.904554347690436078e+00
-1.758263193997019469e+00 -4.709251314984799208e+00 -1.792176974696971792e+00 -1.753896416231856881e+00
-1.479325217449644514e+00 -4.641051006154073733e+00 -1.463105595979504292e+00 -1.449406133790620110e+00
-1.544231089976027649e+00 -1.553273401916143381e+00 -1.547498878519160570e+00 -1.550444010132000949e+00
-1.510622760350632809e+00 -1.506510484685240403e+00 -1.509469526334224154e+00 -1.508459267254228298e+00
-1.474429073008391544e+00 -1.472545677527828278e+00 -1.477593377196448010e+00 -1.467007545887344833e+00
-1.450555108491443868e+00 -1.454357146034943593e+00 -1.455755388675555650e+00 -1.449838361775564799e+00
-1.447770982574171583e+00 -1.426165634246096214e+00 -1.423053104801320856e+00 -1.444673645657435834e+00
-1.422596623067121646e+00 -1.416741627163091266e+00 -1.414814974254709590e+00 -1.419558592425330001e+00
-2.652884934631948965e+00 -2.631585192335473611e+00 -2.651554845024165274e+00 -2.737783201642176145e+00
-2.626748897681440376e+00 -2.573772044537174786e+00 -2.637215507198609199e+00 -2.650727516236361492e+00
-2.575595593112977699e+00 -2.783699538345413060e+00 -2.617811107299653273e+00 -2.577984343030059300e+00
-2.562132144356351837e+00 -4.999948547849271563e+00 -2.355765965021112240e+00 -2.364138656433655505e+00
-2.380403745849475783e+00 -2.267529781366772745e+00 -2.310846806546520860e+00 -2.429670081686652328e+00
-2.341444512590942661e+00 -2.236497628043122354e+00 -2.238783865006034102e+00 -2.336821584241582705e+00
-2.181505246699436906e+00 -2.160694095041593155e+00 -2.167763018180222101e+00 -2.197764349868930545e+00
-2.008590600493296741e+00 -1.996817710147754887e+00 -4.946123681678471051e+00 -1.977169725824428737e+00
0.000000000000000000e+00 0.000000000000000000e+00 0.000000000000000000e+00 0.000000000000000000e+00
0.000000000000000000e+00 0.000000000000000000e+00 0.000000000000000000e+00 0.000000000000000000e+00
-4.452905054342438440e+00 -1.289733141261472094e+00 -1.308553924029900006e+00 -1.302484759469594300e+00
-1.514092697714724434e+00 -1.464762555952911161e+00 -1.461714359691808962e+00 -1.471969401936854105e+00
-1.440372160659491030e+00 -1.443830277198843159e+00 -1.443440122588431684e+00 -1.447120416195237791e+00
-1.429923587762550241e+00 -1.424902066807379519e+00 -1.424943636282748782e+00 -1.427577229738131948e+00
-1.412736661245169945e+00 -1.410850014316055168e+00 -1.403583599636605062e+00 -1.414171977405423331e+00
-1.402896287898069083e+00 -1.400833288955352085e+00 -1.395279507421312903e+00 -1.393363997511591457e+00
-2.595379500682863938e+00 -2.576528443165309934e+00 -2.558147761884801419e+00 -2.644603529969337341e+00
-2.557220484291156115e+00 -2.490774579831134261e+00 -2.706766861985173467e+00 -2.591451768124403365e+00
-2.430118619008517999e+00 -2.418643940949313453e+00 -4.999982059744345619e+00 -2.525483565673796615e+00
0.000000000000000000e+00 0.000000000000000000e+00 0.000000000000000000e+00 0.000000000000000000e+00
-4.999203660445574293e+00 -2.198016814945936037e+00 -2.207402034172479155e+00 -2.251848976038425043e+00
-2.294711782957142177e+00 -2.155462754049917162e+00 -2.155541554273717075e+00 -2.229639313821911717e+00
-2.145561919207175094e+00 -2.085230530600962862e+00 -2.079955833553439604e+00 -2.164719758373477632e+00
-2.018625324066422255e+00 -2.015849513256648073e+00 -2.506392036607574703e+00 -2.286752317645023513e+00
-1.736666933113107936e+00 -1.730189378847889703e+00 -1.820325838172067057e+00 -4.764493565137687625e+00
-1.285194751831898241e+00 -4.392116727047153724e+00 -1.144058587408375516e+00 -3.256607799500000233e+00
-1.816762493113980304e+00 -1.425263669537183420e+00 -1.454839385144515607e+00 -1.512955307826334472e+00
-1.454874965582369617e+00 -1.608079290278204621e+00 -1.429999512812675899e+00 -1.437963370116028594e+00
-1.416897270939751596e+00 -1.399236614798590406e+00 -1.403848984798216737e+00 -1.407278034232489095e+00
-1.387384848918189029e+00 -1.389015500832907701e+00 -1.399113354029585699e+00 -1.389328411333508484e+00
-1.385878935342241380e+00 -1.384569435195452725e+00 -1.384496290117014805e+00 -1.383133298324512594e+00
-1.379083346920953801e+00 -1.371604026837302204e+00 -1.379818383198104570e+00 -1.380048146284955424e+00
-2.525561297543982064e+00 -2.894370295573351015e+00 -2.479601130593499736e+00 -2.556363625398094808e+00
-2.551284141401449990e+00 -2.404125337908814330e+00 -2.428750163476549595e+00 -2.516387016158119216e+00
-2.396344635890479413e+00 -2.333477681893658229e+00 -2.510917041550114526e+00 -2.657847974843533301e+00
-2.110959316578369105e+00 -2.117224644939744937e+00 -2.123890304898691017e+00 -4.999477521618341136e+00
-2.348691485210725460e+00 -2.128620928788156341e+00 -2.131223796051915365e+00 -2.166253177999282631e+00
-2.085608617107393314e+00 -2.079361045824830168e+00 -2.081540076923187321e+00 -2.140973844563114348e+00
-2.068223643267006029e+00 -1.999439847354583799e+00 -2.007195707849295019e+00 -2.059174625238713752e+00
-1.972632951198643347e+00 -1.941245881842838639e+00 -1.953041080678354025e+00 -1.973962235456828918e+00
-1.793613715226635152e+00 -1.826211786799510683e+00 -4.845484228086837319e+00 -2.056799864641361886e+00
0.000000000000000000e+00 0.000000000000000000e+00 0.000000000000000000e+00 0.000000000000000000e+00
-3.970544339526754563e+00 -1.450584567164025840e+00 -1.235776838311997361e+00 -1.291069710333916376e+00
-1.161617279972473327e+00 -4.556853094017375483e+00 -1.212000711327783531e+00 -1.174109730778162275e+00
-1.416726532472672773e+00 -1.580768604482839734e+00 -1.370180062174778612e+00 -1.369015565576007676e+00
-1.345705234090908142e+00 -1.347951958490273050e+00 -1.351896504926733744e+00 -1.347519442365287423e+00
-1.352677287110971127e+00 -1.343878756593223533e+00 -1.343734877305401199e+00 -1.347273662378837722e+00
-1.341647813967931757e+00 -1.340280253478847827e+00 -1.347947263332786916e+00 -1.341847127733424960e+00
-2.598686990833625643e+00 -4.999880473705005990e+00 -2.421575318022167966e+00 -2.422226026251535824e+00
-2.432504898501522739e+00 -2.481384438275357596e+00 -2.324997199890544763e+00 -2.447677517095173894e+00
-2.360388639437234204e+00 -2.251503402965547185e+00 -2.231951935605575699e+00 -2.452569244606092713e+00
-2.247557775303802963e+00 -2.144987609542633233e+00 -2.139183263888697617e+00 -2.329607450805068591e+00
-2.151841738701866902e+00 -2.065280278198780017e+00 -2.065278135635692180e+00 -2.069556602519963207e+00
-2.051066609630947113e+00 -2.003852132383217910e+00 -1.997053597552830961e+00 -2.034323045635155758e+00
-1.979446164108402906e+00 -1.903721724013230254e+00 -1.938346529178253119e+00 -1.983447198551570034e+00
-1.882073670504009977e+00 -1.854130537756689678e+00 -1.976909618427576731e+00 -1.930646150373947378e+00
-1.728375840482605952e+00 -1.708417150867379997e+00 -4.764493565137687625e+00 -1.851247853342946170e+00
0.000000000000000000e+00 0.000000000000000000e+00 0.000000000000000000e+00 0.000000000000000000e+00
-3.856160377251949711e+00 -1.127473372965935861e+00 -3.430947019550000032e+00 -1.144487555827240266e+00
0.000000000000000000e+00 0.000000000000000000e+00 0.000000000000000000e+00 0.000000000000000000e+00
-4.641051006154073733e+00 -1.226572659445899216e+00 -1.218774091490329115e+00 -1.221418803604487735e+00
-1.456430314458022179e+00 -1.284616489425093988e+00 -1.292633649592375367e+00 -1.286479607721504159e+00
-1.299620832121703984e+00 -1.298131154699749379e+00 -1.300759549666113513e+00 -1.302433395744162947e+00
-1.303520243604895823e+00 -1.307386755690292057e+00 -1.313041081795320641e+00 -1.307798309977791451e+00
0.000000000000000000e+00 0.000000000000000000e+00 0.000000000000000000e+00 0.000000000000000000e+00
-4.999115178272860227e+00 -2.182783812251043898e+00 -2.182970503358383496e+00 -2.245991238310220961e+00
-2.510108584831680201e+00 -2.129175840798206210e+00 -2.128745269673985696e+00 -2.181019819461255782e+00
-2.133822751182277155e+00 -2.060491493569990062e+00 -2.062533345281217123e+00 -2.093758679013160595e+00
-1.999536183584376570e+00 -1.985489675052806380e+00 -1.992217991687060374e+00 -2.039940214867735691e+00
-1.960047400166514686e+00 -1.902108454265600379e+00 -1.911357168120289440e+00 -2.008974264621429473e+00
-1.932383724677902537e+00 -1.810649427672845091e+00 -1.834845064404793336e+00 -1.947817372443523043e+00
-1.829742771604200735e+00 -1.751066827542543169e+00 -1.780425507313012856e+00 -1.903156797519820476e+00
-1.709092528310904413e+00 -1.633733585170443314e+00 -1.779779403365733259e+00 -1.846003360672015647e+00
-1.511710999218022433e+00 -1.494250694108953281e+00 -1.490773213043098400e+00 -4.898622202047773655e+00
-1.484476975409123822e+00 -1.433657401395989517e+00 -1.613783081785110207e+00 -1.571000599507858642e+00
-1.331547028483818673e+00 -1.314952041364735535e+00 -1.315091549384763692e+00 -4.556853094017375483e+00
-1.281149773198286601e+00 -1.268523630392351054e+00 -1.272400648492175046e+00 -1.337762988401709485e+00
-1.248823864872138145e+00 -1.173110298703973209e+00 -1.240128175714720893e+00 -1.228939959799167481e+00
-1.243929159322613387e+00 -1.237143104265175708e+00 -1.257514470426047692e+00 -1.245066333461003927e+00
-1.270647524459242561e+00 -1.267199575847730131e+00 -1.271663813668199028e+00 -1.276156686066953538e+00
-1.895851592607465275e+00 -1.771200720329071832e+00 -1.752559725143803204e+00 -4.860935805278153943e+00
-2.189942659093227384e+00 -2.083027845085989149e+00 -2.115755046377215898e+00 -2.291673768869366246e+00
-2.066258146250013361e+00 -2.173818569609602847e+00 -2.060304063836777999e+00 -2.070017645750966473e+00
-2.033289734257958781e+00 -1.996959690466051818e+00 -1.987533782724075770e+00 -2.046009195777827472e+00
-1.971550055780013189e+00 -1.915591166005754964e+00 -1.899346087356506452e+00 -1.970727845974570513e+00
-1.918319163572739461e+00 -1.805001025779349844e+00 -1.824090781690042684e+00 -1.914058062387894443e+00
-1.831415108199017538e+00 -1.719840392411030372e+00 -1.741713520523205938e+00 -1.837181524387391018e+00
-1.795598297804580135e+00 -1.596220247438926876e+00 -1.643205679870225921e+00 -1.801811025462229932e+00
-1.698824922091398015e+00 -1.565083443792528950e+00 -1.553316584961945690e+00 -1.718441789132945097e+00
-1.591860718150539533e+00 -1.444761666498233454e+00 -1.433704940296278041e+00 -1.518921643641335306e+00
-1.460676509956521762e+00 -1.310330149750438711e+00 -1.386619761780280236e+00 -1.447561917019196231e+00
-1.369468128321614575e+00 -1.213029129226466551e+00 -1.278552441558620689e+00 -1.620913483363586982e+00
-1.265732844021664416e+00 -1.167823705440165449e+00 -1.204622799675867606e+00 -1.274364947624219813e+00
-1.209190373140160979e+00 -9.877489358731519342e-01 -1.190293955782692592e+00 -1.226810670939710413e+00
-1.147024359566094720e+00 -1.163199887712270231e+00 -1.178787973487199103e+00 -1.218717662180343053e+00
-1.219227974644619295e+00 -1.326910997942695181e+00 -1.222280737640496495e+00 -1.229358522290989297e+00
-1.941021942436117476e+00 -1.940082127577177129e+00 -1.942630372281576312e+00 -1.946728956247172793e+00
-2.004986997486616573e+00 -2.564047247377597483e+00 -2.300252025710155301e+00 -2.046695899048807110e+00
-1.956198494070166660e+00 -4.940137424087190254e+00 -1.967074307479423245e+00 -1.963277689378248203e+00
-2.042948685131633635e+00 -2.116789819367794312e+00 -1.887321292208080648e+00 -1.956423290436059892e+00
-1.850204176393719369e+00 -1.830207639024124644e+00 -1.794120347275602656e+00 -1.937517993951756168e+00
-1.828249909847750709e+00 -1.751510812579752718e+00 -1.701391660211769796e+00 -1.834294427490614554e+00
-1.762301898917170151e+00 -1.663839516144209441e+00 -1.604764776763444312e+00 -1.782042256517304413e+00
-1.671500874175491314e+00 -1.557030876300619537e+00 -1.465129596337582552e+00 -1.692596619314523210e+00
-1.615844284435883127e+00 -1.484469758803578676e+00 -1.414044341111882819e+00 -1.622738711741730011e+00
-1.525456646357577828e+00 -1.340562730676121861e+00 -1.264863991635768681e+00 -1.511403728308257532e+00
-1.390919906282902740e+00 -1.222632253493888044e+00 -1.183435983006398295e+00 -1.418686152034497550e+00
-1.292931973740088836e+00 -1.114963498139160958e+00 -1.101969052894712142e+00 -1.329622239351522017e+00
-1.207842270277855512e+00 -1.034412433500517814e+00 -1.020606181640135945e+00 -1.256327827620045801e+00
-1.139941099716711870e+00 -8.992424834826446833e-01 -1.174477010237235497e+00 -1.164237847719784780e+00
-1.056602135237999063e+00 -1.340818076360793976e+00 -1.113236547910481322e+00 -1.120997693973256437e+00
-1.100032983382739804e+00 -4.249526823515004104e+00 -1.103222643512469681e+00 -1.097871488050909061e+00
-1.892458526895126392e+00 -1.882114049427503266e+00 -1.882206536108079531e+00 -1.892610265203200415e+00
-1.834203188373405347e+00 -1.830727154273341206e+00 -4.887358002275304258e+00 -1.879802815482190415e+00
0.000000000000000000e+00 0.000000000000000000e+00 0.000000000000000000e+00 0.000000000000000000e+00
-4.845484228086837319e+00 -1.806721251480671198e+00 -1.806443459674663021e+00 -1.805689031150985890e+00
-1.828076694063941021e+00 -1.747606852827733759e+00 -1.747531929245709881e+00 -1.758600425034973158e+00
-1.689249894134420060e+00 -1.661772418491936909e+00 -1.673914061919535401e+00 -1.754260114269960757e+00
-1.655032246401676677e+00 -1.582398586326217549e+00 -1.574034718041247505e+00 -1.668857576660967013e+00
-1.576489359450226502e+00 -1.407233179785852828e+00 -1.514951898928911689e+00 -1.611683400165363267e+00
-1.541823963846172152e+00 -1.421867708735663927e+00 -1.348602059071391635e+00 -1.491371444164408810e+00
-1.476399217402113440e+00 -1.265963229903856346e+00 -1.232632538485689766e+00 -1.432182673914702331e+00
-1.315390342284714409e+00 -1.190275689441547602e+00 -1.077867068563032715e+00 -1.352445455237009098e+00
-1.214857855715782975e+00 -1.039217676828925407e+00 -9.860211777557628121e-01 -1.225279453498272275e+00
-1.110488680353148183e+00 -9.521848083401447393e-01 -9.521249164412819432e-01 -1.088102374587625043e+00
-1.049670199479728838e+00 -8.886225982481947838e-01 -1.309710372659111499e+00 -1.011383609492251701e+00
-9.307727995232434326e-01 -7.614409371095669510e-01 -4.556853094017375483e+00 -9.628160142978868796e-01
0.000000000000000000e+00 0.000000000000000000e+00 0.000000000000000000e+00 0.000000000000000000e+00
-1.850458284552058519e+00 -1.852636492583402017e+00 -1.849470757032144919e+00 -1.869012070479911802e+00
-1.842011359793299885e+00 -1.837387642855634162e+00 -1.950025984223122677e+00 -2.143162495794291633e+00
-1.672068044462023728e+00 -1.685938200303015888e+00 -1.688378787809002191e+00 -4.809239787761526941e+00
-1.949155644523928421e+00 -1.748650020237011660e+00 -1.745113824631346011e+00 -1.917623877315556058e+00
-1.708548613298069618e+00 -1.688358319943898067e+00 -1.665082432125241318e+00 -1.689095893736944243e+00
-1.650127805653163415e+00 -1.621414885985748233e+00 -1.538841349527647839e+00 -1.674809407931449279e+00
-1.579521685075261583e+00 -1.581529762054170174e+00 -1.413561545246270201e+00 -1.608979625814041192e+00
-1.536771208454450033e+00 -1.521600237742774642e+00 -1.268605784829369698e+00 -1.503254848266163624e+00
-1.447706468066545238e+00 -1.603592615659507503e+00 -1.198378582911404200e+00 -1.454136010165787418e+00
-1.348118705277854934e+00 -1.107421545043033362e+00 -1.196897925643628291e+00 -1.375647651415521366e+00
-1.283117450901311241e+00 -1.108023428967785495e+00 -9.961207115770982501e-01 -1.247376107836708048e+00
-1.205740289916053865e+00 -1.058623050627621742e+00 -8.377977921515111781e-01 -1.137361456622778544e+00
-9.936214741714702869e-01 -8.944155076576304486e-01 -8.896379846420255921e-01 -1.002075897965688522e+00
-8.715749129817856877e-01 -7.612630731469891554e-01 -8.447605721019162406e-01 -8.808177143754348792e-01
-8.434240316276463423e-01 -7.369799328251230852e-01 -9.973010039201077870e-01 -1.070709622713163167e+00
-6.568087875054439140e-01 -5.064805777517693564e-01 -1.487185859068471450e+00 -4.738326183486319287e+00
-1.824893721770981081e+00 -1.823020052876895836e+00 -1.817707860276210008e+00 -1.819094416428838068e+00
-1.809675144400410440e+00 -1.800747911976920523e+00 -1.795818763974943222e+00 -1.805513539066998741e+00
-1.774060109389421491e+00 -1.744191811932764402e+00 -1.743762915295595795e+00 -2.040241884738769773e+00
-1.725130379412608939e+00 -1.717557641496046950e+00 -1.715429941863150454e+00 -1.720479413419014669e+00
-1.678924165065824647e+00 -1.672357048393444234e+00 -1.671691732971827049e+00 -1.676696675211212462e+00
-1.621766531750906237e+00 -1.628635071561929770e+00 -1.623622150488928551e+00 -1.624905983819571409e+00
-1.575280079146291090e+00 -1.574966559830812907e+00 -1.574349291529844042e+00 -1.569158611751321430e+00
-1.503290383734686930e+00 -1.556112779092210907e+00 -1.533557806267854318e+00 -1.458124380480840809e+00
-1.292354393425342085e+00 -4.860935805278153943e+00 -1.155070235097650277e+00 -1.276224916184867775e+00
-1.348406565660603462e+00 -1.390544676882695896e+00 -9.938082672593492317e-01 -1.249313123381107449e+00
-1.166722618774646225e+00 -1.221435661750175816e+00 -9.254586255943429984e-01 -1.132411409582433803e+00
-1.081383646676570720e+00 -1.058946059858401290e+00 -8.790816966237826602e-01 -9.891856982856189751e-01
-8.676203005485360054e-01 -8.705560489607822028e-01 -7.851617046187686633e-01 -8.871476601335342993e-01
-8.271408230052971211e-01 -8.039065781322480841e-01 -4.973445080404501617e-01 -8.485562283668679484e-01
-7.768362779188289213e-01 -7.034475702819169562e-01 -2.062882233962181344e-01 -8.013479771376621486e-01
-7.025095758429423798e-01 1.554791369563933157e-01 -6.188354153636825838e-01 -7.865998069780533175e-01
-1.797444914959257733e+00 -1.800327682160349108e+00 -1.802566689152659052e+00 -1.799298299913980825e+00
-1.780310646733528346e+00 -1.784838561467446016e+00 -1.781311620689547626e+00 -1.785667513596499889e+00
-1.749268989666850294e+00 -1.926067750865817496e+00 -1.732810607675794978e+00 -1.741943463051067065e+00
-1.700009258089304254e+00 -1.711523865456698212e+00 -1.700828730910909359e+00 -1.703407121409611591e+00
-1.669120544805946738e+00 -1.665811921148907970e+00 -1.665169821751303125e+00 -1.671712123765193292e+00
-1.639592606788356832e+00 -1.637405127817842754e+00 -1.632600517901860115e+00 -1.639301592975358712e+00
-1.617421931905491439e+00 -1.601398835684931132e+00 -1.648658721385821480e+00 -1.599101906178269417e+00
-1.365669463319070909e+00 -1.333500675681120073e+00 -4.676945905538666182e+00 -1.364416515704441446e+00
0.000000000000000000e+00 0.000000000000000000e+00 0.000000000000000000e+00 0.000000000000000000e+00
-4.738326183486319287e+00 -1.047537511083902029e+00 -1.075554180784214608e+00 -1.025947040882527528e+00
-1.510264611807377255e+00 -1.212513060337224502e+00 -1.499878264498568869e+00 -1.039242552468766512e+00
-9.823827058261751510e-01 -4.507614548908194685e+00 -8.897698284207370412e-01 -8.671434533920692189e-01
-1.440350583347159485e+00 -4.968319981450674550e-01 -8.717137208373026969e-01 -8.894609668801102265e-01
-8.461486877941198914e-01 -8.305044783991903934e-01 -6.866299242484885657e-01 -7.618621804069607428e-01
-7.485884969416342072e-01 -7.829038220281361316e-01 -2.309224122081802166e-01 -7.200045782382401560e-01
-6.573489392143965215e-01 4.229887427622156526e-01 -3.921474199365920232e-01 -6.541809883087755795e-01
-1.792005070804869593e+00 -1.796785261784282772e+00 -1.793611892960809806e+00 -1.800436703732967825e+00
-1.789740768663061754e+00 -1.786822935062330808e+00 -1.834112626042919469e+00 -1.787274775251312287e+00
-1.604583053108633361e+00 -4.764493565137687625e+00 -1.587781024844928002e+00 -1.587782134335574247e+00
-2.302891355695495967e+00 -1.900822549080599666e+00 -1.648114525482510029e+00 -1.642750910550398569e+00
-1.645223984577073750e+00 -1.648308840670643205e+00 -1.642046610675542917e+00 -1.656550792300106156e+00
-1.630437764259984323e+00 -1.628037256046144021e+00 -1.631930594280413871e+00 -1.632440212083940745e+00
-1.625193390614562361e+00 -1.612450740344212541e+00 -1.610050361242063799e+00 -1.614740505405644955e+00
-1.603925290903490453e+00 -1.703739236752819242e+00 -1.684723867896608995e+00 -1.834532510638800851e+00
-1.153008752134466075e+00 -3.587852317594999896e+00 -1.120585582652471546e+00 -3.970544339526754563e+00
-1.267585997526442299e+00 -1.198147914821337645e+00 -1.448650060828944985e+00 -2.068891295920174844e+00
-1.008155522636006829e+00 -9.738774170155931609e-01 -4.073489905574079195e+00 -1.025801448619586331e+00
0.000000000000000000e+00 0.000000000000000000e+00 0.000000000000000000e+00 0.000000000000000000e+00
-4.507614548908194685e+00 -1.558441527309493146e-01 -5.244388281147570607e-01 -5.990555859426224261e-01
-1.254384093550265256e+00 -7.983140747806346527e-01 -5.463244799858260059e-01 -7.070069986905632708e-01
-7.004484056971106432e-01 -4.898622202047773655e+00 -1.003081243922397392e-01 -5.864328931675392154e-01
-5.989813372883678877e-01 8.633657283661581028e-01 -3.980827809037839060e-01 -5.514146027374358106e-01
-1.804608910990824100e+00 -1.794225095699456984e+00 -1.799008973467929540e+00 -1.791078188936375160e+00
-1.795786606775552130e+00 -1.791241767962762577e+00 -4.738326183486319287e+00 -1.797266036141807133e+00
0.000000000000000000e+00 0.000000000000000000e+00 0.000000000000000000e+00 0.000000000000000000e+00
-4.709251314984799208e+00 -1.552756879363491160e+00 -1.551557730281151848e+00 -1.567636310920595966e+00
-1.630950459398467833e+00 -1.630713909987526078e+00 -1.633320246577405710e+00 -1.640953626106318897e+00
-1.622107725719860838e+00 -1.621398933212880422e+00 -1.626805843905069215e+00 -1.621249197342149007e+00
-1.615395462183169872e+00 -1.605931399741557408e+00 -1.930090756114647643e+00 -1.601574064946756248e+00
-1.545142424779656354e+00 -1.542195189785669163e+00 -4.874842224750338460e+00 -1.546763663358956542e+00
0.000000000000000000e+00 0.000000000000000000e+00 0.000000000000000000e+00 0.000000000000000000e+00
-3.970544339526754563e+00 -9.861530185903937262e-01 -9.886493806118969996e-01 -9.799680469604887811e-01
-1.050380288217039437e+00 -3.430947019550000032e+00 -8.633194796458284470e-01 -9.123912249803577401e-01
-5.665537245617222606e-01 -5.962405077393849728e-01 -4.006437139829452376e-01 -3.256607799500000233e+00
-4.958460381964129304e-01 1.136711166151558872e-01 -7.068189257177563967e-01 -1.057776294617878143e+00
-2.839644400417823955e-01 -7.275564555802302436e-02 -4.392116727047153724e+00 -3.803402100504428285e-01
0.000000000000000000e+00 0.000000000000000000e+00 0.000000000000000000e+00 0.000000000000000000e+00
-4.999836040747607235e+00 9.999999999999995559e-01 7.498635200998339245e-01 2.182569696388970970e-01
-1.794832978546481383e+00 -1.784140507161539491e+00 -1.784987529341908630e+00 -1.790640719368783440e+00
-1.774235557242247241e+00 -1.775290667584907167e+00 -2.054053621549089215e+00 -1.771614804558543588e+00
-1.508842081485683329e+00 -1.699699593212122828e+00 -1.474432960248792668e+00 -4.738326183486319287e+00
-1.800140376662452413e+00 -1.652758246062144831e+00 -1.653704139934815798e+00 -1.700939201515239585e+00
-1.638190435797721722e+00 -1.649064328536891333e+00 -1.629717233742081994e+00 -1.635926665251989265e+00
-1.616958385295477418e+00 -1.614964658863520697e+00 -1.614722310392589399e+00 -1.617382256487169157e+00
-1.600489219591094692e+00 -1.607532305118094751e+00 -1.601388607941392817e+00 -1.603900419929280563e+00
-1.585108609140282621e+00 -1.585559610183848944e+00 -1.548131669447543546e+00 -1.877213460518203814e+00
-1.410424576037991873e+00 -1.418250857091043038e+00 -1.590156927739951653e+00 -4.166140915016670832e+00
-1.001980007156046737e+00 -1.014758429307907717e+00 -4.324574141163504137e+00 -9.682324388804603998e-01
0.000000000000000000e+00 0.000000000000000000e+00 0.000000000000000000e+00 0.000000000000000000e+00
-3.970544339526754563e+00 -8.022735320256766389e-01 -1.492495150317400820e-03 -4.409132957160183386e-01
-9.037436070408304545e-01 -3.473690390536655626e-01 4.650342811408894050e-01 -3.934793783238448861e-01
-3.258488947390965063e-01 -1.339413201051284918e-01 7.889988878451997811e-01 -9.040452932297859956e-01
-4.094104885219967960e-02 3.894221618205074287e-01 9.999999985249581336e-01 -4.452905054342438440e+00
0.000000000000000000e+00 0.000000000000000000e+00 0.000000000000000000e+00 0.000000000000000000e+00
