5.404578550011489568e-01 5.794293210538410399e-01 5.794293210538410399e-01 5.404578550011489568e-01
5.404578550011489568e-01 6.204519168987800981e-01 6.204519168987800981e-01 5.794293210538410399e-01
5.794293210538410399e-01 6.636335967355579957e-01 6.636335967355579957e-01 6.204519168987800981e-01
6.204519168987800981e-01 7.090879965637453264e-01 7.090879965637453264e-01 6.636335967355579957e-01
6.636335966729194347e-01 7.569347332000120332e-01 7.569347332249951599e-01 7.090879965157346199e-01
7.090879962945455528e-01 8.072997191842055109e-01 -5.000000000000000000e+00 7.569347287563097382e-01
0.000000000000000000e+00 0.000000000000000000e+00 0.000000000000000000e+00 0.000000000000000000e+00
-5.000000000000000000e+00 9.157075907777295631e-01 -1.339334228921348069e-01 6.896833377698770029e-01
-1.363145255453429849e-01 7.709309080649089374e-01 -1.306843875851879111e-01 -1.338662659417350353e-01
-1.333016738351130714e-01 -1.279310856052570944e-01 -1.272328999478642975e-01 -1.293033294075329187e-01
-1.303307907832048085e-01 -1.251394237638305540e-01 -1.168259965282356233e-01 -1.271963716281047097e-01
-1.268499651824717689e-01 -9.732096864704198325e-02 -1.197362303827749080e-01 -1.167917689465402115e-01
-1.222149520452575078e-01 -1.170448288778967727e-01 -1.166364505294712889e-01 -1.169146206120089543e-01
-1.198019807914194323e-01 -1.130378839118190842e-01 -1.084802812517317999e-01 -1.137310092572121484e-01
-1.133706710295037390e-01 -1.100702325037341139e-01 -1.032296935327683962e-01 -1.096398958256480649e-01
-1.099434219574589311e-01 -7.932850929736699752e-02 -1.059121607014584521e-01 -1.010126866098299547e-01
-1.013346418722086417e-01 -1.022027184640036945e-01 -1.029871595381316035e-01 -1.030237143251981902e-01
-1.033952687021827410e-01 -9.909982040310150175e-02 -1.016606623707916046e-01 -1.013869828019057506e-01
-1.030858880762995367e-01 -1.003450814674676506e-01 -1.020756552379504384e-01 -9.726841561232001110e-02
-1.017995677697556139e-01 -9.815416318394386275e-02 -1.017879294467983753e-01 -1.020308303577877745e-01
5.794293210538410399e-01 -5.000000000000000000e+00 6.204519168987800981e-01 5.404578550011489568e-01
5.794293210538410399e-01 -5.000000000000000000e+00 6.636335967355579957e-01 5.794293210538410399e-01
6.204519168987800981e-01 7.090879965637453264e-01 7.090879965637453264e-01 6.204519168987800981e-01
6.636335967355579957e-01 7.569347332249951599e-01 7.569347332249951599e-01 6.636335967355579957e-01
7.090879965637453264e-01 8.072997191842055109e-01 8.072997191842055109e-01 7.090879965637453264e-01
7.569347332249951599e-01 8.603154938781111261e-01 8.603154938750435798e-01 7.569347332249951599e-01
8.072776691561002194e-01 9.160417400281176681e-01 9.161215725032745283e-01 -5.000000000000000000e+00
8.603148266730461513e-01 9.748648131613421031e-01 9.226198967683810759e-01 8.583870665509527598e-01
9.160883199381001374e-01 1.027259255912907010e+00 8.954903155238760348e-01 3.269952154938268185e-01
5.326139661385487223e-01 9.645009632244012643e-01 -1.238595854369126115e-01 -1.304353537157682263e-01
-1.286297569510116978e-01 -1.192679952295299384e-01 -1.008542931711582380e-01 -1.260717542893702858e-01
-1.247214124140095526e-01 -5.000000000000000000e+00 -7.199068186095855526e-02 -1.157460694148325919e-01
-1.193436812822749327e-01 6.424478613721588127e-01 -1.147646009639850112e-01 -1.175978607320531111e-01
-1.158032607973900341e-01 -1.110965952151725528e-01 -1.111181760003309843e-01 -1.143705961579986746e-01
-1.103850379823623079e-01 3.304753289495606650e-01 -1.067739944710475730e-01 -1.109909624465062750e-01
-1.063893935123040868e-01 9.666040998728253619e-01 -1.023620236172553405e-01 -1.031759812636865309e-01
-1.051248060518872457e-01 -9.829837903226017193e-02 -1.010435887897741108e-01 -1.053687453852805156e-01
-1.025426880836920046e-01 -9.693348060576556513e-02 -1.006006297381520781e-01 -9.706150340134807319e-02
-9.843795812001915335e-02 -9.818049763235782434e-02 -9.942215608293586415e-02 -9.995872911112253789e-02
-9.787844868524535336e-02 -9.826899366804746350e-02 -1.002790385067663936e-01 -9.912871510346553394e-02
0.000000000000000000e+00 0.000000000000000000e+00 0.000000000000000000e+00 0.000000000000000000e+00
0.000000000000000000e+00 0.000000000000000000e+00 0.000000000000000000e+00 0.000000000000000000e+00
-5.000000000000000000e+00 7.569347332249951599e-01 7.569347332249951599e-01 6.636335967355579957e-01
7.090879965637453264e-01 8.072997191842055109e-01 8.072997191842055109e-01 7.090879965637453264e-01
7.569347332249951599e-01 8.603154938781111261e-01 8.603154938781111261e-01 7.569347332249951599e-01
8.072997191842055109e-01 9.161215725032749724e-01 9.161215725032749724e-01 8.072997191842055109e-01
8.603154937031417537e-01 9.748648131496360225e-01 9.748648131613421031e-01 8.603154898976776987e-01
9.161215724740621180e-01 1.036699803327728597e+00 1.036699802332744946e+00 9.161215496458280372e-01
9.748632618915251680e-01 1.101789266660386790e+00 9.714495956022096701e-01 8.597132759631643806e-01
1.036645418761212856e+00 6.890270989081190844e-01 -1.224107186122654067e-01 6.591430766014003684e-01
-1.261564788856333885e-01 5.775695347943701208e-01 -5.000000000000000000e+00 -1.208578818186775289e-01
0.000000000000000000e+00 0.000000000000000000e+00 0.000000000000000000e+00 0.000000000000000000e+00
-5.000000000000000000e+00 1.023565904026436213e+00 2.487274573694708835e-02 -8.221389858837976905e-02
-1.130010249948817935e-01 -5.000000000000000000e+00 3.918799587252020378e-01 -1.102700053048716600e-01
2.465113418851880289e-02 -1.027862074900581513e-01 7.697702257345572230e-01 -1.083282827484035177e-01
1.023460209027807488e-01 1.504027137698497718e+00 -9.758850521062499561e-02 1.039683153668778809e-01
-1.011140714347326247e-01 -9.760957537078229773e-02 -9.863463595572057041e-02 -1.020007473949209875e-01
-1.013089023219233831e-01 -9.582469997532541695e-02 -9.680993271095199304e-02 -1.000488124684886099e-01
-9.850552242953865278e-02 -9.491192897190636746e-02 -9.659146778116019239e-02 -9.739245003126292821e-02
-9.707515029758620462e-02 -9.615006302259594684e-02 -9.922702861642912486e-02 -9.687012859652376073e-02
6.636335556747944286e-01 7.090873894496803054e-01 7.090879965637453264e-01 -5.000000000000000000e+00
6.636335967355579957e-01 7.569347332249951599e-01 7.569347332249951599e-01 -5.000000000000000000e+00
7.090879965637453264e-01 8.072997191842055109e-01 8.072997191842055109e-01 7.090879965637453264e-01
7.569347332249951599e-01 8.603154938781111261e-01 8.603154938781111261e-01 7.569347332249951599e-01
8.072997191842055109e-01 9.161215725032749724e-01 9.161215725032749724e-01 8.072997191842055109e-01
8.603154938781111261e-01 9.748648131613421031e-01 9.748648131613421031e-01 8.603154938781111261e-01
9.161215725032716417e-01 1.036699803327728597e+00 1.036699803327707947e+00 9.161215725032618717e-01
9.748648131609728429e-01 1.101789266660766931e+00 1.101789266660732736e+00 9.748648131587436261e-01
1.036699803295275446e+00 1.170304491221860088e+00 1.036699418294003916e+00 1.036699803030192601e+00
1.101789229616718435e+00 -5.000000000000000000e+00 4.268186760253781520e-01 4.990623784862924239e-01
6.887442474761841238e-01 8.845839011402115704e-01 -5.686193513311128128e-02 2.410219225973480595e-01
-1.143239259571705579e-01 -5.000000000000000000e+00 7.083132415316910624e-01 -5.000000000000000000e+00
-5.853849286563288234e-02 1.421595592523255291e+00 -5.000000000000000000e+00 8.388983296818521840e-01
0.000000000000000000e+00 0.000000000000000000e+00 0.000000000000000000e+00 0.000000000000000000e+00
-4.999999999999576339e+00 -3.084986456799890947e-02 9.423684597008676889e-01 -1.029120291378098351e-01
-8.858743850597988745e-02 1.713906261296950673e+00 -9.614424074479903382e-02 1.146000053121411399e+00
-9.753207479524748924e-02 -4.999999928255465242e+00 -9.583442660366504884e-02 -9.842095007101855919e-02
-9.863978015096992735e-02 -9.151155639777980300e-02 -9.122918344446037664e-02 -9.910202789742590668e-02
-9.303876636164606917e-02 -9.225767666333750672e-02 -9.495844386407290005e-02 -9.873171736396933740e-02
-9.593214667485480684e-02 -9.168224158223015063e-02 -9.590912541351276355e-02 -9.909152407860513656e-02
7.090876815789464160e-01 7.569270447646823108e-01 7.569347332249951599e-01 6.636335967319945128e-01
7.090879965637453264e-01 8.072997191842055109e-01 8.072997191842055109e-01 7.090879965637453264e-01
7.569347332249951599e-01 8.603154938781111261e-01 8.603154938781111261e-01 7.569347332249951599e-01
8.072997191842055109e-01 9.161215725032749724e-01 9.161215725032749724e-01 8.072997191842055109e-01
8.603154938781111261e-01 9.748648131613421031e-01 9.748648131613421031e-01 8.603154938781111261e-01
9.161215725032749724e-01 1.036699803327728597e+00 1.036699803327728597e+00 9.161215725032749724e-01
9.748648131613421031e-01 1.101789266660766931e+00 1.101789266660766931e+00 9.748648131613421031e-01
1.036699803327728597e+00 1.170304491221860088e+00 1.170304491221860088e+00 1.036699803327728597e+00
1.101789266660764044e+00 1.242425780233537003e+00 -5.000000000000000000e+00 1.101789266660766486e+00
0.000000000000000000e+00 0.000000000000000000e+00 0.000000000000000000e+00 0.000000000000000000e+00
-5.000000000000000000e+00 1.396543597206012066e+00 -5.000000000000000000e+00 4.242974613528256445e-01
0.000000000000000000e+00 0.000000000000000000e+00 0.000000000000000000e+00 0.000000000000000000e+00
-4.999999999947698726e+00 1.560363651766592641e+00 -2.808647323317793945e-02 1.046767397827377710e+00
-1.003445058425559561e-01 -6.242375169211299146e-02 1.612254970681884947e+00 -4.999999999999988454e+00
5.080918158139838825e-01 1.549348942799499085e+00 1.734447413106275260e+00 -5.880288103463653104e-02
1.439028795877321354e+00 1.858793229477422981e+00 -4.999999998062897077e+00 8.474114554383939124e-01
0.000000000000000000e+00 0.000000000000000000e+00 0.000000000000000000e+00 0.000000000000000000e+00
-4.999999760851549624e+00 -8.751643954634091838e-02 -8.920670282594880818e-02 -9.298041236044174429e-02
-9.009659348051943240e-02 -8.993706053849487292e-02 -9.158214128975562807e-02 -8.940713979789932653e-02
-8.949448067628298920e-02 -8.610214288967277252e-02 -9.164081127607554000e-02 -9.530069305419766601e-02
7.569263281813313204e-01 8.072811048257169109e-01 8.072997191842055109e-01 7.090879840470043494e-01
7.569347332249951599e-01 8.603154938781111261e-01 8.603154938781111261e-01 7.569347332249951599e-01
8.072997191842055109e-01 9.161215725032749724e-01 9.161215725032749724e-01 8.072997191842055109e-01
8.603154938781111261e-01 9.748648131613421031e-01 9.748648131613421031e-01 8.603154938781111261e-01
9.161215725032749724e-01 1.036699803327728597e+00 1.036699803327728597e+00 9.161215725032749724e-01
9.748648131613421031e-01 1.101789266660766931e+00 1.101789266660766931e+00 9.748648131613421031e-01
1.036699803327728597e+00 1.170304491221860088e+00 1.170304491221860088e+00 1.036699803327728597e+00
1.101789266660766931e+00 1.242425780233537003e+00 1.242425780233537003e+00 1.101789266660766931e+00
1.170304491221860088e+00 1.318342926561618000e+00 1.318342926561618000e+00 1.170304491221860088e+00
1.242425780185584028e+00 1.398255712170124232e+00 1.398226635189865341e+00 -5.000000000000000000e+00
1.314807572129961244e+00 1.482374433863199448e+00 1.466072805645125321e+00 1.311332150591965062e+00
1.394078450840780858e+00 1.570920414822249978e+00 1.428711848793553507e+00 -5.000000000000000000e+00
1.197094746809289401e+00 1.663450241515083583e+00 1.226794402597073841e+00 1.360577351071390773e+00
1.523560340570370597e+00 -5.457613339571430744e-02 1.731047777636432583e+00 1.339112752676296481e+00
1.583233322020410005e+00 1.848956623648827513e+00 1.687389508979866282e+00 1.437416625584391205e+00
8.992335001303608522e-01 1.973735591277007817e+00 1.027341574031323645e+00 1.579708218507747786e+00
1.344036892762641155e+00 1.271575386543422281e+00 2.769926325329855610e-01 -4.999999999998587796e+00
1.194929766893897849e+00 -8.782969397764481267e-02 -8.811647281063533788e-02 -9.040054238715125590e-02
-8.730368087010861866e-02 -8.692677827323355699e-02 -8.620250324993168622e-02 -8.986247500409555444e-02
-8.951628299151942469e-02 -8.372645675410558819e-02 -8.540499705868598301e-02 -8.992894755399152840e-02
8.072993358689731780e-01 8.603152969133430750e-01 8.603154938781111261e-01 7.569331426585146350e-01
8.072997191842055109e-01 9.161215725032749724e-01 9.161215725032749724e-01 8.072997191842055109e-01
8.603154938781111261e-01 9.748648131613421031e-01 9.748648131613421031e-01 8.603154938781111261e-01
9.161215725032749724e-01 1.036699803327728597e+00 1.036699803327728597e+00 9.161215725032749724e-01
9.748648131613421031e-01 1.101789266660766931e+00 1.101789266660766931e+00 9.748648131613421031e-01
1.036699803327728597e+00 1.170304491221860088e+00 1.170304491221860088e+00 1.036699803327728597e+00
1.101789266660766931e+00 -5.000000000000000000e+00 1.242425780233537003e+00 1.101789266660766931e+00
1.170304491221860088e+00 1.318342926561618000e+00 1.318342926561618000e+00 1.170304491221860088e+00
1.242425780233537003e+00 1.398255712170124232e+00 1.398255712170124232e+00 1.242425780233537003e+00
1.318342926561618000e+00 1.482374433863288710e+00 1.482374433863288710e+00 1.318342926561618000e+00
1.398255712160476838e+00 1.570920456698178480e+00 1.570920456698198686e+00 1.398255712157812969e+00
1.482374433834531935e+00 1.664126796524419749e+00 1.664126752413354726e+00 1.482374168953652482e+00
1.570545033835499593e+00 1.762238732982690737e+00 1.747063252282246681e+00 1.553105989123912734e+00
1.621658855332104743e+00 1.689415294914593080e+00 1.865504613932730038e+00 1.556200235000289256e+00
1.749388548565894430e+00 1.942669949075361391e+00 1.974224518330267575e+00 1.505958492951079863e+00
1.862619174524255072e+00 2.088658628642005244e+00 1.426932753375306895e+00 1.847291326109319565e+00
1.355556776483508141e+00 2.147060359851469258e+00 1.140398615527732140e+00 1.043100140825649280e+00
1.018709712795803801e+00 1.610107196594432244e+00 -8.309077534545812604e-02 6.489224065717235090e-01
1.038722901623470696e+00 3.046403456241075780e-01 -8.357319110411182139e-02 -8.680536975771795116e-02
-8.244517416705457458e-02 -4.999999760851549624e+00 -8.317474226662791015e-02 -8.790279343237904219e-02
8.603096190367197638e-01 9.161215725032749724e-01 9.161153797835146495e-01 8.072935543275900905e-01
8.603154938781111261e-01 9.748648131613391055e-01 9.748648131613421031e-01 8.603154938781110150e-01
9.161215725032749724e-01 1.036699803327728597e+00 1.036699803327728597e+00 9.161215725032749724e-01
9.748648131613421031e-01 1.101789266660766931e+00 1.101789266660766931e+00 9.748648131613421031e-01
1.036699803327728597e+00 1.170304491221860088e+00 1.170304491221860088e+00 1.036699803327728597e+00
1.101789266660766931e+00 1.242425780233537003e+00 -5.000000000000000000e+00 1.101789266660766931e+00
0.000000000000000000e+00 0.000000000000000000e+00 0.000000000000000000e+00 0.000000000000000000e+00
-5.000000000000000000e+00 1.398255712170124232e+00 1.398255712170124232e+00 1.242425780233537003e+00
1.318342926561618000e+00 1.482374433863288710e+00 1.482374433863288710e+00 1.318342926561618000e+00
1.398255712170124232e+00 1.570920456698198686e+00 1.570920456698198686e+00 1.398255712170124232e+00
1.482374433863288710e+00 1.664126796524419749e+00 1.664126796524419749e+00 1.482374433863288710e+00
1.570920456698077228e+00 1.762238733183599804e+00 1.762238733181666239e+00 1.570920456696442091e+00
1.664125363835521565e+00 1.864414481570821014e+00 1.865514455982611119e+00 1.664106116877462904e+00
1.746887980196557333e+00 1.974225641185212821e+00 1.974225743139643718e+00 1.762072764879377473e+00
1.865502166422338570e+00 2.088658676989180396e+00 2.088600553358697987e+00 1.862883088640269635e+00
1.973604350266475294e+00 2.209114396830698546e+00 2.196665985301360369e+00 1.973921652721612574e+00
2.086189650767324100e+00 2.335789963072542275e+00 1.986360296448658858e+00 1.939428169129737700e+00
2.194149368730945238e+00 1.847350419776767838e+00 7.526127954186521141e-01 1.367087050537973747e+00
1.178902362864558295e+00 -7.960318219079846880e-02 -4.999970475499999623e+00 1.698056926582420245e-01
0.000000000000000000e+00 0.000000000000000000e+00 0.000000000000000000e+00 0.000000000000000000e+00
9.135734229914234117e-01 9.748545624243888374e-01 9.748648131613421031e-01 8.603154264088943570e-01
9.161215725032740842e-01 1.036699803303848588e+00 1.036699803327728597e+00 9.161215724945228622e-01
9.748648131613421031e-01 1.101789266660766931e+00 1.101789266660766931e+00 9.748648131613421031e-01
1.036699803327728597e+00 1.170304491221860088e+00 1.170304491221860088e+00 1.036699803327728597e+00
1.101789266660766931e+00 1.242425780233537003e+00 1.242425780233537003e+00 1.101789266660766931e+00
1.170304491221860088e+00 1.318342926561618000e+00 1.318342926561618000e+00 1.170304491221860088e+00
1.242425780233537003e+00 1.398255712170124232e+00 1.398255712170124232e+00 -5.000000000000000000e+00
1.318342926561618000e+00 1.482374433863288710e+00 1.482374433863288710e+00 1.318342926561618000e+00
1.398255712170124232e+00 1.570920456698198686e+00 1.570920456698198686e+00 1.398255712170124232e+00
1.482374433863288710e+00 1.664126796524419749e+00 1.664126796524419749e+00 1.482374433863288710e+00
1.570920456698198686e+00 1.762238733183599804e+00 1.762238733183599804e+00 1.570920456698198686e+00
1.664126796524419749e+00 1.865514455982736797e+00 1.865514455982736797e+00 1.664126796524419749e+00
1.762238730395641273e+00 1.974225743139722988e+00 1.974225742181096921e+00 1.762238726276268208e+00
1.865504804644699588e+00 2.088658676989182172e+00 2.088658149349958304e+00 1.865501569886744315e+00
1.974223929000743061e+00 2.209114396830718086e+00 2.209114364667602359e+00 1.974224936026944377e+00
2.088656023914635007e+00 2.335909891400755889e+00 2.328109960506732357e+00 2.088658663846509000e+00
2.209100948720366997e+00 2.469378728743168772e+00 2.172157296426802109e+00 2.205890474396148715e+00
1.923722630235443543e+00 2.334951482762189112e+00 1.895287344866754875e+00 1.703872555337132555e+00
2.189949601560254422e+00 -1.772573496938469051e-03 1.435671821341368393e+00 -8.491724053034041542e-02
1.863459888476350024e+00 -7.020447209975799741e-02 -7.185965474707121936e-02 -4.999991142649999887e+00
9.659332568461947988e-01 -5.000000000000000000e+00 1.036699803327704394e+00 9.153586882717645867e-01
9.748648131601871381e-01 1.101508277615238729e+00 1.101789266660766931e+00 9.748648131603024902e-01
1.036699803327728597e+00 1.170304491221860088e+00 1.170304491221860088e+00 1.036699803327728597e+00
1.101789266660766931e+00 1.242425780233537003e+00 1.242425780233537003e+00 1.101789266660766931e+00
1.170304491221860088e+00 1.318342926561618000e+00 1.318342926561618000e+00 1.170304491221860088e+00
1.242425780233537003e+00 1.398255712170124232e+00 1.398255712170124232e+00 1.242425780233537003e+00
1.318342926561618000e+00 1.482374433863288710e+00 1.482374433863288710e+00 1.318342926561618000e+00
1.398255712170124232e+00 1.570920456698198686e+00 1.570920456698198686e+00 1.398255712170124232e+00
1.482374433863288710e+00 1.664126796524419749e+00 1.664126796524419749e+00 1.482374433863288710e+00
1.570920456698198686e+00 1.762238733183599804e+00 1.762238733183599804e+00 1.570920456698198686e+00
1.664126796524419749e+00 1.865514455982736797e+00 1.865514455982736797e+00 1.664126796524419749e+00
1.762238733183599804e+00 1.974225743139722988e+00 1.974225743139722988e+00 1.762238733183599804e+00
1.865514455982736797e+00 2.088658676989182172e+00 2.088658676989182172e+00 1.865514455982736797e+00
1.974225743139722988e+00 2.209114396830718086e+00 2.209114396830718086e+00 1.974225743139722988e+00
2.088658676989179952e+00 2.335909891069712696e+00 2.335909891400755889e+00 2.088658676775521528e+00
2.209114393312314739e+00 2.469378833053426980e+00 2.469378833053381239e+00 2.209114396830718086e+00
2.335909867238980198e+00 2.609872455845712480e+00 2.335908477634215608e+00 2.335909522998940613e+00
2.469378821918448264e+00 2.466085430115961152e+00 1.427025935430689341e+00 1.499985041256185481e+00
-6.957152604425470566e-02 1.159603466571156094e+00 -7.076227257800420112e-02 1.833437993983374259e+00
-6.418008252934645497e-02 -4.999997342794999966e+00 -6.688591488120411432e-02 8.622862587782578192e-01
0.000000000000000000e+00 0.000000000000000000e+00 0.000000000000000000e+00 0.000000000000000000e+00
-5.000000000000000000e+00 1.036486833109417915e+00 1.170304491221860088e+00 1.036699803327660430e+00
1.101789266660766931e+00 1.101789266660766931e+00 1.242425780233537003e+00 1.101789266660766931e+00
1.170304491221860088e+00 1.170304491221860088e+00 1.318342926561618000e+00 1.170304491221860088e+00
1.242425780233537003e+00 1.242425780233537003e+00 1.398255712170124232e+00 1.242425780233537003e+00
1.318342926561618000e+00 1.318342926561618000e+00 1.482374433863288710e+00 1.318342926561618000e+00
1.398255712170124232e+00 -5.000000000000000000e+00 1.570920456698198686e+00 1.398255712170124232e+00
1.482374433863288710e+00 1.664126796524419749e+00 1.664126796524419749e+00 1.482374433863288710e+00
1.570920456698198686e+00 1.762238733183599804e+00 1.762238733183599804e+00 1.570920456698198686e+00
1.664126796524419749e+00 1.865514455982736797e+00 1.865514455982736797e+00 1.664126796524419749e+00
1.762238733183599804e+00 1.974225743139722988e+00 1.974225743139722988e+00 1.762238733183599804e+00
1.865514455982736797e+00 2.088658676989182172e+00 2.088658676989182172e+00 1.865514455982736797e+00
1.974225743139722988e+00 -5.000000000000000000e+00 2.209114396830718086e+00 1.974225743139722988e+00
2.088658676989182172e+00 2.335909891400755889e+00 2.335909891400755889e+00 2.088658676989182172e+00
2.209114396830718086e+00 2.469378833053426980e+00 2.469378833053426980e+00 2.209114396830718086e+00
2.335909891400755889e+00 2.609872455845712480e+00 2.609872455845712480e+00 2.335909891400755889e+00
2.469378831824712961e+00 2.757760479837592094e+00 2.469378403960322821e+00 2.469378832811814473e+00
2.573948867239196137e+00 2.609872455382025613e+00 1.005956103726513229e+00 2.148046653069359380e+00
6.757771103304368587e-01 -4.999671949999999754e+00 -4.998906500000000364e+00 1.673188756386121190e+00
0.000000000000000000e+00 0.000000000000000000e+00 0.000000000000000000e+00 0.000000000000000000e+00
-1.200168604783269227e-01 -1.179402378600848400e-01 1.026381364762453341e+00 -5.000000000000000000e+00
8.778736894222904930e-01 8.905470391019238985e-01 1.101789248865389981e+00 7.344917060456634950e-01
1.036663302617709226e+00 1.170286416701130872e+00 1.170304491221860088e+00 1.170304489554695904e+00
1.101789266660766931e+00 1.242425780233533006e+00 1.242425780233537003e+00 1.242425780233529675e+00
1.170304491221860088e+00 1.318342926561618000e+00 1.318342926561618000e+00 1.318342926561618000e+00
1.242425780233537003e+00 1.398255712170124232e+00 -5.000000000000000000e+00 1.398255712170124232e+00
0.000000000000000000e+00 0.000000000000000000e+00 0.000000000000000000e+00 0.000000000000000000e+00
-5.000000000000000000e+00 1.570920456698198686e+00 1.762238733183599804e+00 1.570920456698198686e+00
1.664126796524419749e+00 1.664126796524419749e+00 1.865514455982736797e+00 1.664126796524419749e+00
1.762238733183599804e+00 1.762238733183599804e+00 1.974225743139722988e+00 1.762238733183599804e+00
1.865514455982736797e+00 -5.000000000000000000e+00 2.088658676989182172e+00 1.865514455982736797e+00
1.974225743139722988e+00 2.209114396830718086e+00 -5.000000000000000000e+00 1.974225743139722988e+00
0.000000000000000000e+00 0.000000000000000000e+00 0.000000000000000000e+00 0.000000000000000000e+00
-5.000000000000000000e+00 2.469378833053426980e+00 2.469378833053426980e+00 2.209114396830718086e+00
2.335909891400755889e+00 2.609872455845712480e+00 2.609872455845712480e+00 2.335909891400755889e+00
2.469378833053426980e+00 2.757760479837592094e+00 2.757760479837592094e+00 2.469378833053426980e+00
2.609872455845712480e+00 2.913432084039570658e+00 2.609872455845582362e+00 2.609872455845710260e+00
2.757760479837588985e+00 -4.999999202838499635e+00 -4.999999978476639129e+00 2.469306150912311981e+00
0.000000000000000000e+00 0.000000000000000000e+00 0.000000000000000000e+00 0.000000000000000000e+00
-4.549999999999999822e+00 -1.305150000000000060e-02 -6.999999999999999278e-03 0.000000000000000000e+00
-1.157449167027251730e-01 -1.154102579292021757e-01 -1.151005292606381847e-01 -1.185080776903396776e-01
-1.187134887830497143e-01 8.429106975795235268e-01 1.167129047490570004e+00 6.901237602398090365e-01
1.031600956472152220e+00 -1.105232679394354128e-01 1.242425748186427592e+00 9.921447775879193021e-01
1.170196036223925429e+00 -5.000000000000000000e+00 1.318342926561618000e+00 1.170296911252135308e+00
1.242425780233535892e+00 1.242425709017412228e+00 1.398255712170124232e+00 1.242425780233537003e+00
1.318342926352546129e+00 -5.000000000000000000e+00 1.482374433863288710e+00 1.318342926561607120e+00
1.398255712092823178e+00 1.378350052730078934e+00 1.570920456698198686e+00 -5.000000000000000000e+00
1.482374433863288710e+00 1.482374433858873353e+00 1.664126796524419749e+00 1.664126796524419749e+00
1.570920456698198686e+00 1.570920456698198686e+00 1.762238733183599804e+00 1.762238733183599804e+00
1.664126796524419749e+00 1.664126796524419749e+00 -5.000000000000000000e+00 1.865514455982736797e+00
0.000000000000000000e+00 0.000000000000000000e+00 0.000000000000000000e+00 0.000000000000000000e+00
-5.000000000000000000e+00 -5.000000000000000000e+00 2.335909891400755889e+00 2.088658676989182172e+00
2.209114396830718086e+00 -5.000000000000000000e+00 2.469378833053426980e+00 -5.000000000000000000e+00
2.335909891400755889e+00 2.609872455845712480e+00 2.609872455845712480e+00 2.335909891400755889e+00
2.469378833053426980e+00 2.757760479837592094e+00 2.757760479837592094e+00 2.469378833053426980e+00
2.609872455845712480e+00 2.913432084039570658e+00 2.913432084039570658e+00 2.609872455845712480e+00
2.757760479837592094e+00 3.077296930567968936e+00 -5.000000000000000000e+00 2.757760479837592094e+00
0.000000000000000000e+00 0.000000000000000000e+00 0.000000000000000000e+00 0.000000000000000000e+00
-4.865000000000000213e+00 3.403464916760618131e+00 -1.375499999999999813e-02 -4.549999999999999822e+00
-1.375499999999999813e-02 3.153755468450785582e+00 -9.100000000000000450e-03 -9.730000000000000801e-03
-1.155309636595122647e-01 -5.000000000000000000e+00 5.980275364776905800e-01 -1.158882212030256792e-01
-1.155008463149891779e-01 -1.080710242067897259e-01 -1.078303683334570218e-01 9.811245861303626858e-01
-1.118735673747624365e-01 -1.059075951158631040e-01 -5.000000000000000000e+00 -1.132508516924186637e-01
0.000000000000000000e+00 0.000000000000000000e+00 0.000000000000000000e+00 0.000000000000000000e+00
-5.000000000000000000e+00 -9.701552097837203015e-02 -5.000000000000000000e+00 1.318342920439879107e+00
0.000000000000000000e+00 0.000000000000000000e+00 0.000000000000000000e+00 0.000000000000000000e+00
-4.999999999999576339e+00 1.316851493984948274e+00 1.479154325339636644e+00 1.340299538876757790e+00
1.214928287252971417e+00 1.378868864974162278e+00 1.566892297710723136e+00 1.570920456698198686e+00
1.482374259396170624e+00 1.482330071127297977e+00 1.664126796524419749e+00 1.664111819768734790e+00
1.570916991118704642e+00 1.396307985042256394e+00 -5.000000000000000000e+00 1.762238733183599804e+00
0.000000000000000000e+00 0.000000000000000000e+00 0.000000000000000000e+00 0.000000000000000000e+00
0.000000000000000000e+00 0.000000000000000000e+00 0.000000000000000000e+00 0.000000000000000000e+00
0.000000000000000000e+00 0.000000000000000000e+00 0.000000000000000000e+00 0.000000000000000000e+00
-5.000000000000000000e+00 2.757760479837592094e+00 2.757760479837592094e+00 2.469378833053426980e+00
2.609872455845712480e+00 2.913432084039570658e+00 2.913432084039570658e+00 2.609872455845712480e+00
2.757760479837592094e+00 3.077296930567968936e+00 3.077296930567968936e+00 2.757760479837592094e+00
2.913432084039570658e+00 3.249786242703124994e+00 -5.000000000000000000e+00 2.913432084039570658e+00
0.000000000000000000e+00 0.000000000000000000e+00 0.000000000000000000e+00 0.000000000000000000e+00
-4.999671949999999754e+00 3.622477831249999891e+00 3.586864015012371620e+00 3.019299739168689989e+00
3.431351443079720287e+00 3.823408891259043596e+00 3.336566724844519882e+00 2.505072992911715701e+00
0.000000000000000000e+00 0.000000000000000000e+00 0.000000000000000000e+00 0.000000000000000000e+00
-5.000000000000000000e+00 -1.032682441457133671e-01 -1.037458221967815092e-01 5.979803513631125611e-01
-1.054450906715382469e-01 -1.020494488674070499e-01 -5.000000000000000000e+00 -1.078521484456233248e-01
0.000000000000000000e+00 0.000000000000000000e+00 0.000000000000000000e+00 0.000000000000000000e+00
-5.000000000000000000e+00 -9.176145493920249974e-02 -9.219405090028892635e-02 -9.994989176823750043e-02
-9.559415129221660035e-02 -8.665280032579947278e-02 -8.882807612265777863e-02 -4.999999999984309440e+00
-9.154488768921829889e-02 -4.999999999947698726e+00 1.397591947843909610e+00 1.198307025200245235e+00
-8.940781626643619362e-02 9.533323603018730719e-01 1.482374000087021360e+00 1.469717574487547695e+00
1.353788328184607703e+00 1.228010189696934207e+00 1.387853916871361948e+00 1.570920456689257838e+00
1.482279979656612179e+00 5.438409082049469045e-01 -7.113180145050429504e-02 1.507158244465643948e+00
-7.631897036398810341e-02 -6.814909798051356493e-02 -6.740388912638063668e-02 -4.996355000000000324e+00
-6.932958820964583990e-02 -6.408968358676231380e-02 1.803813892486856085e+00 -4.999999202838499635e+00
-6.764035383996383488e-02 -6.240574480560427684e-02 2.757704768383924421e+00 -4.999999978476639129e+00
2.609740976755802855e+00 2.609852655905296359e+00 2.913432084039570658e+00 2.609872452376859719e+00
2.757760479837592094e+00 -5.000000000000000000e+00 3.077296930567968936e+00 2.757760479837592094e+00
2.913432084039570658e+00 3.249786242703124994e+00 3.249786242703124994e+00 2.913432084039570658e+00
3.077296930567968936e+00 3.431353939687499910e+00 3.431353939687499910e+00 3.077296930567968936e+00
3.249786242703124994e+00 3.622477831249999891e+00 3.622477831249999891e+00 -5.000000000000000000e+00
3.431353939687499910e+00 3.823660874999999848e+00 3.823660874999999848e+00 3.431353939687499022e+00
3.622477799020963118e+00 4.035432499999999756e+00 3.823655281523135940e+00 3.619264798641434133e+00
-9.725696275576310723e-02 -9.460718865468989436e-02 -9.678956426234758270e-02 -4.999999999998587796e+00
-9.827679820990423143e-02 -5.000000000000000000e+00 -1.002833938048188211e-01 -1.044237883384502019e-01
-1.017912103324296325e-01 -9.696700660921245274e-02 -5.000000000000000000e+00 -1.061714566694385575e-01
0.000000000000000000e+00 0.000000000000000000e+00 0.000000000000000000e+00 0.000000000000000000e+00
-4.999999999999576339e+00 -8.734305888377087712e-02 -8.651316439324255314e-02 -9.597271552104140457e-02
-8.932490446814031482e-02 -8.417770879984484700e-02 -4.999999760851549624e+00 -8.944669819573058955e-02
0.000000000000000000e+00 0.000000000000000000e+00 0.000000000000000000e+00 0.000000000000000000e+00
-4.999999999984309440e+00 -7.800569506537113895e-02 6.450574053766140459e-01 1.358116223371445885e+00
6.044854727912674086e-01 -7.444887918327131038e-02 6.892203265564718073e-01 1.440043340582533027e+00
1.208650954627541019e+00 -6.685509746917468743e-02 -6.471565601495483933e-02 9.559296012648428320e-01
-6.390042123139261232e-02 -6.328562520750309617e-02 -6.508374452815804401e-02 -6.874938441758615681e-02
-6.621042935432641663e-02 -5.969950858008672007e-02 -6.079431730517435850e-02 -6.674271455968042166e-02
-6.173593098102028026e-02 -5.557634743717754233e-02 2.367494614880174986e+00 -5.721990047818431568e-02
1.176405800186468564e+00 -6.127240976134203099e-02 -4.987849999999999895e+00 2.757758669623092462e+00
0.000000000000000000e+00 0.000000000000000000e+00 0.000000000000000000e+00 0.000000000000000000e+00
-5.000000000000000000e+00 -5.000000000000000000e+00 3.431353939687499910e+00 3.077296930567968936e+00
3.249786242703124994e+00 3.622477831249999891e+00 3.622477831249999891e+00 3.249786242703124994e+00
3.431353939687499910e+00 3.823660874999999848e+00 3.823660874999999848e+00 3.431353939687499910e+00
3.622477831249999891e+00 4.035432499999999756e+00 4.035432499999999756e+00 3.622477831249999891e+00
3.823660874999999848e+00 4.258350000000000080e+00 4.035432499999999756e+00 3.823660874999999848e+00
-9.333721865683680674e-02 -9.429943173321662930e-02 -4.999999928255465242e+00 -9.364505021766390824e-02
0.000000000000000000e+00 0.000000000000000000e+00 0.000000000000000000e+00 0.000000000000000000e+00
-5.000000000000000000e+00 -9.445148348247772718e-02 -9.168990805621611562e-02 -9.829387757068974718e-02
-9.375484609088523269e-02 -8.867570200057310614e-02 -8.718845454811735562e-02 -4.999970475499999623e+00
-8.253018100742492980e-02 -8.188576792123582193e-02 -8.504291412415083962e-02 -8.937216468024253291e-02
-8.550811158498342057e-02 -8.582094427500716605e-02 -8.350547993328971685e-02 -8.691207959951124939e-02
-8.686547371544824092e-02 -7.964955102574385049e-02 -7.882007949576658179e-02 -4.999999202838499635e+00
-8.182296725813786864e-02 -7.352769321077812226e-02 -7.383438410000803254e-02 -7.566582538478647257e-02
-7.730013005646663160e-02 -6.988435185964275709e-02 -7.021745791943244386e-02 -7.432188784418963801e-02
-6.576431501193204243e-02 -6.415535889212284348e-02 -6.469413062146281423e-02 6.893772781514482251e-01
-6.612280471701156848e-02 -5.984188347755472343e-02 -6.088655125657061601e-02 -6.815027427457774623e-02
-5.693220858354218483e-02 -4.999999202838499635e+00 1.332046214674001416e-01 -6.333646962860471630e-02
-5.873662287847179753e-02 5.308383490051117315e-01 -5.993320310927208877e-02 -6.246584604548676561e-02
-5.427175789036951803e-02 -4.998906500000000364e+00 -4.998906500000000364e+00 -5.831432945287749747e-02
0.000000000000000000e+00 0.000000000000000000e+00 0.000000000000000000e+00 0.000000000000000000e+00
0.000000000000000000e+00 0.000000000000000000e+00 0.000000000000000000e+00 0.000000000000000000e+00
-4.999999999825661234e+00 3.823533212024927241e+00 3.823660874999999848e+00 3.431353917982442159e+00
3.622477831156441841e+00 4.035432499999999756e+00 4.035432499999999756e+00 3.622477831249828917e+00
3.823660874999999848e+00 4.258350000000000080e+00 4.258350000000000080e+00 3.823660874999999848e+00
4.035432499999999756e+00 4.493000000000000327e+00 4.258350000000000080e+00 4.035432499999999756e+00
-9.410541621515766675e-02 -9.418122920701241241e-02 -9.609220951421543200e-02 -9.336475191825494013e-02
-9.524719481785751118e-02 -4.999901584999999926e+00 -9.362043734506467207e-02 -4.999999202838499635e+00
-9.484173795030620413e-02 -9.367542580264190399e-02 -8.903936989960452297e-02 -9.156003427470010836e-02
-8.889493274311860427e-02 -8.963063744448378223e-02 -8.408006621138146286e-02 -8.502624993929830399e-02
-8.795550834294524334e-02 -8.610739649776455451e-02 -8.356482892368254090e-02 -7.800399477716186969e-02
-8.104370514514216972e-02 -8.040456331072706742e-02 -8.195501267389136701e-02 -8.514160891590066838e-02
-8.229727764576091897e-02 -7.898215932851578025e-02 -7.602361904582836949e-02 -7.737407286610427370e-02
-7.718844988112144589e-02 -7.294391635632355153e-02 -6.999647286397979451e-02 -7.675868202635960369e-02
-7.518466757340774853e-02 -6.529417008333028571e-02 -6.481099638704029831e-02 -7.232898023577165325e-02
-6.854866055847820550e-02 -4.999999999825661234e+00 -5.792527214386723050e-02 -6.831564527545101739e-02
-5.975634342543934691e-02 -5.470826573343317428e-02 -4.999999993542991739e+00 -6.227411061625406918e-02
0.000000000000000000e+00 0.000000000000000000e+00 0.000000000000000000e+00 0.000000000000000000e+00
-4.959500000000000242e+00 2.269107815785230020e+00 -4.996355000000000324e+00 -5.004286017725828595e-02
0.000000000000000000e+00 0.000000000000000000e+00 0.000000000000000000e+00 0.000000000000000000e+00
-4.549999999999999822e+00 2.518990371511567350e+00 -2.977513851375000048e-02 -4.959500000000000242e+00
-3.489435647595624801e-02 -2.462244399999999334e-02 3.756082861224512737e+00 -4.549999999999999822e+00
3.380091249658559338e+00 4.035432498691021941e+00 3.925711149933083899e+00 3.523980301862173814e+00
3.823647033422880703e+00 4.258315401488537155e+00 4.258350000000000080e+00 3.823654061488436895e+00
4.035432499999516587e+00 4.493000000000000327e+00 4.493000000000000327e+00 4.035432499999999756e+00
4.258350000000000080e+00 4.740000000000000213e+00 4.493000000000000327e+00 4.258350000000000080e+00
-9.403114015790511870e-02 -9.548867937062457956e-02 -4.999997342794999966e+00 -9.226848476905046004e-02
0.000000000000000000e+00 0.000000000000000000e+00 0.000000000000000000e+00 0.000000000000000000e+00
-4.999999928255465242e+00 -9.015878495243305479e-02 -9.070800286171090687e-02 -9.296660830789803265e-02
-8.709358379411545614e-02 -8.863098387843479364e-02 -8.661139812200711885e-02 -8.907384081963971856e-02
-8.822443130049222038e-02 -8.705849724639419529e-02 -8.099581289312288157e-02 -8.213238237632851380e-02
-8.425492498211753500e-02 -4.999999993542991739e+00 -7.715815860325338227e-02 -8.276157796860542093e-02
-7.531893885412575818e-02 -7.636502080391022185e-02 -7.460601244218188766e-02 -7.677452528722994440e-02
-6.874704287627757260e-02 -4.999997342794999966e+00 -6.931429532885487188e-02 -7.393920915876889266e-02
-6.410224656206751914e-02 -6.317890491250684193e-02 -4.999970475499999623e+00 -6.566031367256852658e-02
0.000000000000000000e+00 0.000000000000000000e+00 0.000000000000000000e+00 0.000000000000000000e+00
-4.999991142649999887e+00 -4.808510803755899898e-02 3.610262050438048931e-01 -5.782590126459866142e-02
-5.170363827768671011e-02 -4.416376615737629269e-02 1.251252041906196988e+00 -4.959500000000000242e+00
-4.466761378948835154e-02 -3.970737400198335459e-02 3.053151690995751011e+00 1.345095540150454294e+00
-3.346715828087624967e-02 -3.062100799012499458e-02 3.541602534974638061e+00 -4.987849999999999895e+00
-3.663776180350718226e-02 3.016799803007381708e+00 3.822526903777306195e+00 -3.563291637133374212e-02
3.572641824951841016e+00 3.216905911692099274e+00 4.035432221626385818e+00 7.221240881271758782e-01
3.817811991527028770e+00 3.584519158410779838e+00 4.258349999999996527e+00 3.804519623494314828e+00
4.035384792708522461e+00 -4.999991142649999887e+00 4.493000000000000327e+00 4.002639779599999059e+00
4.258349999026745714e+00 4.739998796131053460e+00 4.740000000000000213e+00 4.258349999501436223e+00
4.493000000000000327e+00 5.000000000000000000e+00 4.740000000000000213e+00 4.493000000000000327e+00
-9.409495101358643365e-02 -9.766870667305314890e-02 -9.546873628677701729e-02 -9.504690274632489333e-02
-9.549734614452662362e-02 -9.137702649571163849e-02 -9.197286563827639094e-02 -4.999999928255465242e+00
-9.264673901133557710e-02 -9.072849356177487001e-02 -9.049843415699039550e-02 -8.890829252050112819e-02
-9.244175208815239020e-02 -8.669388286118072384e-02 -8.570011941709608505e-02 -8.649398108639447247e-02
-8.509882627346607165e-02 -8.605591343128630999e-02 -4.999999760851549624e+00 -8.530949829532995243e-02
0.000000000000000000e+00 0.000000000000000000e+00 0.000000000000000000e+00 0.000000000000000000e+00
-4.998906500000000364e+00 -7.586556166238155041e-02 -4.999671949999999754e+00 -7.494380494894670175e-02
0.000000000000000000e+00 0.000000000000000000e+00 0.000000000000000000e+00 0.000000000000000000e+00
-4.999999202838499635e+00 -6.301859173818265270e-02 -5.610660500411428914e-02 -5.954853661887654637e-02
-6.129766011039682050e-02 -4.959976930320499772e-02 -4.858354482719361850e-02 -4.998906500000000364e+00
-5.285766343291549429e-02 -4.651460449481857606e-02 -4.521733180904926458e-02 -5.416728286623662819e-02
-4.395720470169470206e-02 -4.074254974179512823e-02 1.147779178876830175e-01 -4.537110902065105700e-02
-3.533819490012000269e-02 1.144956333605512688e-01 1.032014563451198352e+00 -4.188855906110178912e-02
-4.023644986175041460e-02 2.011241332712065955e-01 2.462854185300454191e+00 -2.578028382422499487e-02
-2.751097623749999832e-02 -2.903141561249999655e-02 3.591292129280537093e+00 -2.554541814999999882e-02
-2.971271984624999918e-02 2.422029456112193557e+00 2.379817237233982752e+00 3.822322402005634334e+00
1.062858941978518379e+00 -2.027357499999999854e-02 -4.998906500000000364e+00 3.996102233013039573e+00
0.000000000000000000e+00 0.000000000000000000e+00 0.000000000000000000e+00 0.000000000000000000e+00
-4.865000000000000213e+00 3.315172822499999672e+00 4.999999760851549624e+00 3.145100000000000229e+00
0.000000000000000000e+00 0.000000000000000000e+00 0.000000000000000000e+00 0.000000000000000000e+00
