5.756564411310552409e-02 7.112234343911873202e-02 7.112228767824180231e-02 5.756561619694233051e-02
5.756590462021388133e-02 8.539190561716165917e-02 8.539012778109565660e-02 7.112184923350169108e-02
7.111777861269896750e-02 1.004116599335566212e-01 1.004077258345045381e-01 8.538771493992779182e-02
8.537217914533141994e-02 1.162213661923146985e-01 1.162172604786517183e-01 1.003394840836509677e-01
1.004023030522765009e-01 1.328639386651391252e-01 1.322402371090129758e-01 1.162134777436081706e-01
1.157752534420156965e-01 1.499949582993599373e-01 -5.000000000000000000e+00 1.315672639215123563e-01
0.000000000000000000e+00 0.000000000000000000e+00 0.000000000000000000e+00 0.000000000000000000e+00
-5.000000000000000000e+00 -9.912327827639642874e-02 -4.578033910994154521e-02 -1.019456945659036884e-01
-1.020751805026814812e-01 4.125492461891876184e-02 -9.307795331888099599e-02 -9.725973338070387220e-02
-5.797414966794559033e-02 -8.806598180747822469e-02 -8.791718655127633841e-02 -9.214447574769117633e-02
-9.062490423228850012e-02 -8.719183273446551308e-02 -8.670169293375092068e-02 -9.212800996312042745e-02
-9.199491058980233116e-02 -8.224726706874166404e-02 -8.091519621047098265e-02 -8.499321015768131204e-02
-8.586727662749700507e-02 -7.713109827641934091e-02 -7.639790394439088805e-02 -8.175251168943171998e-02
-7.445363955360580210e-02 -7.442207546234014259e-02 -7.621828298367569476e-02 -7.417020012402332496e-02
-7.295759793662176529e-02 -7.418296222906491100e-02 -7.790424543447188599e-02 -7.643498630887517187e-02
-7.639505865627158054e-02 -7.213617208528025349e-02 -7.646364380025336138e-02 -7.785714841768108518e-02
7.112233980114665566e-02 8.539034303038332829e-02 8.539196257335504581e-02 5.756610283797735511e-02
7.112234360020475155e-02 1.004125947669432389e-01 1.004117588748789369e-01 7.112065579164215945e-02
8.539087036133348463e-02 1.162233845323095427e-01 1.162210885833110108e-01 8.538820675171411578e-02
1.004106449184336697e-01 1.328647297891245027e-01 1.328643079080741030e-01 1.004100083866291404e-01
1.162210212876977344e-01 1.503834821966423818e-01 1.503845684223455159e-01 1.162183378292291069e-01
1.327522321056521237e-01 1.688267450491877930e-01 1.678050770836332917e-01 1.311358896699301724e-01
1.502716293615050103e-01 1.871649230749123372e-01 1.704120056117405246e-01 -5.000000000000000000e+00
8.559401459043469718e-02 2.017115138156825305e-01 1.642544380576047014e-02 -1.023652329198077859e-01
7.905184826218761285e-02 -5.000000000000000000e+00 -9.243832322204507956e-02 -5.813587067930860164e-02
-9.716873951482608851e-02 -5.000000000000000000e+00 -8.783425004155552551e-02 -9.177717623867040486e-02
-9.279857310909375712e-02 -8.281390837988616971e-02 -8.219209109870218022e-02 -8.796330686484150896e-02
-8.417429143618770926e-02 -7.695114125903348978e-02 -7.723540281343703462e-02 -8.542803693583633784e-02
-8.143229600438595117e-02 -7.199662107650679765e-02 -7.487310752940988523e-02 -7.888444939555956659e-02
-7.563183971509639114e-02 -7.045041176068672639e-02 -7.064850474258189961e-02 -7.529815884609972199e-02
-7.276237433801521770e-02 -7.356644527859589056e-02 -6.933778155434892898e-02 -7.351235762944366425e-02
-7.013815482106279531e-02 -6.583262905425782407e-02 -6.835906300059517438e-02 -7.814594277351839813e-02
8.539165352644705054e-02 1.004125229674951159e-01 1.004094996048018329e-01 7.111877312405451290e-02
8.539142098792430746e-02 1.162238569935152149e-01 1.162234879784770497e-01 8.539192884077960455e-02
1.004125937225531090e-01 1.328669200708715303e-01 1.328647810852647271e-01 1.004103346708183908e-01
1.162222841772112270e-01 -5.000000000000000000e+00 1.503848983506551884e-01 1.161983206320439943e-01
1.328575797947201542e-01 1.688270217862972711e-01 1.688229210359237786e-01 1.328642464952022872e-01
1.503853046741256139e-01 1.882389616825258516e-01 1.877243988124441265e-01 1.503064519707748292e-01
1.687985321117277948e-01 2.081624824113621208e-01 2.064203305317643122e-01 1.677626738838424170e-01
1.874161887119343006e-01 2.279135069346675257e-01 -5.000000000000000000e+00 1.698532445333055807e-01
0.000000000000000000e+00 0.000000000000000000e+00 0.000000000000000000e+00 0.000000000000000000e+00
0.000000000000000000e+00 0.000000000000000000e+00 0.000000000000000000e+00 0.000000000000000000e+00
-4.999999999999999112e+00 -7.900320656110437767e-02 -7.695101318771679910e-02 -8.709611927608920667e-02
-8.031607013169553277e-02 -7.307683523436751816e-02 -7.055023300800278285e-02 -8.239141583813994196e-02
-7.521867912287802382e-02 -6.869898029456385224e-02 -7.044032107268483056e-02 -6.630071926349125067e-02
-7.100558877084660325e-02 -7.172447581284752127e-02 -6.371088138080044372e-02 -7.555935275805240880e-02
-7.004660280458868682e-02 -6.863453986576170673e-02 -7.047216046389456756e-02 -6.969372173048797581e-02
-7.133207311550521235e-02 -6.744607808374454561e-02 -6.950784526312031586e-02 -6.992104615331490303e-02
1.004094037509026816e-01 1.162220290807245149e-01 1.162238655771671569e-01 8.538922976113601238e-02
1.004123734959835312e-01 1.328672593082272924e-01 1.328669677892628243e-01 1.004125456554232354e-01
1.162229012584871241e-01 1.503865094203080954e-01 -5.000000000000000000e+00 1.162232678641401534e-01
0.000000000000000000e+00 0.000000000000000000e+00 0.000000000000000000e+00 0.000000000000000000e+00
-5.000000000000000000e+00 1.882399830305453714e-01 1.882386225504852351e-01 1.503797296193162270e-01
1.688273069869034304e-01 2.086737973446564920e-01 2.080620186281970374e-01 1.688185697070681002e-01
1.882300783985410564e-01 2.296881159835827135e-01 2.295300336013650355e-01 1.876313595511868715e-01
2.067177522441813187e-01 2.525535418695549206e-01 2.410578394638280830e-01 2.055220206451483511e-01
2.267334463681906498e-01 2.661257272736162194e-01 -8.557452424194225693e-02 -5.000000000000000000e+00
-9.076210703478083952e-02 -5.000000000000000000e+00 -7.975273693709798717e-02 -5.000000000000000000e+00
-8.494474515239407164e-02 -7.400669999776741947e-02 -6.951466148614028617e-02 -8.230117555532232010e-02
-7.727277955344560856e-02 -6.585732317562682792e-02 -5.993643469401402357e-02 -7.620529569101665290e-02
-7.325981541986327505e-02 -1.569740461782195146e-02 -6.916916313970530861e-02 -6.560998575071079475e-02
-6.582269611789343111e-02 -6.598350673956412948e-02 -6.710591525395610824e-02 -6.838476309158618427e-02
-6.204423076728611541e-02 -6.330430947308397782e-02 -6.603724449258462081e-02 -7.398023438966572218e-02
-6.707635320128901846e-02 -6.788783545301287081e-02 -7.060102810896291825e-02 -7.009523427132834106e-02
1.162159683529938869e-01 1.328592516533285417e-01 1.328655398245910391e-01 1.004122012764118721e-01
1.162221789641582070e-01 1.503853808480449250e-01 1.503865905573685824e-01 1.162238169519834163e-01
1.328672361370893673e-01 1.688280170760012855e-01 1.688279355451907660e-01 1.328629026458281737e-01
1.503857981159492652e-01 1.882379974624148466e-01 1.882400932604967603e-01 -5.000000000000000000e+00
1.688215068979429800e-01 2.086736880120582394e-01 2.086738293276855227e-01 1.688259032957660222e-01
1.882401021543594344e-01 2.301829858421494679e-01 2.301748267715500729e-01 1.882395466686180296e-01
2.086455372484131432e-01 2.528210601983066352e-01 2.527409079296494832e-01 2.079652200383735883e-01
2.270995007566157242e-01 2.766439577373640546e-01 2.723822031797512588e-01 2.296669042105985159e-01
2.514946601549142846e-01 3.013938837033891538e-01 -5.000000000000000000e+00 2.381045371766581931e-01
0.000000000000000000e+00 0.000000000000000000e+00 0.000000000000000000e+00 0.000000000000000000e+00
-4.999999999418869301e+00 -6.769825729841524864e-02 -6.988665778674070517e-02 -7.840693605487950024e-02
-7.311996905915107980e-02 -4.999999928255465242e+00 -5.133366137231065024e-02 -6.485468359098177371e-02
-6.148348321112064030e-02 2.254722562650772477e-02 -2.255903094059985223e-02 -6.174494829788097078e-02
-5.866111821106415741e-03 -5.576363391273330555e-02 -6.577098662826634523e-02 -6.829333938685194783e-02
-3.727727675066853236e-02 -5.980411123063251316e-02 -6.811980486765886744e-02 -6.406741438647473030e-02
-6.488327884409356150e-02 -6.219738361603367044e-02 -6.298365796426813601e-02 -6.797716734174107100e-02
1.328629401464311854e-01 -5.000000000000000000e+00 1.503839115215663824e-01 1.162158288835315051e-01
1.328630187857755829e-01 1.687800586086461996e-01 1.688278338139705126e-01 1.328638997826295520e-01
1.503821770393992396e-01 1.882382365643344990e-01 1.882400489745598982e-01 1.503856372384526630e-01
1.688277264515945508e-01 2.086736350487871372e-01 2.086737444091382176e-01 1.688272414140184752e-01
1.882400102328057878e-01 2.301829813371837063e-01 2.301829016848795373e-01 1.882400923275187321e-01
2.086725391894645731e-01 2.528242033898195351e-01 2.528231507068917638e-01 2.086731532277970591e-01
2.301786746407801232e-01 2.766561636907285404e-01 2.766562534541389118e-01 2.301784581094773463e-01
2.528168304446050674e-01 3.017440689404987109e-01 3.017204194552030594e-01 2.526696624667990609e-01
2.766034669972288751e-01 3.281516977508051602e-01 -5.000000000000000000e+00 2.754855455588527957e-01
0.000000000000000000e+00 0.000000000000000000e+00 0.000000000000000000e+00 0.000000000000000000e+00
-4.999999202838499635e+00 -6.119531190538272936e-02 -4.999970475499999623e+00 -7.240228901986293930e-02
0.000000000000000000e+00 0.000000000000000000e+00 0.000000000000000000e+00 0.000000000000000000e+00
-4.999999760851549624e+00 4.217250790842685393e-01 5.680389238027772070e-02 -1.055817934019196228e-02
1.486516485252299680e-02 3.032386074441318913e-01 -4.369273630337441872e-02 -6.564976835828720270e-02
5.695675847110287515e-02 -2.853610219449417493e-02 -6.024244553230770349e-02 -6.258536768222636160e-02
-5.734678436371516697e-02 -5.746218986137408696e-02 -6.367529662241745714e-02 -6.778812915157961250e-02
0.000000000000000000e+00 0.000000000000000000e+00 0.000000000000000000e+00 0.000000000000000000e+00
-5.000000000000000000e+00 1.838075269049717630e-01 1.882359814732629533e-01 1.503727085995775758e-01
1.688212161118041732e-01 2.083711990524844959e-01 2.086737140618553921e-01 1.686310466299449085e-01
1.882381455304861784e-01 2.301798395210032933e-01 2.301829821338108872e-01 1.882382093060097350e-01
2.086735839981815333e-01 2.528237263903045373e-01 2.528242048958987964e-01 2.086736752689357099e-01
2.301828728862909124e-01 2.766570608718723068e-01 2.766562456675806803e-01 2.301829691058452643e-01
2.528222551473860436e-01 3.017441808866230812e-01 3.017442640140770571e-01 2.528180969382125554e-01
2.766543971109988731e-01 3.281518855172325111e-01 3.281477618350746583e-01 2.766294625167337595e-01
3.016585766209226027e-01 3.559493342524315818e-01 3.559011283916887480e-01 3.017368120805814513e-01
3.168805054446255931e-01 3.851956022015101677e-01 3.850717927492644521e-01 -5.000000000000000000e+00
2.956988204724994018e-01 4.160058634099794150e-01 2.965383572833790726e-01 -6.807923517300855376e-02
3.664125735624569336e-01 1.875220460751804430e-01 3.531325690266780004e-01 -4.999999999995292654e+00
2.550322536057384459e-01 4.776290316076744480e-01 2.498698209005358606e-01 3.456890096638188803e-01
3.690222056129578432e-01 4.110023800978279684e-01 -4.711607951430975272e-03 5.854126691828456103e-02
3.023657866265120342e-01 2.035824246337678001e-02 -5.299892737171613827e-02 -5.689530231868272087e-02
-5.071072039358097416e-02 -5.466893471853195158e-02 -5.672204688910449655e-02 -6.369778461884616216e-02
-1.049329191748312740e-01 -2.346639674689197930e-02 9.017106211033676377e-02 -5.000000000000000000e+00
-2.811423330289673783e-02 1.121823589957488126e-01 2.082329041651510559e-01 1.422273813121969765e-01
1.801212911365226987e-01 2.205355924257151323e-01 2.301269470945894458e-01 1.881473236217902634e-01
2.085876832877881504e-01 2.527290656623861209e-01 2.528227491595074761e-01 2.086561048448360989e-01
2.300361102761109000e-01 2.766546473488057378e-01 2.766570566586574742e-01 2.301827609184257106e-01
2.528240312177448823e-01 3.017442444929848699e-01 3.017442747038297512e-01 2.528232423238783722e-01
2.766570606857411962e-01 3.281518521511512798e-01 3.281518857792081745e-01 2.766569191813269546e-01
3.017442737059117253e-01 3.559493922128654786e-01 3.559493348995194095e-01 3.017442655493793868e-01
3.281518669358602369e-01 3.852098833893228824e-01 3.852097947735947381e-01 3.281517826324510390e-01
3.558989470195729199e-01 4.160104227766632801e-01 4.160054653045446860e-01 3.558965549752327040e-01
3.850611326570606008e-01 4.484317984966552095e-01 4.470889656899523223e-01 3.846163810737962541e-01
4.143860988151536473e-01 4.818375902536468636e-01 3.767584329909039464e-01 1.544600899203710520e-01
4.036990163555684852e-01 5.184438689690881175e-01 3.729818359582564025e-01 3.254019273327044548e-01
4.734701960424392841e-01 5.145096263265768188e-01 3.048378012072151533e-01 2.743854909646781803e-01
4.142436134996643204e-01 1.053043884218315268e-02 -5.190963799311650029e-02 6.153240124144445516e-02
8.362532932628986837e-03 -4.941464988891694499e-02 -5.032110564613407472e-02 -5.742097462814321762e-02
-1.040250614422165848e-01 -3.603695382474023101e-02 -1.010295180684846889e-01 2.150173858373022329e-02
-1.042061279890331843e-01 -9.827880356348420166e-02 1.819448790758948498e-01 1.736048094488994442e-01
1.008919799620425772e-01 -5.000000000000000000e+00 2.520226317280065409e-01 1.835524488289654310e-01
2.206759777955655810e-01 2.481028869722051722e-01 2.766493099468017025e-01 2.297938289475466300e-01
2.527697196265379365e-01 3.016908347662934919e-01 3.017438501114707572e-01 2.528019317756602380e-01
2.766554241041475071e-01 3.281428569701055897e-01 3.281518388168604416e-01 2.766561413179934870e-01
3.017433123737098266e-01 3.559491230263721606e-01 3.559493309453027887e-01 3.017442737304807943e-01
3.281518634015272995e-01 3.852090959952557125e-01 3.852099004319767261e-01 3.281518788761445538e-01
3.559493686010804514e-01 4.160104512978304858e-01 4.160103287774383762e-01 3.559492998826250809e-01
3.852098746806649210e-01 4.484320584707786050e-01 4.484319684663466976e-01 3.852096257638738530e-01
4.160097253618273982e-01 4.825600030498113369e-01 4.818783078475419868e-01 4.159829020866616656e-01
4.463901284557313942e-01 5.184514537332673978e-01 5.183494589559212162e-01 4.409955202899761839e-01
4.823455691650936905e-01 5.562936482310385511e-01 5.414590178183683600e-01 4.812035492654646585e-01
5.181904261702675596e-01 5.878001658476527114e-01 4.263513251376567226e-01 4.676159879954039922e-01
4.681397968437169266e-01 3.921099074765876935e-01 -3.219352622173540096e-02 2.072495629604523271e-01
-4.437807154607893018e-02 -4.999970475499999623e+00 -4.342247682130172953e-02 -1.582491318598847063e-02
-9.840739111035402831e-02 -9.635936214252480148e-02 3.164955377857948948e-02 -1.041244921437547294e-01
-3.609153864894007469e-02 -9.380503098117391747e-02 -5.000000000000000000e+00 1.041435606392101948e-01
0.000000000000000000e+00 0.000000000000000000e+00 0.000000000000000000e+00 0.000000000000000000e+00
-5.000000000000000000e+00 1.758586039513809207e-01 2.816854958696840550e-01 2.526486503509542403e-01
2.486333926080447898e-01 2.553908674071616036e-01 3.281271052994015336e-01 2.764381663803581746e-01
3.007128994395439903e-01 3.520504076843367081e-01 3.559489496702865630e-01 3.017258489189921233e-01
3.281387432445764252e-01 3.836927976878643509e-01 3.852098166463181483e-01 3.281517937679092611e-01
3.559490987790139838e-01 4.160069026589611196e-01 4.160104648250965709e-01 3.559488169801077184e-01
3.852099235589095394e-01 4.484319523083675207e-01 4.484320695618983499e-01 3.852098587616216152e-01
4.160104285826924375e-01 4.825600840213238873e-01 4.825599996857990459e-01 4.160102576914740946e-01
4.484320412831370173e-01 5.184842144322927560e-01 5.184842833572764764e-01 4.484319169139153738e-01
4.825588054821778883e-01 5.562992729186558849e-01 5.562967166247270168e-01 4.822327850175365804e-01
5.184842051935084628e-01 5.961045007226655201e-01 5.960980545217438031e-01 5.166216329177653055e-01
5.562989227728668551e-01 6.380047172287046653e-01 5.484503364260220337e-01 5.383272522465866183e-01
5.953488045073563883e-01 -2.995496486132020672e-02 -4.999671949999999754e+00 3.984855337519082608e-01
0.000000000000000000e+00 0.000000000000000000e+00 0.000000000000000000e+00 0.000000000000000000e+00
-9.602625868970555978e-02 -9.366233198479903543e-02 -9.092415519869978535e-02 -9.807582231935478567e-02
-9.606560623605907290e-02 -8.026681716145979417e-02 -9.011855071992441735e-02 -9.873320574764651858e-02
-9.426528955672699994e-02 5.087970549970913248e-03 -8.534365660631162975e-02 -4.999999999999872990e+00
-3.080012441895949721e-02 1.124829660750305965e-01 1.818216865684125771e-01 2.236079236799401460e-01
1.827861632101456801e-01 2.118694253138039552e-01 3.474219740251817679e-01 2.745358676712899570e-01
3.112386494840080897e-01 2.155490220927608336e-01 3.831742311815662383e-01 3.239814688960801492e-01
3.523458464744771423e-01 3.471199674161811743e-01 4.158329222040395567e-01 3.559231757289615938e-01
3.847647579050355038e-01 4.430854066317445605e-01 4.484319058597617258e-01 3.851602616352025055e-01
4.160027318475552072e-01 4.755403402150670811e-01 4.825600498384622350e-01 4.160104546553705096e-01
4.483763676828209643e-01 5.184586279308004420e-01 5.184843104940378700e-01 4.484274556512735654e-01
4.825594560910591579e-01 5.558074214289570047e-01 5.562992759193842174e-01 4.825600067305671481e-01
5.184842874428050585e-01 5.961044901361861603e-01 5.961045013106804902e-01 5.184822860323048399e-01
5.562833536492121089e-01 6.380047085735649492e-01 6.380047382572320291e-01 5.562989540774841979e-01
5.961037868548744179e-01 6.821102507979224239e-01 6.821101213404405783e-01 5.961043135992332154e-01
6.379553703766288608e-01 7.285371121308398257e-01 6.360818674537944695e-01 5.522889612782585500e-01
6.821075902731752461e-01 7.624425266571507320e-01 6.070171410528617528e-01 -4.999901584999999926e+00
-8.833715401296565739e-02 -8.837211612896221646e-02 -7.761778651294222453e-02 -9.274394390852025438e-02
-8.833599971934678885e-02 -8.398320023597960482e-02 -5.212167182740388982e-02 -9.388709783349523386e-02
-8.626957997644167653e-02 -7.995818969612093763e-02 5.650502043484321307e-02 -8.357453913254390965e-02
-5.867105822727478048e-02 -7.419020541356612097e-02 7.012363768092000349e-02 1.839998459561334732e-01
2.732522768367049576e-02 5.705018068922419749e-02 -6.789732231912885829e-02 2.559560519406788304e-01
-7.406685542381291620e-02 9.207195080085847638e-02 3.232879800984175267e-01 1.503880180958752644e-02
2.026411343376449403e-01 9.470880046683133324e-02 2.896612337161474926e-01 3.846289965843866510e-01
3.266955874058548037e-01 3.571663645427106126e-01 4.772290049778693533e-01 4.136035696651271243e-01
4.421177046517730247e-01 -4.999999999998587796e+00 5.129546138361309460e-01 4.414066849243644119e-01
4.768964892148520041e-01 5.056150566505870358e-01 5.562860941425328276e-01 4.820054318037557683e-01
5.104121537432694256e-01 5.933338218605099801e-01 5.961003532785335013e-01 5.141217802206162757e-01
5.560227819249390357e-01 6.380013919555407309e-01 6.380047335770721029e-01 5.562983086625571394e-01
5.961040799460608497e-01 6.821099998219857241e-01 6.821102565765758685e-01 5.960907434921165482e-01
6.380047364333077953e-01 7.285371136604513742e-01 7.285370988946209270e-01 6.379883932938968938e-01
6.817391559145654645e-01 7.774074931374976849e-01 7.774073420710576610e-01 6.821099609064192881e-01
7.224605773236553174e-01 8.288499936777439236e-01 7.767864741880757817e-01 6.680727858393704643e-01
-8.628911735399343030e-02 -8.341939145370919073e-02 -8.447544580879352838e-02 -8.880769096187010603e-02
-8.711968927670492302e-02 -7.933079911770085646e-02 -7.869653015109974448e-02 -8.903750904555927936e-02
-8.016925684055657697e-02 -7.585547853412791253e-02 -7.692564434782635241e-02 -8.403925430430352062e-02
-7.999606894986623085e-02 -7.319035835371001664e-02 -7.100600523948388809e-02 -7.859894191354081794e-02
-7.721154319595907589e-02 -6.672727020541013854e-02 1.132980021707088031e-01 1.282391268218769920e-01
1.013343624505301799e-01 -5.977375762935910330e-02 1.880388024019432891e-01 -1.714660057033946805e-02
9.207493333201491326e-02 -5.245569172032302219e-02 1.944224958850290785e-02 3.068904555006670143e-01
-5.929731252162036975e-02 -4.877076240442651534e-02 -4.999999978476639129e+00 4.341663421224530306e-01
0.000000000000000000e+00 0.000000000000000000e+00 0.000000000000000000e+00 0.000000000000000000e+00
-4.999999760851549624e+00 3.066836954408611593e-01 5.482645461221852257e-01 4.791251889622124560e-01
5.089231270775448346e-01 4.905134300581449058e-01 6.376060271460657347e-01 4.289120165086105496e-01
5.136081387607905890e-01 -4.999999202838499635e+00 6.821092203632820317e-01 5.959833091243318393e-01
6.357128239276775838e-01 7.082969488049424278e-01 7.285371121565615837e-01 6.369969934657776500e-01
6.820932615000496746e-01 7.774062740770516511e-01 7.774074902675034426e-01 6.821102067794787560e-01
7.285371062401665432e-01 8.288499917748919366e-01 8.288499951436278934e-01 7.285370589923468865e-01
7.774074945186203456e-01 8.829999957159830881e-01 8.288499946110328143e-01 7.774074933241819085e-01
-8.373265243166434779e-02 -7.968475423406154445e-02 -7.838478354162839445e-02 -8.361676956773982095e-02
-8.319293195942249752e-02 -7.353394097169835275e-02 -7.340353559885209878e-02 -8.111935946861421887e-02
-7.869945402359491970e-02 -4.999999999999988454e+00 -7.222327395248037685e-02 -8.130166867225130378e-02
-7.641052997610420228e-02 -6.655966084565374807e-02 -6.674828009353971081e-02 -7.735692912564767765e-02
-7.131619788491193324e-02 -6.003772075478745057e-02 -6.014921049812875509e-02 -6.704702835345222045e-02
-6.408314384702927524e-02 -5.287507777321045349e-02 -5.328867421574877417e-02 8.345918281348015111e-02
-5.882488977894505255e-02 -4.926202260608415068e-02 -4.796946720050462160e-02 -5.351118955497230489e-02
-5.298402342915725649e-02 -4.207262632810539194e-02 -4.084976142012479439e-02 -8.894840913105869773e-04
-4.133298552120218128e-02 -4.998906500000000364e+00 9.370403566257526351e-03 -4.999997342794999966e+00
-1.226496431231217932e-02 -2.571543503093592919e-02 2.436803205056822241e-01 4.589323362175343202e-01
1.893601065143783457e-01 -1.900523183559000087e-02 -4.999671949999999754e+00 5.762272334539498830e-01
0.000000000000000000e+00 0.000000000000000000e+00 0.000000000000000000e+00 0.000000000000000000e+00
-4.998906500000000364e+00 6.485774280425207206e-01 7.772986664263551448e-01 6.553053850606538333e-01
7.268796740754295271e-01 7.115071199511867617e-01 8.288499871805724561e-01 7.267333650880067886e-01
7.774074494760049303e-01 -4.999999760851549624e+00 8.829999950744644721e-01 7.774072600347146089e-01
8.288499874689314595e-01 9.399999958873691552e-01 8.829999954729729206e-01 8.288499955851841294e-01
-7.920866360111367133e-02 -7.679712480555075937e-02 -7.356667343114822732e-02 -8.395020019403287570e-02
-7.930198575680647011e-02 -6.729406112874543322e-02 -4.999999999418869301e+00 -7.755466336962803242e-02
0.000000000000000000e+00 0.000000000000000000e+00 0.000000000000000000e+00 0.000000000000000000e+00
-4.999999928255465242e+00 -6.188384737388797491e-02 -6.001586760146190164e-02 -7.314779545509625391e-02
-6.632497276204210590e-02 -5.548301356059733708e-02 -5.289895937970325729e-02 -6.384181511550142407e-02
-6.018853620441395880e-02 -4.516060352221386992e-02 -5.104732388445724217e-02 -5.718330632309862049e-02
-5.287821824023657136e-02 -4.645941098141088271e-02 -4.349123596801601765e-02 -5.195662539336246000e-02
-4.828597593296093254e-02 -3.667973908351404577e-02 -4.999999202838499635e+00 -4.725948220545292400e-02
0.000000000000000000e+00 0.000000000000000000e+00 0.000000000000000000e+00 0.000000000000000000e+00
-4.999671949999999754e+00 -1.980574749999999828e-02 -1.657183499999999657e-02 -3.249621505065598825e-02
-2.420896554999999589e-02 -4.987849999999999895e+00 -9.919000000000000733e-03 1.773483873206710137e-01
-1.569613499999999995e-02 -9.100000000000000450e-03 -6.999999999999999278e-03 -4.549999999999999822e+00
-1.375499999999999813e-02 5.219365448429309495e-01 6.855370170945690456e-01 7.222398453715433986e-01
5.685970657212636725e-01 5.164472756050352276e-01 -4.987849999999999895e+00 7.754982790010651605e-01
0.000000000000000000e+00 0.000000000000000000e+00 0.000000000000000000e+00 0.000000000000000000e+00
-4.999999202838499635e+00 9.999999987085983477e-01 9.399999696366732049e-01 8.829999909363938082e-01
-7.449498565692927454e-02 -7.433636809241715715e-02 -7.368921403900943745e-02 -7.967114455499774150e-02
-7.279984138951348105e-02 -7.351969427812111990e-02 -6.925552282795695291e-02 -7.381399061229393377e-02
-7.024332198681092210e-02 -6.453134545028342550e-02 -6.300140645223582803e-02 -4.999901584999999926e+00
-6.662266459962919163e-02 -6.124516047740534430e-02 -5.589521745667614533e-02 -6.641975195824190159e-02
-6.279979113366003507e-02 -5.454653843878885106e-02 -5.019363962429715387e-02 -5.954163180633472580e-02
-5.145646955947565104e-02 -4.758689384218288410e-02 -4.388832537467771827e-02 -5.264467493108442031e-02
-4.521939111937596512e-02 -4.671627976996161474e-02 -4.053116169766178556e-02 -4.827706969553027111e-02
-4.704102469088564109e-02 -3.670117036964242602e-02 -3.276824599305728364e-02 -4.175012241764040899e-02
-3.555900747375317222e-02 -2.568474847225000329e-02 -2.482195149280000054e-02 -4.999901584999999926e+00
-2.542760452224999967e-02 -1.578149999999999692e-02 -4.996355000000000324e+00 -2.204014749999999925e-02
0.000000000000000000e+00 0.000000000000000000e+00 0.000000000000000000e+00 0.000000000000000000e+00
-4.549999999999999822e+00 -6.999999999999999278e-03 5.558842439274864766e-01 -1.165499999999999869e-02
3.779621250107455532e-01 5.171835790663210641e-01 -6.999999999999999278e-03 6.629159999815856796e-01
2.074395184972259720e-01 -6.999999999999999278e-03 -6.999999999999999278e-03 6.437540618294603778e-01
-1.165499999999999869e-02 0.000000000000000000e+00 0.000000000000000000e+00 0.000000000000000000e+00
0.000000000000000000e+00 0.000000000000000000e+00 0.000000000000000000e+00 0.000000000000000000e+00
