-2.988860569746662588e+00 -3.081601033196117001e+00 -2.984163759252610681e+00 -2.992229807478393955e+00
-3.040115838742719845e+00 -2.913087589956445456e+00 -2.915266450956942812e+00 -2.956109591239000078e+00
-2.901702682164085445e+00 -2.840548403201644589e+00 -2.840805885273994136e+00 -2.878436789054849232e+00
-2.775313643692380872e+00 -2.773789798558708775e+00 -2.771259568216714264e+00 -2.785881223802038953e+00
-2.726679875800975150e+00 -2.696744234388514183e+00 -2.709130027023607390e+00 -2.727948840574879963e+00
-2.527633796306645753e+00 -2.510384693210895968e+00 -4.999576792510856293e+00 -2.512443252509182212e+00
0.000000000000000000e+00 0.000000000000000000e+00 0.000000000000000000e+00 0.000000000000000000e+00
-4.898622202047773655e+00 -2.192657266926785642e+00 -2.199980382851511873e+00 -2.204647629054756308e+00
-2.212579309103611891e+00 -2.216482586232678464e+00 -2.216399928707923461e+00 -2.216057564238451238e+00
-2.185763558562913822e+00 -2.190132904250460033e+00 -2.189581182748864485e+00 -2.198880400780020228e+00
-2.154017305856991360e+00 -2.150150849881995896e+00 -2.138043406974954319e+00 -2.152593466988673043e+00
-2.067832949484612826e+00 -2.165951468754772513e+00 -2.057347437305207638e+00 -2.066238407169700864e+00
-1.999255575313189315e+00 -1.997759991731578255e+00 -1.994089435774303976e+00 -1.999073745716352102e+00
-1.934036265973361202e+00 -1.936731745489296941e+00 -1.935653399576328093e+00 -1.943279141007912880e+00
-1.879684019997133193e+00 -1.880614008968534812e+00 -1.881008861304714008e+00 -1.888453488767728672e+00
-1.850007582520028393e+00 -1.833857073049792730e+00 -1.834700252711952029e+00 -1.839058181480749399e+00
-1.800733042133199291e+00 -1.795835633862448155e+00 -1.793413362367121566e+00 -1.803378935176573439e+00
-1.766973847795130226e+00 -1.761636330912301762e+00 -1.764247408938051320e+00 -1.762326793743514752e+00
-1.736398516886060284e+00 -1.743598378625327294e+00 -1.732606835106811127e+00 -1.735266312201954930e+00
-1.721251241232167217e+00 -1.712950229300809868e+00 -1.713836915097248115e+00 -1.714183823253748962e+00
-3.115949024975482651e+00 -4.999989406458438701e+00 -2.753717756115931170e+00 -2.744729276811691321e+00
-3.015128986608228701e+00 -4.999999999718620636e+00 -2.844736194333590262e+00 -2.861423915001693796e+00
-2.815742047615893195e+00 -2.873125421583420991e+00 -2.770924649411695917e+00 -2.827181667747775684e+00
-2.760727291519408322e+00 -2.710116738459820596e+00 -2.699833317570420554e+00 -2.796279781545750520e+00
-2.695188944560998667e+00 -2.629275520788425968e+00 -2.627041074664727027e+00 -2.711263638761170824e+00
-2.548855698837114936e+00 -2.545083612923915606e+00 -2.718645550629721797e+00 -2.567571608929761773e+00
-2.328395596123848943e+00 -2.340057507544267335e+00 -2.327765659067310366e+00 -4.995702477721414958e+00
-2.308168595247472421e+00 -2.303816524796170828e+00 -2.305794078616053788e+00 -2.365260156931937807e+00
-2.263833934081694643e+00 -2.258623699306148147e+00 -2.255106196827643128e+00 -2.253553883161786064e+00
-2.217423136738697842e+00 -2.214919986443053102e+00 -2.214730395940756047e+00 -2.213246017872737781e+00
-2.163936657080312909e+00 -2.164137268186558494e+00 -2.193317937994284872e+00 -2.161590771315571313e+00
-1.905770282681554129e+00 -4.898622202047773655e+00 -1.907578201976515508e+00 -1.906751022405257290e+00
-2.076733287055574806e+00 -2.024097801857484669e+00 -1.961642268038913173e+00 -1.962668550227318232e+00
-1.935024595070447884e+00 -1.892310836924470552e+00 -1.881175920000797142e+00 -1.910247920462635474e+00
-1.854731049399204856e+00 -1.777452895891817430e+00 -1.853238839876866439e+00 -1.853353246774768204e+00
-1.825001324647098633e+00 -1.816091963600254378e+00 -1.816562289421141951e+00 -1.818130610653537982e+00
-1.788166792501890257e+00 -1.783893632651722072e+00 -1.782286544758754143e+00 -1.783765287634993646e+00
-1.750268330849125364e+00 -1.742475845784108301e+00 -1.747955624804117036e+00 -1.755937432197314019e+00
-1.729988549865172365e+00 -1.722160108258664835e+00 -1.726485713588282733e+00 -1.725612580141176133e+00
-1.713163933852555942e+00 -1.707157056791288152e+00 -1.710001614681996074e+00 -1.697075939693407198e+00
0.000000000000000000e+00 0.000000000000000000e+00 0.000000000000000000e+00 0.000000000000000000e+00
0.000000000000000000e+00 0.000000000000000000e+00 0.000000000000000000e+00 0.000000000000000000e+00
-4.999989406458438701e+00 -2.565142633110689907e+00 -2.568316333107826921e+00 -2.568714253063538067e+00
-2.780915689154411563e+00 -2.623616245078513654e+00 -2.621292625659399800e+00 -2.650234196418513211e+00
-2.607515839928070900e+00 -2.550452430236503698e+00 -2.552990886311332197e+00 -2.603354308422015428e+00
-2.498588267115290140e+00 -2.481467894638351712e+00 -2.476285951362881210e+00 -2.522694352387015115e+00
-2.401030804524325823e+00 -2.393222518573035806e+00 -2.392938819439355935e+00 -2.577354599065149632e+00
-2.340257732896688481e+00 -2.325421389307082976e+00 -2.325990062194860819e+00 -2.329108611818963226e+00
-2.288657798542612198e+00 -2.282649219327406165e+00 -2.285301396492575687e+00 -2.281644122560981369e+00
-2.251362896350463050e+00 -2.294586827373710225e+00 -2.341178142601760825e+00 -2.253261618292389024e+00
-2.119911655363353020e+00 -2.112074078165300239e+00 -4.809239787761526941e+00 -2.119430480345088519e+00
0.000000000000000000e+00 0.000000000000000000e+00 0.000000000000000000e+00 0.000000000000000000e+00
-4.788044208623919218e+00 -1.710961693200615086e+00 -1.720559806998321895e+00 -1.737847951956120740e+00
-2.019208897691528559e+00 -4.601167784615637579e+00 -1.821626908239057707e+00 -1.848596781845573522e+00
-1.812259983114893558e+00 -1.991796134722305656e+00 -1.808979940305243783e+00 -1.838301418783724772e+00
-1.799120453761454907e+00 -1.806268003379838838e+00 -1.815253192747904976e+00 -1.803341195161823673e+00
-1.763555493081005787e+00 -1.874048785458649835e+00 -1.758170308742066590e+00 -1.766517220095463969e+00
-1.712544639789692180e+00 -1.715858753477732312e+00 -1.717473392509375696e+00 -1.714946968495214996e+00
-1.699054513781755871e+00 -1.691890638527454804e+00 -1.690425149910641300e+00 -1.697280459324843616e+00
-1.682855855183454707e+00 -1.678283197026175122e+00 -1.686032839521785620e+00 -1.678858373941499060e+00
-2.537440577636603134e+00 -2.328675007688238541e+00 -2.459103798198126967e+00 -4.845484228086837319e+00
-2.489658782095435452e+00 -2.372152430154939484e+00 -2.370795428037827612e+00 -4.981214489369317988e+00
-2.682245329022112657e+00 -2.519637036671196650e+00 -2.523736542365028868e+00 -2.673221741252307382e+00
-2.551085131982959275e+00 -2.539077813174426712e+00 -2.539014344151574232e+00 -2.610777383299733856e+00
-2.506643714159113578e+00 -2.479722992737096732e+00 -2.478490547710944014e+00 -2.492998243009012072e+00
-2.426954596320960889e+00 -2.398058183737415305e+00 -2.399558226963278251e+00 -2.476641034780438844e+00
-2.360706227895118303e+00 -2.324663172543033340e+00 -2.322846526719736016e+00 -2.353637305247083145e+00
-2.274441069324412368e+00 -2.244612732787319764e+00 -2.320760927950755281e+00 -2.291682599464431203e+00
-2.282500904541521880e+00 -2.388005363300077288e+00 -2.327716742754958101e+00 -2.284490654368518392e+00
-2.087820092935776195e+00 -4.926095585292826762e+00 -2.051714450773538090e+00 -2.051098516191642851e+00
-2.081517410215349528e+00 -2.168793108687575799e+00 -2.027565395317102670e+00 -2.098578496698026097e+00
-1.871730928042314224e+00 -3.970544339526754563e+00 -1.849104424489520726e+00 -3.856160377251949711e+00
-1.791970524954627830e+00 -1.852603440034516158e+00 -3.856160377251949711e+00 -1.757901476675961083e+00
0.000000000000000000e+00 0.000000000000000000e+00 0.000000000000000000e+00 0.000000000000000000e+00
-4.738326183486319287e+00 -1.613586497856649649e+00 -1.662753754982757570e+00 -1.622277072492705141e+00
-1.866333286344800335e+00 -2.045654820929170725e+00 -1.837311014341157733e+00 -1.838972200612424501e+00
-1.655773919913964498e+00 -4.641051006154073733e+00 -1.656186402720895234e+00 -1.654697571536855483e+00
-1.672069135693973863e+00 -1.875960637560889044e+00 -1.675135677797969791e+00 -1.672169993744745842e+00
-1.646346180329686826e+00 -1.643423003557481721e+00 -1.645224818491950014e+00 -1.661853777066546023e+00
-1.642985667624913271e+00 -1.636315877723232948e+00 -1.643692035034622023e+00 -1.641308291812109132e+00
-2.399124030154575316e+00 -2.397535442384495674e+00 -2.403945327108957475e+00 -2.584250503395493226e+00
-2.422121191141088925e+00 -2.412375015486832197e+00 -2.424769123122423764e+00 -2.626391023541139180e+00
-2.471856104578742386e+00 -2.461728130600245645e+00 -2.467621045765539201e+00 -2.475145980763659992e+00
-2.468131858146949575e+00 -2.466009000562690900e+00 -2.465827979946450643e+00 -2.504401301766965293e+00
-2.412501494125749435e+00 -2.399724346986333856e+00 -2.401900336490281784e+00 -2.468771550613693577e+00
-2.359219407925889467e+00 -2.327580949485167139e+00 -2.319654957530591144e+00 -2.373294145390477894e+00
-2.306172510409021381e+00 -2.234797726441525523e+00 -2.253635137686567980e+00 -2.268976818617467917e+00
-2.264632948239045263e+00 -2.162783368026762965e+00 -2.444356961219842361e+00 -2.252627602079479985e+00
-2.151292426159190807e+00 -2.049886223451342193e+00 -4.976808011567059431e+00 -2.124362693521649970e+00
0.000000000000000000e+00 0.000000000000000000e+00 0.000000000000000000e+00 0.000000000000000000e+00
-3.970544339526754563e+00 -1.774894177303329101e+00 -3.856160377251949711e+00 -1.806845900242569858e+00
0.000000000000000000e+00 0.000000000000000000e+00 0.000000000000000000e+00 0.000000000000000000e+00
-4.507614548908194685e+00 -1.530641025939115885e+00 -1.804286628974742790e+00 -1.539927155697069505e+00
-1.589716385140187205e+00 -1.487465730798824382e+00 -1.495114409812408285e+00 -4.507614548908194685e+00
-1.713878805048310250e+00 -1.546579931807049446e+00 -1.843563272704478617e+00 -1.769433033836248725e+00
-1.509057853008420436e+00 -1.507380158608185861e+00 -4.507614548908194685e+00 -1.571537245735517452e+00
0.000000000000000000e+00 0.000000000000000000e+00 0.000000000000000000e+00 0.000000000000000000e+00
-4.809239787761526941e+00 -1.456496741031610531e+00 -1.465361420000516501e+00 -1.449771399181213116e+00
-1.641160103194559072e+00 -1.562626198148612700e+00 -1.569304957525778477e+00 -1.568264025760313540e+00
-1.590224711848896799e+00 -1.589567689564212127e+00 -1.599688413090383454e+00 -1.594162159156105041e+00
-2.373818736884734992e+00 -2.378252063487763746e+00 -2.376962466696599385e+00 -2.374793114176616537e+00
-2.385373368349395395e+00 -2.381340851220270505e+00 -2.397398167301034277e+00 -2.385561253768808676e+00
-2.405397198653993929e+00 -2.406389523424902865e+00 -2.410091580182794679e+00 -2.412802220233198014e+00
-2.413135902320359349e+00 -2.393600997112676598e+00 -2.393709590520296970e+00 -2.402798244406896711e+00
-2.350247581672537667e+00 -2.328956662042937165e+00 -2.334418165023044889e+00 -2.343633464982646686e+00
-2.333183120505782249e+00 -2.272753615392045567e+00 -2.239913056514820422e+00 -2.321149282378450973e+00
-2.254017237483658231e+00 -2.255164027645059743e+00 -2.150397850079064810e+00 -2.230274238582391266e+00
-2.227093354487171162e+00 -2.048240227216266085e+00 -2.080413108870760031e+00 -2.199931203871130947e+00
-2.070471468145516525e+00 -1.958762567230493579e+00 -2.241913578651166361e+00 -2.379310808717120640e+00
-1.899501413740520395e+00 -1.908571859029611684e+00 -1.889889037269074201e+00 -4.926095585292826762e+00
-1.819026499669588404e+00 -1.803557613901534795e+00 -2.022735760679355899e+00 -1.860375266684304973e+00
-1.627024421708415325e+00 -1.623296406108522438e+00 -1.613278769563980308e+00 -4.676945905538666182e+00
-1.572181000525611161e+00 -1.563373187239934570e+00 -1.564121069395945085e+00 -1.562282463392802967e+00
-1.526921182082157991e+00 -1.522100685806405007e+00 -1.525044478136653670e+00 -1.525904625812434245e+00
-1.479863745714978585e+00 -1.448205802153752053e+00 -1.481570689519357886e+00 -1.511535946409833464e+00
-1.464253435736571518e+00 -1.440405093639004930e+00 -1.447784379863443327e+00 -1.547589058297748510e+00
-1.243365344319276256e+00 -1.247554706974035810e+00 -1.250861726359910886e+00 -4.452905054342438440e+00
-1.531149201193336973e+00 -1.454879742517060315e+00 -1.461243715426526091e+00 -1.770578785427797897e+00
-1.495175613038901341e+00 -1.523834533755227705e+00 -1.513690817097740116e+00 -1.530397488618888246e+00
-1.552995936782288755e+00 -1.729583449465688094e+00 -1.553294508826638332e+00 -1.550810596865713764e+00
-2.358696610283319117e+00 -2.352731993709895164e+00 -2.348575633426876585e+00 -2.352036847622415827e+00
-2.345447702604443130e+00 -2.347415711454737153e+00 -2.347047669447187346e+00 -2.355009960608156039e+00
-2.348505528098081996e+00 -2.348982355499185548e+00 -2.351145623152455677e+00 -2.354928521444087153e+00
-2.331432329258698921e+00 -2.322455204490778691e+00 -2.323689800924735316e+00 -2.337027822652547826e+00
-2.262413153235005137e+00 -2.257711528135428303e+00 -2.259098256516344883e+00 -2.291767383273472625e+00
-2.257656601295593202e+00 -2.347036939783052389e+00 -2.138856775928810627e+00 -2.247500763422342729e+00
-2.045178717693767911e+00 -4.983093040432386545e+00 -2.037087571921472051e+00 -2.069951408313198016e+00
-2.521147801843145242e+00 -2.036106387306077625e+00 -1.944535849599337674e+00 -2.099129249542789566e+00
-2.023171503647978486e+00 -1.908541765068256346e+00 -1.852668477084662424e+00 -2.027370579350202373e+00
-1.915849053230712640e+00 -1.737474502149850997e+00 -1.812480093333626474e+00 -2.284201726779489405e+00
-1.791347622164598974e+00 -1.715848949855985239e+00 -1.727558826687952687e+00 -1.777812836995025014e+00
-1.689195313248213148e+00 -1.645902790681602612e+00 -1.643618326624476600e+00 -1.650195905896026494e+00
-1.606531059736540090e+00 -1.570386130055803298e+00 -1.549871829878072704e+00 -1.565886402052280024e+00
-1.544644199058097467e+00 -1.439626108323772247e+00 -1.479786100419191452e+00 -1.508364107528611386e+00
-1.432928499833426184e+00 -1.329915310061974054e+00 -1.416659468210260231e+00 -1.447738730109390692e+00
-1.394477122232310684e+00 -1.337439596164213818e+00 -1.365846808120673828e+00 -1.382497439118677507e+00
-1.355020833692900606e+00 -1.353711299345841113e+00 -1.379706930172736268e+00 -1.395260559337870188e+00
-1.405815989789991338e+00 -1.403512450266571898e+00 -1.408869769882924006e+00 -1.406091175187500042e+00
-1.451254145970951370e+00 -1.682144791836352793e+00 -1.460193271990666952e+00 -1.451135284660940883e+00
-1.426821579295188602e+00 -4.507614548908194685e+00 -1.608842716717920451e+00 -1.430298064107137446e+00
-2.344112754430517143e+00 -2.321369291560059889e+00 -2.326077510794859471e+00 -2.331179830482429161e+00
-2.327462910326801193e+00 -2.304348546571861167e+00 -2.304836948758130166e+00 -2.312605917131428601e+00
-2.289861738833613547e+00 -2.290914026694502503e+00 -2.289226478425879563e+00 -2.301423720184754274e+00
-2.261098642408644110e+00 -2.248483854240661994e+00 -2.249674577401733266e+00 -2.255162128915855213e+00
-2.198934218610459901e+00 -2.179324611535981226e+00 -2.200508037159393027e+00 -2.216197149827714874e+00
-2.056754751770922152e+00 -2.048851767042939365e+00 -4.964651747549244654e+00 -2.065587377720890849e+00
0.000000000000000000e+00 0.000000000000000000e+00 0.000000000000000000e+00 0.000000000000000000e+00
-4.898622202047773655e+00 -1.838228725185148127e+00 -1.838194594571743945e+00 -1.871751567432181185e+00
-2.054775140812473921e+00 -1.759448173554161166e+00 -1.790669669342606740e+00 -1.950798801383919034e+00
-1.773753818448788211e+00 -1.630511493951929181e+00 -1.725622443141973106e+00 -1.813092932884349473e+00
-1.688029594599867567e+00 -1.654812736961671860e+00 -1.589121112360821542e+00 -1.708359464414840767e+00
-1.591724171299905732e+00 -1.450631433188014796e+00 -1.575224251244839557e+00 -1.662439510862369740e+00
-1.574544436834262928e+00 -1.490762018436341041e+00 -1.413459839699664489e+00 -1.520795419347064525e+00
-1.488785837836183790e+00 -1.283688061699873151e+00 -1.392997965911692004e+00 -1.460191609097715393e+00
-1.374062246948987376e+00 -1.176780049778221482e+00 -1.336148169978155886e+00 -1.370119835447972001e+00
-1.294577300906089690e+00 -1.204903294510281109e+00 -1.318007660901608036e+00 -1.322995781482150024e+00
-1.304926634799097318e+00 -1.298253197162908990e+00 -1.310133923650272258e+00 -1.299536985738509065e+00
-1.336016973176010314e+00 -1.336698063730281216e+00 -1.389471688339446676e+00 -1.355348571426625126e+00
-1.343145587596746626e+00 -1.346807030757805945e+00 -4.452905054342438440e+00 -1.354103481165407574e+00
0.000000000000000000e+00 0.000000000000000000e+00 0.000000000000000000e+00 0.000000000000000000e+00
-2.305859360125689594e+00 -2.447208680463870412e+00 -2.298027671607773215e+00 -2.294605127335988648e+00
-2.271741640844075150e+00 -2.267717798586544653e+00 -2.266388878917685368e+00 -2.274665175131974859e+00
-2.242997682625256672e+00 -2.230090485804655298e+00 -2.230565460124722676e+00 -2.239208870520577932e+00
-2.183643363953949645e+00 -2.167467334206694130e+00 -2.178741063541739020e+00 -2.213473311289842815e+00
-2.145210880052420777e+00 -2.088053614656049550e+00 -2.109077966247897784e+00 -2.181367861918088291e+00
-2.052621884578831768e+00 -2.005549539250149671e+00 -2.130649421308411728e+00 -2.031345659482561850e+00
-1.823646671602621394e+00 -1.811490421224130953e+00 -1.804637291343583527e+00 -4.898622202047773655e+00
-1.987734370268178452e+00 -1.799597095494060328e+00 -1.773765893285963902e+00 -1.871388818481473315e+00
-1.833013900925241968e+00 -1.732981830209531671e+00 -1.671131600292417030e+00 -1.846540399871067439e+00
-1.759424372742162568e+00 -1.670088344712185036e+00 -1.530564690345668000e+00 -1.758658752624387978e+00
-1.687403726934123993e+00 -1.544472924268384340e+00 -1.408625320631167188e+00 -1.687290801290280973e+00
-1.576484210153274335e+00 -1.445564206618350722e+00 -1.306101890042774993e+00 -1.575479037340039135e+00
-1.503548029859009150e+00 -1.306418109979960551e+00 -1.220369616907179822e+00 -1.519465416293176441e+00
-1.387340654023780928e+00 -1.186040682244618782e+00 -1.079873768659286082e+00 -1.421966362968514197e+00
-1.274648391526961966e+00 -1.010763338516871279e+00 -1.184698055042085585e+00 -1.315599463341317499e+00
-1.245677623267280154e+00 -1.018942546318488462e+00 -1.208116238628646366e+00 -1.315311685403167008e+00
-1.234506888117079537e+00 -1.205624639025730138e+00 -1.225484674180336908e+00 -1.230660578898192359e+00
-1.274274982659760802e+00 -1.272801533885366876e+00 -1.288373036716679909e+00 -1.277753725317733569e+00
-1.306004074588909880e+00 -1.300558385829729158e+00 -1.367439373620329857e+00 -1.593461372815489607e+00
-1.136350618920573430e+00 -1.129078351536886515e+00 -1.114747923747298364e+00 -4.166140915016670832e+00
-2.054328798816713153e+00 -4.926095585292826762e+00 -2.043550180330867327e+00 -2.009751879674666952e+00
-2.351366410891645664e+00 -2.316491024156221989e+00 -2.207248583698028455e+00 -2.206957304213345683e+00
-2.187325274137004172e+00 -2.167589908001743115e+00 -2.163514665324000941e+00 -2.177417485030108679e+00
-2.116888911391088257e+00 -2.119182261640025988e+00 -2.079480954762919609e+00 -2.162036402681215996e+00
-2.077765391305157028e+00 -2.057148181461143643e+00 -1.989025398815906787e+00 -2.104267240420520935e+00
-2.021780456572390694e+00 -2.008853836082839628e+00 -1.899828284123123545e+00 -2.017200627381654510e+00
-1.945401212442342986e+00 -1.899293613842837125e+00 -1.785722982998082298e+00 -1.931053177678580424e+00
-1.872296605453535268e+00 -1.825727178058064393e+00 -1.686162568363929637e+00 -1.801725902387604883e+00
-1.787010775013057273e+00 -1.736393028934945626e+00 -1.576537414347130239e+00 -1.751770087507785956e+00
-1.670915207938043601e+00 -1.711142337872881836e+00 -1.457178396966363199e+00 -1.669000899207750965e+00
-1.618217215738082082e+00 -1.596793318937276496e+00 -1.337254660751980184e+00 -1.561179585738389664e+00
-1.520394328306190923e+00 -1.528562694449427495e+00 -1.220865586873853825e+00 -1.474421819833164893e+00
-1.436997229019929989e+00 -1.362250850729453733e+00 -1.115589729281969422e+00 -1.385616586676057915e+00
-1.340883505654580921e+00 -1.127561193007845519e+00 -1.011696893246161411e+00 -1.313146365121767412e+00
-1.186379694637747839e+00 -8.595008025665954454e-01 -9.838877327874374634e-01 -1.218556998446265194e+00
-1.141078098307629629e+00 -8.365565563933237136e-01 -1.156073828042532003e+00 -1.217650236648228468e+00
-1.140121189872413732e+00 -1.069018573180394061e+00 -1.167581547476271409e+00 -1.163574556567735119e+00
-1.197500440041068259e+00 -1.204471886156769589e+00 -1.227591025755432774e+00 -1.231134976800215775e+00
-1.258697244009716609e+00 -1.324874338369073978e+00 -1.465744268289242314e+00 -1.260652791288237706e+00
-1.027083155672022130e+00 -3.856160377251949711e+00 -1.023258410190261536e+00 -1.027276153060791231e+00
0.000000000000000000e+00 0.000000000000000000e+00 0.000000000000000000e+00 0.000000000000000000e+00
-4.917883983658696501e+00 -2.046145039700118407e+00 -2.051451085760285231e+00 -2.050378168155908121e+00
-2.313107048103898666e+00 -2.119558333750967360e+00 -2.121240471886054912e+00 -2.120907665431681188e+00
-2.088770176383135890e+00 -2.084979122122533113e+00 -2.087233543446267880e+00 -2.094057988537279869e+00
-2.055588004602815211e+00 -2.041745997875866525e+00 -2.038035772484342534e+00 -2.045957894800212173e+00
-2.016866613435027045e+00 -2.003586319451729825e+00 -2.181938372778632118e+00 -1.994492925774756564e+00
-1.877950029019265887e+00 -4.874842224750338460e+00 -1.847621611049297119e+00 -1.858226935414934555e+00
-1.787675693842823765e+00 -1.903397979724489986e+00 -1.777887805867336635e+00 -1.784444543565890218e+00
-1.718488862647619353e+00 -1.704496671650835404e+00 -1.705926213018683413e+00 -1.707042788550791945e+00
-1.665789948311233726e+00 -1.652475395030252647e+00 -1.652358126300286667e+00 -1.654763830201857244e+00
-1.591936940662381339e+00 -1.584302448714910216e+00 -1.587927615357719757e+00 -1.553651378010290962e+00
-1.553308103128853590e+00 -1.797768997010710912e+00 -1.568137441308020241e+00 -1.429198019226546990e+00
-1.355279758496762632e+00 -4.641051006154073733e+00 -1.134628242480540061e+00 -1.255099871774355114e+00
-1.596982628391451886e+00 -1.117366510940663638e+00 -9.191132880195215238e-01 -1.255052576877264903e+00
-1.042262448400030017e+00 -7.322585227239893912e-01 -9.025401863284742143e-01 -1.031094837315808643e+00
-1.075866272461664996e+00 -7.013756219179823059e-01 -1.072875383743610245e+00 -1.087279986103474316e+00
-8.847889988556011387e-01 -1.112296255386629573e+00 -1.131463719079505381e+00 -1.092098506575502892e+00
-1.112092865864315439e+00 -1.573287628872322541e+00 -1.384089669331959094e+00 -1.138758011388278923e+00
-1.048047657235261054e+00 -3.856160377251949711e+00 -3.062897555000000160e+00 -1.057337739226866358e+00
0.000000000000000000e+00 0.000000000000000000e+00 0.000000000000000000e+00 0.000000000000000000e+00
-2.020760227734122338e+00 -2.006448647036618738e+00 -2.002403468675768572e+00 -4.809239787761526941e+00
-2.278909637858268056e+00 -2.063145774815862588e+00 -2.069897670515352228e+00 -2.200456832578698396e+00
-2.083160191855955468e+00 -2.089640827272892576e+00 -2.101971597262863867e+00 -2.088856416317552256e+00
-2.045037408490951947e+00 -2.376497883344979023e+00 -2.030844001777881047e+00 -2.028092834629219965e+00
-2.061410498682109349e+00 -2.023754258496253566e+00 -2.024366894802445582e+00 -2.030053991615671016e+00
-1.997750198079369932e+00 -2.241244814496753612e+00 -4.764493565137687625e+00 -2.016516300597502198e+00
0.000000000000000000e+00 0.000000000000000000e+00 0.000000000000000000e+00 0.000000000000000000e+00
-4.641051006154073733e+00 -1.532893084871602030e+00 -1.543196937610951336e+00 -1.555856117165452357e+00
-1.780221035274747621e+00 -1.620674068552673486e+00 -1.644957896276117326e+00 -1.652502005352737280e+00
-1.649057987034692196e+00 -1.812714243664492297e+00 -1.696044735553901006e+00 -1.649131069031179786e+00
-1.572144577930793208e+00 -4.452905054342438440e+00 -1.566238713026364193e+00 -1.560825755800518966e+00
-1.721317257862637895e+00 -1.427143312396013997e+00 -4.452905054342438440e+00 -1.475368076354279134e+00
0.000000000000000000e+00 0.000000000000000000e+00 0.000000000000000000e+00 0.000000000000000000e+00
-4.507614548908194685e+00 -9.709032247259193893e-01 -8.352828233924023404e-01 -9.988442758619445749e-01
-1.374328332643299566e+00 -6.027154497729766414e-01 -7.169984571573754240e-01 -9.522720790644696454e-01
-9.609036134589491462e-01 -5.364387279196545233e-01 -1.049739664766363934e+00 -1.002863174918955380e+00
-8.382430468819306313e-01 -1.540550827171790926e+00 -1.011623276747078526e+00 -1.013401882513954355e+00
-1.028497468408746895e+00 -3.430947019550000032e+00 -3.062897555000000160e+00 -1.033399502617867505e+00
0.000000000000000000e+00 0.000000000000000000e+00 0.000000000000000000e+00 0.000000000000000000e+00
-9.499999999999999556e-01 -1.022094676689153520e-01 -1.301329000000000236e-01 -1.719500000000000028e+00
-2.065373279306780052e+00 -2.091691189997232136e+00 -2.069281278224955223e+00 -2.184709687415073098e+00
-2.056109754450335281e+00 -2.065278304374309037e+00 -2.054612891746732117e+00 -2.062151477837672164e+00
-2.068155777199118361e+00 -2.126822000277750035e+00 -2.314037291692160547e+00 -2.054332481973257352e+00
-1.941577882764022434e+00 -4.917883983658696501e+00 -1.917662504862220230e+00 -1.928542261474506914e+00
-2.185186720427718665e+00 -2.147326346525831209e+00 -2.295390860106020003e+00 -2.012185965104549723e+00
-1.754490605449966933e+00 -4.641051006154073733e+00 -1.863529408717851332e+00 -1.769001821846910349e+00
-1.586821593587538937e+00 -1.633572912758080253e+00 -1.529796454730789623e+00 -4.601167784615637579e+00
-1.580656069027646549e+00 -1.523438157967300866e+00 -1.524016473432793006e+00 -1.525927942644540014e+00
-1.546319247767515614e+00 -1.533433713487836192e+00 -1.626969694686273726e+00 -1.573773613670072846e+00
-1.433389267202365369e+00 -1.575234950898484643e+00 -4.452905054342438440e+00 -1.446996734649562022e+00
0.000000000000000000e+00 0.000000000000000000e+00 0.000000000000000000e+00 0.000000000000000000e+00
-2.608515500000000209e+00 -3.256607799500000233e+00 -1.179626232565685884e+00 -1.355485698942904271e+00
-1.158581631248868149e+00 -3.256607799500000233e+00 -9.808828345926826620e-01 -3.062897555000000160e+00
-1.052415277378949243e+00 -1.290267830743309974e+00 -7.240781548554279246e-01 -1.353409595686469125e+00
-9.050387429678252715e-01 -5.302019932524637547e-01 -5.617739420902321257e-01 -7.996822542315853433e-01
-7.892865654388020458e-01 -3.613537402915812380e-01 -1.013254621981704018e+00 -8.576324244568482857e-01
-6.621090687392985341e-01 -8.228019654184485221e-01 -4.392116727047153724e+00 -8.742605344046039395e-01
0.000000000000000000e+00 0.000000000000000000e+00 0.000000000000000000e+00 0.000000000000000000e+00
-1.354999999999999982e+00 -1.296988985550813767e-01 -1.402790225127470702e-01 -9.499999999999999556e-01
-2.338888172374266605e-01 -1.675638066189778230e-01 -1.740032659042458629e-01 -2.910385943242626006e-01
-1.774893422797391151e+00 -4.764493565137687625e+00 -1.785836346284165099e+00 -1.786264777105671886e+00
-2.303557962157227745e+00 -2.178287635623259000e+00 -2.288520938578842756e+00 -2.016959713889661110e+00
-1.885224489089968980e+00 -1.915340639330528116e+00 -4.809239787761526941e+00 -1.937507209673738240e+00
0.000000000000000000e+00 0.000000000000000000e+00 0.000000000000000000e+00 0.000000000000000000e+00
-4.073489905574079195e+00 -1.422876032625397302e+00 -4.392116727047153724e+00 -1.516758088590389963e+00
0.000000000000000000e+00 0.000000000000000000e+00 0.000000000000000000e+00 0.000000000000000000e+00
-4.392116727047153724e+00 -1.381906290830202222e+00 -1.377859067797617687e+00 -1.564555375357217670e+00
-1.653334907365856754e+00 -1.453744714105360103e+00 -1.460011759706014267e+00 -1.494662717346065595e+00
-1.454805679625539083e+00 -1.450261695854446087e+00 -1.628779249269414864e+00 -1.460302487139603311e+00
-1.266805415006021729e+00 -1.300732655085855782e+00 -4.601167784615637579e+00 -1.278921570192248058e+00
0.000000000000000000e+00 0.000000000000000000e+00 0.000000000000000000e+00 0.000000000000000000e+00
0.000000000000000000e+00 0.000000000000000000e+00 0.000000000000000000e+00 0.000000000000000000e+00
0.000000000000000000e+00 0.000000000000000000e+00 0.000000000000000000e+00 0.000000000000000000e+00
-4.166140915016670832e+00 -9.057474100541238471e-01 -5.310777315122279241e-01 -8.918557750276633334e-01
-8.104949252117499281e-01 -5.271712890652077155e-01 -3.170934661865682513e-01 -6.997411041605530180e-01
-6.430100494824702029e-01 -1.662816347311680265e-01 -4.333534539152346099e-01 -5.602584345216443662e-01
-5.861434821336508616e-01 -1.321512978080923717e-01 -4.392116727047153724e+00 -7.238573712641690472e-01
0.000000000000000000e+00 0.000000000000000000e+00 0.000000000000000000e+00 0.000000000000000000e+00
-1.719500000000000028e+00 -1.877547170778588737e-01 -1.858084977194767728e-01 -1.783802919277025223e-01
-2.527082294242862237e-01 -1.764205481843297008e-01 -1.994279754166365659e-01 -1.777488307348449315e-01
0.000000000000000000e+00 0.000000000000000000e+00 0.000000000000000000e+00 0.000000000000000000e+00
-4.709251314984799208e+00 -1.581050941077443817e+00 -1.669163478886328100e+00 -1.614775114007480861e+00
-1.537006843735169825e+00 -1.438087266538341069e+00 -4.556853094017375483e+00 -1.555364449013238559e+00
0.000000000000000000e+00 0.000000000000000000e+00 0.000000000000000000e+00 0.000000000000000000e+00
-3.856160377251949711e+00 -1.308567242775076744e+00 -1.568210575357786185e+00 -1.634300525786366975e+00
-1.381938607132147112e+00 -1.380055739728256903e+00 -1.447498874874781682e+00 -3.970544339526754563e+00
-1.321606733506475395e+00 -4.392116727047153724e+00 -1.328099918135021706e+00 -1.385623900872821723e+00
-1.669991740792375223e+00 -1.407652414477898350e+00 -1.392143326830977079e+00 -1.404479942705228135e+00
-1.380698971105976058e+00 -1.379187908219055902e+00 -1.376536933764803239e+00 -1.406615430765791874e+00
-1.328227767836494877e+00 -1.321063852352129864e+00 -1.426196059272588190e+00 -1.621866012864342954e+00
-1.210876993166577931e+00 -1.169184694404199032e+00 -1.153481611586479216e+00 -4.073489905574079195e+00
-1.036507060071688580e+00 -1.048123525157207414e+00 -1.048099318298551852e+00 -3.970544339526754563e+00
-1.325229921335196792e+00 -1.094785695551239169e+00 -1.088749857567218315e+00 -3.970544339526754563e+00
-1.081369134574542201e+00 -1.250436338259155455e+00 -9.310362256758872856e-01 -1.220591924012984997e+00
-7.801858797440492932e-01 -4.324574141163504137e+00 -2.450134000531616896e-01 -6.441626091735348503e-01
-4.533425326892832063e-01 -2.261548574295428049e-01 -4.423783676739428961e-02 -4.516808515293661008e-01
-2.794514151468343033e-01 4.345313874800463272e-02 -4.905388242003367316e-01 -7.150986028756259882e-01
-3.100277779111035859e-01 1.330655490559516652e-01 -3.092312800333591460e-01 -3.970544339526754563e+00
-2.641873841167665105e-01 -2.335180698416034761e-01 -2.310140962014232413e-01 -2.347825746409758219e-01
-1.838584878998691385e-01 -1.176546723976140824e-01 -1.789181177210072693e-01 -1.754589202742312115e-01
-1.320182850150255938e+00 -1.277937193245393788e+00 -1.389023091955349010e+00 -4.073489905574079195e+00
-1.690123998323202148e+00 -4.073489905574079195e+00 -1.493317077316007158e+00 -1.700169744020673113e+00
-1.600897775686360935e+00 -1.308394208379028534e+00 -3.856160377251949711e+00 -1.633756148061209057e+00
0.000000000000000000e+00 0.000000000000000000e+00 0.000000000000000000e+00 0.000000000000000000e+00
-4.392116727047153724e+00 -1.168854902537847407e+00 -1.175314683139221605e+00 -1.167615366436579372e+00
-1.464311101748353883e+00 -1.228799027157233104e+00 -3.970544339526754563e+00 -1.226745476863902118e+00
0.000000000000000000e+00 0.000000000000000000e+00 0.000000000000000000e+00 0.000000000000000000e+00
-4.324574141163504137e+00 -1.237919134030645463e+00 -1.251407519385662415e+00 -1.238935234887424519e+00
-1.538182844072137234e+00 -1.316882793961773324e+00 -1.318821438116276612e+00 -1.316085763764929917e+00
-1.261908161796823746e+00 -1.260595711959865639e+00 -1.258889798455869569e+00 -1.265373270582275778e+00
-1.192214571569987447e+00 -1.186833893980640431e+00 -1.186989391538577632e+00 -1.186878148733104821e+00
-1.129651069699318944e+00 -1.098500304562173069e+00 -1.129515311529379673e+00 -1.189741932964546667e+00
-1.109639767388272968e+00 -1.086268781041110021e+00 -1.250832153606656894e+00 -1.379850749164659884e+00
-9.889002103035294811e-01 -1.199555810854349147e+00 -3.729067085835499729e+00 -9.968147406370966301e-01
0.000000000000000000e+00 0.000000000000000000e+00 0.000000000000000000e+00 0.000000000000000000e+00
-3.856160377251949711e+00 -3.729067085835499729e+00 6.992471307212390352e-02 -4.101272108061462252e-01
-4.802632642254114348e-01 -3.346119623575336544e-01 2.314537071109554756e-01 -1.460445848552812953e-01
-1.919123387320970792e-02 3.718637485816611576e-01 1.660023066635994415e-01 -1.645615896278744827e-01
-1.276902852120354037e-01 4.529006348690803319e-01 -1.057532534774884292e-01 -2.028617492559793567e-01
-1.231352816297316688e-01 3.473047370567067804e-01 -1.186631356272159210e-01 -1.478031741858772674e-01
-1.429221610503950135e+00 -1.274699269885695596e+00 -3.970544339526754563e+00 -1.486857154131779879e+00
0.000000000000000000e+00 0.000000000000000000e+00 0.000000000000000000e+00 0.000000000000000000e+00
-4.166140915016670832e+00 -1.261034135532179912e+00 -1.510364974086783274e+00 -1.261261369598542181e+00
-1.084934124824563195e+00 -1.085080963746080762e+00 -1.079286858330837928e+00 -4.249526823515004104e+00
-1.350884084935570106e+00 -1.245632558494710329e+00 -1.243000145119889988e+00 -1.390081770114993898e+00
-1.222328272734571009e+00 -1.226569033475212400e+00 -1.222066102654867148e+00 -1.229518735320481948e+00
-1.189682403373801600e+00 -1.183619167682351314e+00 -1.199376969804392346e+00 -4.392116727047153724e+00
-1.459984058424021569e+00 -1.264210844149385782e+00 -1.263232732963077254e+00 -1.259730593174827717e+00
-1.267419031700302456e+00 -1.264417556722275293e+00 -1.263944314165410532e+00 -1.286607351766186014e+00
-1.229143255212052921e+00 -1.218912491756216410e+00 -1.199694310645687212e+00 -1.207036392334128516e+00
-1.153927493697091577e+00 -1.160788662799973947e+00 -1.075487328449126645e+00 -1.149788743275808489e+00
-1.095107921792368710e+00 -4.073489905574079195e+00 -8.817972108674387854e-01 -1.110533968262979787e+00
-1.152423154732623134e+00 -7.135663345689222670e-01 -1.097688155693199885e+00 -1.105189364388260653e+00
-9.185831875172547623e-01 -3.256607799500000233e+00 -3.256607799500000233e+00 -9.127190749794242830e-01
0.000000000000000000e+00 0.000000000000000000e+00 0.000000000000000000e+00 0.000000000000000000e+00
0.000000000000000000e+00 0.000000000000000000e+00 0.000000000000000000e+00 0.000000000000000000e+00
-3.729067085835499729e+00 -5.690028202040427197e-02 3.140089614232960957e-01 -1.933490276846706601e-01
3.145706288882352958e-02 4.962665663616759315e-01 3.842327125730258253e-01 9.859954972030215981e-02
1.957459777490956898e-01 6.113180651269111143e-01 4.583563524252001198e-01 3.473505220575177910e-03
2.214050344666806946e-02 7.148240672909965676e-01 2.141997543714541097e-02 -4.434485446106493922e-02
-1.330474193105972924e+00 -1.260742883774734757e+00 -1.388321806449914542e+00 -1.533945614947294755e+00
-1.170940575921149973e+00 -3.256607799500000233e+00 -1.183551713440227582e+00 -3.256607799500000233e+00
-1.361485097425200630e+00 -1.215716663702429257e+00 -1.264275565876234353e+00 -1.294036803021552551e+00
-1.255990017316550800e+00 -1.254498356416067439e+00 -1.262145063181898896e+00 -1.365023466578577427e+00
-1.252830436030347272e+00 -1.253811053549316989e+00 -1.255129000672568607e+00 -1.252733913694902501e+00
-1.238066764378967122e+00 -1.450135231274170655e+00 -1.238941084276542703e+00 -1.239645146452855062e+00
-1.237563782174641247e+00 -1.247251284091328349e+00 -1.243721808476417889e+00 -1.330685310780465036e+00
-1.265573099241646515e+00 -1.326768676561596028e+00 -1.259253888946768152e+00 -1.262708754685072154e+00
-1.257031665621139993e+00 -1.325981785246898470e+00 -1.436515363771063480e+00 -1.265425277729603115e+00
-9.564106447810062361e-01 -4.249526823515004104e+00 -9.575439902610165532e-01 -9.674567233818557321e-01
-1.196953812275858953e+00 -1.121941118987828556e+00 -3.587852317594999896e+00 -1.070593215733836034e+00
0.000000000000000000e+00 0.000000000000000000e+00 0.000000000000000000e+00 0.000000000000000000e+00
-3.587852317594999896e+00 -6.013513084728465685e-01 -3.062897555000000160e+00 -6.583083759030480264e-01
0.000000000000000000e+00 0.000000000000000000e+00 0.000000000000000000e+00 0.000000000000000000e+00
-1.354999999999999982e+00 -5.674949079080525427e-02 -6.738100893642838540e-02 -1.719500000000000028e+00
-1.438238386612090136e-01 -6.678539965946825308e-02 -1.044269958503935836e-01 -1.354999999999999982e+00
-1.100366938058059130e-01 -2.614028748137432745e-02 4.513702264291637456e-01 -5.813213349454959822e-02
2.545820737278986501e-01 3.724704779787426090e-01 6.007870849074318231e-01 2.725515927059449783e-01
3.940487024224398338e-01 6.525233758906205939e-01 7.469985205521028071e-01 4.335385803742130562e-01
5.563135378233889927e-01 8.712472727076535639e-01 7.155286747695420724e-01 5.142191377843827738e-01
-1.151791578783192049e+00 -1.159765372178253928e+00 -4.166140915016670832e+00 -1.149917976495088201e+00
0.000000000000000000e+00 0.000000000000000000e+00 0.000000000000000000e+00 0.000000000000000000e+00
-4.166140915016670832e+00 -1.175694166111799444e+00 -1.170343537160794645e+00 -1.162048039012655298e+00
-1.343667618191642266e+00 -1.279095995325757462e+00 -1.272094526165711947e+00 -1.274011004851494100e+00
-1.259595761275599246e+00 -1.285747861784046986e+00 -1.305042601303095351e+00 -1.254320484514391154e+00
-1.176343070657225098e+00 -3.856160377251949711e+00 -1.180187349334467450e+00 -1.184590027957741709e+00
-1.180882117554143296e+00 -1.383432530343046141e+00 -1.176578500187810850e+00 -1.197049901773629133e+00
-1.113285999079760336e+00 -3.856160377251949711e+00 -1.131252428383859643e+00 -1.119474986000578820e+00
-1.122639749327613679e+00 -1.177149952244692876e+00 -3.729067085835499729e+00 -1.137912385860963660e+00
0.000000000000000000e+00 0.000000000000000000e+00 0.000000000000000000e+00 0.000000000000000000e+00
-3.970544339526754563e+00 -5.487782173501429828e-01 -6.104928226562476024e-01 -5.845788970239153004e-01
-5.154011858474832897e-01 -4.440610745583434271e-01 -4.440019611552403767e-01 -2.608515500000000209e+00
-5.701041095254983926e-01 -5.084460731478845918e-01 -6.417818280462737057e-01 -5.348956779898162983e-01
-2.974839072132260953e-01 -2.794895651262932490e-01 -1.911660409570244135e-01 -2.608515500000000209e+00
-2.183524229478302769e-01 -2.103897420042777910e-01 6.586199689511869348e-02 -3.098590202495892232e-01
-1.462217229970295684e-01 -1.726042175070307272e-01 3.338407632442150219e-01 -2.096672508842019333e-01
-8.785536035990898496e-02 -1.178358038227141497e-01 5.358781894616264641e-01 -5.711221810262263887e-02
-1.322334269877840224e-02 -2.847663950000000277e+00 6.155478705501591374e-01 9.518958476308171657e-02
2.495820676053617793e-01 1.858997917776822884e-01 8.716026296666157247e-01 3.473195617739384122e-01
6.931850262254022343e-01 9.999999999999995559e-01 8.234239348623496602e-01 6.918474648946740801e-01
-1.267424121985906593e+00 -1.282984599093262013e+00 -1.352470076897329676e+00 -1.476491729505524653e+00
-1.133343016827666139e+00 -1.119574555803940719e+00 -1.114648839733977104e+00 -3.970544339526754563e+00
-1.407470281951313407e+00 -1.295796392559338539e+00 -1.301318648970928527e+00 -1.332509092084038782e+00
-1.285804828988154958e+00 -1.286060660984490012e+00 -1.341646952006850135e+00 -1.290876137665343037e+00
-1.077777904106718143e+00 -1.105295961955812700e+00 -3.970544339526754563e+00 -1.066827645810114467e+00
0.000000000000000000e+00 0.000000000000000000e+00 0.000000000000000000e+00 0.000000000000000000e+00
-3.062897555000000160e+00 -9.819976622320868431e-01 -3.256607799500000233e+00 -9.318555587844290500e-01
0.000000000000000000e+00 0.000000000000000000e+00 0.000000000000000000e+00 0.000000000000000000e+00
-3.856160377251949711e+00 -1.065195896737764159e+00 -7.808549248664194975e-01 -7.996882742982508452e-01
-5.337191109047750848e-01 -7.391750075904451878e-01 -5.094852493805118732e-01 -3.256607799500000233e+00
-5.598219531982416841e-01 -5.152040926141071564e-01 -5.133300320353059165e-01 -5.204503448950459354e-01
-4.849568809038862227e-01 -4.698239173447154582e-01 -4.652710997350716915e-01 -4.662478780301858028e-01
-4.523598091115517694e-01 -4.409293461154323301e-01 -3.785747877894863889e-01 -4.767205828174045923e-01
-3.394773459020153372e-01 -3.395587767839621240e-01 -2.491481437084996364e-01 -4.850111110852612373e-01
-2.928403019525618323e-01 -2.584116894302496692e-01 -2.366001673675678652e-01 -1.107312016812643934e-01
-1.993224770797104028e-01 -1.846596554648016475e-01 -1.622748169695216180e-01 -3.371559627210907878e-02
-1.425611639596045810e-01 -1.272744602875485742e-01 -5.000000000000000000e-01 -2.118355577434617026e-02
0.000000000000000000e+00 0.000000000000000000e+00 0.000000000000000000e+00 0.000000000000000000e+00
-1.354999999999999982e+00 8.638999999999999110e-03 7.175704635190000014e-01 6.872603498934191923e-02
0.000000000000000000e+00 0.000000000000000000e+00 0.000000000000000000e+00 0.000000000000000000e+00
