-3.257154299751018556e+00 -3.183911548577727846e+00 -2.853478416081602465e+00 -3.239139218522800512e+00
-3.050948831446369525e+00 -2.995011650748133469e+00 -2.736104076080767111e+00 -2.886412959264502920e+00
-2.897734255554974325e+00 -2.689371888834305668e+00 -2.652018162543391622e+00 -2.743841508777197458e+00
-2.795077895253917255e+00 -2.566463360499996238e+00 -2.557361985261482840e+00 -2.672316997162195396e+00
-2.633274444834512451e+00 -2.431387033284254429e+00 -2.644852920990880651e+00 -2.506299061231484160e+00
-2.650305875598105487e+00 -2.053956021694213430e+00 -4.999953693064344229e+00 -2.906169449970033458e+00
0.000000000000000000e+00 0.000000000000000000e+00 0.000000000000000000e+00 0.000000000000000000e+00
-4.860935805278153943e+00 -1.361384094019448376e+00 -1.336695708767022817e+00 -1.636805495573873337e+00
-1.582346555069276572e+00 -1.275422832347055113e+00 -1.268277299567203587e+00 -1.284731744555118071e+00
-1.272441178340729007e+00 -1.154506619742975415e+00 -1.193276851406129824e+00 -1.208012873732009052e+00
-1.181874189728989499e+00 -1.122934963635609629e+00 -1.121723081467653538e+00 -1.132516159748786722e+00
-1.078685176134874801e+00 -1.040245254930708629e+00 -1.091866650283003892e+00 -1.070014295545178129e+00
-3.234997566457459062e+00 -3.183900605147472529e+00 -3.014521896545780510e+00 -3.195162541107025689e+00
-3.199697071887347199e+00 -3.131540832738433977e+00 -2.741355415390307471e+00 -3.052618276976940770e+00
-2.973377589816616595e+00 -3.001287466839602569e+00 -2.505768483140746739e+00 -2.896322216353648393e+00
-2.729313991599713773e+00 -3.012897197353598067e+00 -2.380447685879917952e+00 -2.679369363586014963e+00
-2.584395728153416893e+00 -2.735222069792593302e+00 -2.132242314680106610e+00 -2.542791194736367277e+00
-2.480533493646948529e+00 -2.344043935260211153e+00 -1.587402644103572014e+00 -2.530366716881863098e+00
-2.212232378115956077e+00 -1.685299623175937178e+00 -1.432900468583704123e+00 -4.999999907539955046e+00
-2.065246080382543425e+00 -1.380710376082578739e+00 -1.279743206077001316e+00 -1.571654128868197997e+00
-1.409742749432456810e+00 -1.194410763720474833e+00 -1.164534176336058158e+00 -1.346089728212221726e+00
-1.264550670910237873e+00 -1.026610454113967341e+00 -1.162953072879739258e+00 -1.259096064279987992e+00
-1.140186877705869239e+00 -1.000918725691841482e+00 -1.047034556836349717e+00 -1.143695047538993315e+00
-1.022760857850961269e+00 -9.157343549779485281e-01 -9.961948614762571319e-01 -1.072439328440930373e+00
-3.154541702253016666e+00 -3.108124981568429313e+00 -3.112188240789238058e+00 -3.215889667900113658e+00
-3.168129402064862266e+00 -3.073863248894287192e+00 -2.948359752072201800e+00 -3.049708810178399787e+00
-3.125390904642689982e+00 -2.711190815186150793e+00 -3.181172522867516061e+00 -2.959317309175781396e+00
-3.056103598406971322e+00 -4.025626868646775769e+00 -2.633600619813921462e+00 -2.621888643542972908e+00
-3.017937241298853657e+00 -4.999985468392919685e+00 -1.987601889327353266e+00 -2.671062070446812431e+00
-2.707366150968878227e+00 -4.999998568969619583e+00 -1.583402146437106195e+00 -2.269976677137655940e+00
-2.327095818393948523e+00 -1.851349758339491336e+00 -1.337282486225341183e+00 -2.043738722878405856e+00
-1.613552659468362238e+00 -1.335738983830019766e+00 -1.162648882153137553e+00 -1.611630868539650319e+00
-1.362621675981614322e+00 -1.150656289567465684e+00 -1.006003966654784643e+00 -1.278059528428250546e+00
-1.179561047469118495e+00 -9.041594419250752468e-01 -1.015140046686019204e+00 -1.146024370841784989e+00
-9.816593934315391845e-01 -7.717132809417233119e-01 -9.526943495929500738e-01 -1.122440568240807179e+00
-9.912737939890334804e-01 -8.003899851388519560e-01 -9.236629864591590078e-01 -9.674195358640242937e-01
-3.047535052714097858e+00 -3.049871702206885526e+00 -3.045655780634878518e+00 -3.135561634395881647e+00
-3.066819831985845735e+00 -3.067938297885389076e+00 -2.910132189633227728e+00 -3.098696014419493938e+00
-3.055379769061397965e+00 -2.443542730764054927e+00 -3.535697094902296111e+00 -3.063985053692185101e+00
-2.939398870013110177e+00 -4.995224975246016719e+00 -4.996867106258910951e+00 -2.901948706546163326e+00
0.000000000000000000e+00 0.000000000000000000e+00 0.000000000000000000e+00 0.000000000000000000e+00
0.000000000000000000e+00 0.000000000000000000e+00 0.000000000000000000e+00 0.000000000000000000e+00
-4.983093040432386545e+00 -1.181481498246982564e+00 -1.247199417905259899e+00 -1.576126212618428113e+00
-2.202142590804052613e+00 -1.119545565445460911e+00 -1.071622131941016853e+00 -1.307066209721209127e+00
-1.196777311875541372e+00 -8.882387288393065461e-01 -1.064409226654259077e+00 -1.235029074045567388e+00
-1.065723276454466406e+00 -7.385139474649949909e-01 -8.584335096108342000e-01 -1.095265517482191031e+00
-9.258526401951471252e-01 -6.258476955952748666e-01 -7.952352207017905350e-01 -9.735508585953039917e-01
-8.614721227523333136e-01 -5.961611713466916651e-01 -8.150490202382190130e-01 -8.675759841587443733e-01
-3.035821368185120050e+00 -3.015177117797779083e+00 -3.033295757490183320e+00 -3.040330192775702045e+00
-3.030765805785115230e+00 -3.044285200230910426e+00 -2.707123426435791735e+00 -3.037312300218249828e+00
-3.028589011643747941e+00 -1.790363654829046469e+00 -4.999903183701055021e+00 -2.923976584971740955e+00
0.000000000000000000e+00 0.000000000000000000e+00 0.000000000000000000e+00 0.000000000000000000e+00
-3.729067085835499729e+00 -1.008673229014021233e+00 -8.886070848109964837e-01 -3.256607799500000233e+00
-1.472430014694087630e+00 -9.952701121980592758e-01 -1.006721028806517149e+00 -4.073489905574079195e+00
-1.312991423100392741e+00 -1.062039590203788464e+00 -1.040426933519007502e+00 -1.578954671730926851e+00
-1.156367249696859112e+00 -9.946653347186641403e-01 -9.021926851709787254e-01 -1.176779337674927817e+00
-1.077574960399857673e+00 -8.219502273240096857e-01 -7.968794588230355691e-01 -1.071016446405959499e+00
-9.089175875631297918e-01 -5.453103872354149173e-01 -5.914317760332096219e-01 -9.378486528976249792e-01
-7.575641529649945749e-01 -4.611351207777221184e-01 -6.314965636730600629e-01 -8.918076572674041858e-01
-7.364827005612210042e-01 -3.211192985313774950e-01 -6.631138120060399155e-01 -8.392095890696806837e-01
-3.008765089597699838e+00 -2.961965841414541334e+00 -3.104424679430487277e+00 -2.997769814669246635e+00
-2.724225643802668184e+00 -4.999797581169885596e+00 -1.819086707004619274e+00 -2.836898513264456856e+00
-2.326754074633087033e+00 -1.850404462050150745e+00 -1.483661825971991588e+00 -2.511756694466877882e+00
-1.761250717838488189e+00 -1.045025078458703627e+00 -1.039886703079253127e+00 -4.933486026763544530e+00
-1.549973737346899583e+00 -9.988939119862589866e-01 -1.006934069678183663e+00 -1.143172365779385080e+00
-1.039545820636658124e+00 -1.306994248717262996e+00 -1.027265673620299191e+00 -1.093373440286908194e+00
-1.007679100381746018e+00 -1.072580960245959725e+00 -9.486870606471414780e-01 -1.139379179996713010e+00
-9.653574016661073953e-01 -1.216946933703297429e+00 -7.614667176669980275e-01 -9.754468362469703724e-01
-9.331633486618778894e-01 -6.048209474605497071e-01 -5.151819739218636007e-01 -9.352601122937459488e-01
-7.022092105368531456e-01 -3.477570579581323873e-01 -4.415659791932753930e-01 -7.755773912209085186e-01
-6.125199645386451008e-01 -1.755772880369929068e-01 -3.374035854654726663e-01 -6.512428594637730273e-01
-4.944069149346565495e-01 -5.070795569206412723e-02 -4.842676042695802652e-01 -6.718613694558267513e-01
-3.087022657475605225e+00 -2.211989396358520210e+00 -4.979127210410353221e+00 -2.785807397711392408e+00
0.000000000000000000e+00 0.000000000000000000e+00 0.000000000000000000e+00 0.000000000000000000e+00
-4.960724163943605269e+00 -1.013387861930283851e+00 -9.042174993915267356e-01 -1.827266385795236037e+00
-1.539845052184353635e+00 -8.029378656132348802e-01 -8.277081212309871372e-01 -1.112925458908862186e+00
-1.049931223887557108e+00 -9.661036773376712183e-01 -1.142053386832207140e+00 -1.079396022005288724e+00
-9.280315588802543481e-01 -4.324574141163504137e+00 -9.226654720696657597e-01 -9.302853480851901447e-01
-1.150527666920052372e+00 -1.027614021917487186e+00 -1.212482815598252994e+00 -1.024592841297694346e+00
-7.594075108499908078e-01 -4.392116727047153724e+00 -7.029821723398250732e-01 -7.469917472917824153e-01
-8.526216331395960468e-01 -1.073444154383483840e+00 -3.360096005443022338e-01 -8.338812279315023224e-01
-6.151759869492419153e-01 -2.854200137372888690e-01 -1.385117495883703698e-01 -6.265324049412004381e-01
-4.355048640915292202e-01 3.137781850429235964e-02 -1.567372480738796758e-01 -4.929057091155656933e-01
-3.377834931427823317e-01 1.596243343089387701e-01 -1.614091963193924895e-01 -4.140802255249690367e-01
-1.936843941648376033e+00 -4.874842224750338460e+00 -1.589959746530302809e+00 -2.181632777019363090e+00
-1.913559532299695221e+00 -9.019340275198313162e-01 -7.888885447790066063e-01 -4.601167784615637579e+00
-1.571349285257251704e+00 -6.620174341746235536e-01 -6.956456491086309146e-01 -1.860582715019582611e+00
-8.922179073498964774e-01 -7.022321977270059579e-01 -9.561249822844045676e-01 -9.027974605301993805e-01
-5.647540917780555780e-01 -5.811864796697086000e-01 -4.166140915016670832e+00 -6.099631756582030162e-01
0.000000000000000000e+00 0.000000000000000000e+00 0.000000000000000000e+00 0.000000000000000000e+00
-2.608515500000000209e+00 -3.395224556913807312e-01 -3.430947019550000032e+00 -4.153474061508812265e-01
0.000000000000000000e+00 0.000000000000000000e+00 0.000000000000000000e+00 0.000000000000000000e+00
-4.392116727047153724e+00 -2.706759591611998528e-01 -4.886964955168316416e-01 -5.406014345430826262e-01
-1.260728118945543708e+00 6.578334632187438080e-02 -7.667584516068347289e-02 -4.215102590103856905e-01
-1.583222462895631788e-01 2.335458339349188450e-01 5.085230778708001165e-02 -2.770458755347742219e-01
-1.778622808274911982e-01 3.676075719453050783e-01 5.582709714103292753e-02 -2.890315879868262661e-01
0.000000000000000000e+00 0.000000000000000000e+00 0.000000000000000000e+00 0.000000000000000000e+00
-3.856160377251949711e+00 -4.541507086000375337e-01 -4.480043303219344297e-01 -8.752356713422656531e-01
-8.606990749922532880e-01 -6.169326613704058104e-01 -6.103915767534409120e-01 -7.800387382706212014e-01
-6.350215493197469696e-01 -6.351030897274365650e-01 -6.345651918935286684e-01 -7.014166230509966127e-01
-5.914404198103835331e-01 -5.592889211124785209e-01 -6.848491465569277459e-01 -8.854673787303036780e-01
-3.957735817679297052e-01 -3.849762278568654716e-01 -3.657764966695005726e-01 -3.729067085835499729e+00
-5.320689100372084646e-01 -3.937549053704407220e-01 -6.426434001804905982e-01 -8.921357612181132213e-01
-3.577002228217540103e-01 -3.594782314499098130e-01 -3.791889889349698284e-01 -3.062897555000000160e+00
-4.189250642864887353e-01 -2.032331049989049010e-01 -1.879152664675116935e-02 -7.514056344661425024e-01
-3.172532099864831534e-01 2.013652981229437366e-01 2.657482058113693202e-01 -3.256235199584209816e-01
-8.682716475958605906e-02 4.838813143084585433e-01 3.303875539246734494e-01 -5.599117716754598018e-02
1.635850198083122764e-01 6.115479510970082133e-01 2.515056102804279492e-01 7.619710250471704860e-02
-4.875409002238545453e-01 -4.612216301168328703e-01 -4.572048976789468977e-01 -3.430947019550000032e+00
-6.036257171423591306e-01 -5.795197104976097524e-01 -5.720860666647719084e-01 -6.002800290678554918e-01
-5.972490999160106062e-01 -5.948559717957453419e-01 -5.985301685998147825e-01 -6.007870983733212267e-01
-6.014107003925299733e-01 -5.730588774830303045e-01 -5.712027270153882119e-01 -6.168682311869307933e-01
-5.266158396856430723e-01 -5.203898630179109031e-01 -5.237628456208220928e-01 -5.543526420522740805e-01
-4.595811139034771120e-01 -4.579554420519693636e-01 -4.603099857624977642e-01 -4.531760986011278969e-01
-4.048847037142478400e-01 -4.013639681347050958e-01 -3.969815867182637237e-01 -4.270052669024720360e-01
-4.030134372071010329e-01 -3.317745701890503218e-01 -2.495083573601430127e-01 -5.590775669232460610e-01
-3.509789393507484201e-01 -4.516878096161643097e-02 1.180613876918066574e-01 -3.148505000463467929e-01
-1.783317990356437510e-01 3.981905195616095572e-01 3.300659087524144830e-01 -1.260508865408388746e-01
2.475139076593204368e-01 5.696293031957658792e-01 6.561886251641035894e-01 2.284430961546380923e-01
4.331191323792554781e-01 8.158710285416653774e-01 5.674163414029983477e-01 4.272476125528983371e-01
-5.531104423009961524e-01 -5.530497104064531211e-01 -5.614471298726577686e-01 -6.073662234333636611e-01
-5.691697786500217182e-01 -5.718223349032119929e-01 -5.773311254355583122e-01 -5.773751068299606271e-01
-5.628226226813856092e-01 -5.623888327238983909e-01 -5.690976979296996641e-01 -5.785585103628263504e-01
-5.383782561955537949e-01 -5.471312133186618798e-01 -5.429148492996372921e-01 -5.504113040654181610e-01
-4.967340332777686052e-01 -5.138800790541251384e-01 -4.941439618864917893e-01 -5.059855663542618398e-01
-4.527891558416036744e-01 -4.475647117123917051e-01 -4.315277677366119446e-01 -4.500950571407135170e-01
-3.937649783223849398e-01 -3.808274845614044724e-01 -3.091813460104456124e-01 -4.052152155504710751e-01
-3.783081188681883256e-01 -2.876629778675928173e-01 -5.860455563728855788e-03 -3.485176517601710211e-01
-3.133886258088667831e-01 -7.173481190144390118e-02 3.655957721002362493e-01 -2.792707798299032818e-01
4.678598995013088374e-03 5.111178540843194229e-01 5.743262351797691068e-01 1.284450861769068364e-01
3.155002181809498651e-01 7.189136638872574148e-01 6.316569695292880704e-01 3.894589523406734588e-01
5.854756211164662272e-01 9.999999999999995559e-01 7.919334612752415570e-01 5.411273524028898940e-01
-5.738161246264810167e-01 -5.666916454166058825e-01 -5.613211174893357747e-01 -5.611514415982122861e-01
-5.591105545424392975e-01 -5.609502882471071317e-01 -5.655583913456889711e-01 -5.673193609082460842e-01
-5.576638696468574352e-01 -5.529375032906712617e-01 -5.498993167674721683e-01 -5.594986174185317962e-01
-5.354136922771347562e-01 -5.405687071297958779e-01 -5.358874113882863277e-01 -5.298973439235089566e-01
-5.263629928131841051e-01 -5.007233070549100828e-01 -4.830426134807608296e-01 -4.908069441611986883e-01
-4.583089339303278442e-01 -4.345147040017413032e-01 -4.012006869372844453e-01 -4.336959712255457067e-01
-4.023468920719324160e-01 -3.568157535729282182e-01 -2.373761295489559831e-01 -3.754826840048822723e-01
-3.346054541648973424e-01 -2.550403372376464084e-01 4.355203449596846410e-02 -3.214155792580919990e-01
-2.195831535060108752e-01 -9.296464158015146917e-02 4.469191611987999302e-01 -2.037254366067543232e-01
-4.305415588538830107e-02 3.852291376989042115e-01 7.651065945054245088e-01 -1.483195542276531664e-02
3.563047240112539038e-01 6.685831803413061492e-01 9.999999999544167961e-01 4.496063083942897221e-01
0.000000000000000000e+00 0.000000000000000000e+00 0.000000000000000000e+00 0.000000000000000000e+00
