2.214959440120657999e-02 1.320913398016961560e-01 -1.420503540821334565e-01 2.407716586330087977e-02
-4.420152890532852430e-02 -5.000000000000000000e+00 -1.587100640531983742e-01 -1.443667999688261205e-01
-1.493972615825639172e-01 5.059780710802581211e-02 -2.765685996225089593e-01 -1.587100497371911334e-01
-1.620799896601769208e-01 -4.999999998062897077e+00 -3.702660927130626001e-01 -3.700462096990527194e-01
9.662699703098984183e-02 2.480661062946113438e-01 -5.000000000000000000e+00 4.493100087935780057e-03
0.000000000000000000e+00 0.000000000000000000e+00 0.000000000000000000e+00 0.000000000000000000e+00
-4.999997342794999966e+00 2.092167468782585860e-01 -4.999970475499999623e+00 -2.845183625302590835e-01
0.000000000000000000e+00 0.000000000000000000e+00 0.000000000000000000e+00 0.000000000000000000e+00
2.203721315024716465e-01 -4.999999999984309440e+00 3.717594495028697099e-01 9.642388181235261868e-02
2.055160426021347964e-01 5.001025091362300001e-01 2.198753723117028991e-01 -4.999671949999999754e+00
3.378168131954566999e-01 3.954999999999999627e-01 -4.959500000000000242e+00 -1.072985109639948559e-01
0.000000000000000000e+00 0.000000000000000000e+00 0.000000000000000000e+00 0.000000000000000000e+00
0.000000000000000000e+00 0.000000000000000000e+00 0.000000000000000000e+00 0.000000000000000000e+00
-4.987849999999999895e+00 -1.375499999999999778e-01 6.867678999999999867e-01 3.240383468983243920e-01
3.118651899999999588e-01 6.450429999999999220e-01 9.729999999999999760e-01 -6.999999999999999278e-02
0.000000000000000000e+00 0.000000000000000000e+00 0.000000000000000000e+00 0.000000000000000000e+00
