-3.157795564329360261e+00 -3.230279570860212779e+00 -2.858170475785958065e+00 -3.176242913354709430e+00
-3.110710784842548371e+00 -2.897851871844233429e+00 -2.739728918089631815e+00 -2.932029041361757571e+00
-2.939652989888662304e+00 -2.737375948804833481e+00 -2.644764236425739767e+00 -2.764210105274141682e+00
-2.797105818250493314e+00 -2.632484151804490136e+00 -2.569623147414844766e+00 -2.637661237071232012e+00
-2.658921849428222295e+00 -2.425663725555945671e+00 -2.885762779506974240e+00 -2.591845011305114355e+00
-2.625365240420765023e+00 -2.338548340713839657e+00 -4.999980066382605948e+00 -2.706438932638238981e+00
0.000000000000000000e+00 0.000000000000000000e+00 0.000000000000000000e+00 0.000000000000000000e+00
-4.908759981842996112e+00 -1.360366346231693058e+00 -1.345978650805764731e+00 -1.367059887153157405e+00
-2.061168883841396404e+00 -1.254700567282617030e+00 -1.252008659000108937e+00 -1.294903222784701491e+00
-1.223136967633883465e+00 -1.163256347744148878e+00 -1.187014425541276452e+00 -1.206505390855069582e+00
-1.150794125284920533e+00 -1.135688464682977461e+00 -1.134177310392582072e+00 -1.146531806532366193e+00
-1.101163997489176927e+00 -1.030369583247756182e+00 -1.069913987539014455e+00 -1.066091201220966678e+00
-3.255574393185497684e+00 -3.237260735438364900e+00 -3.004264805335369548e+00 -3.338948762312476060e+00
-3.268910377602432416e+00 -3.094485075492891202e+00 -2.732754186932922824e+00 -3.012951341225738933e+00
-3.013650360555558017e+00 -3.084429924948504098e+00 -2.553552233851661857e+00 -2.849541035959249680e+00
-2.782044305111754490e+00 -2.890213606257168610e+00 -2.427883884189364849e+00 -2.676035682124869641e+00
-2.596531661536232605e+00 -2.465544412775772187e+00 -2.192672026626022230e+00 -2.587326199486858158e+00
-2.500632190725103232e+00 -2.722313758980090981e+00 -1.892220877987158767e+00 -2.643658751998170686e+00
-2.250857392253854616e+00 -1.570873963071449442e+00 -1.678659380803970924e+00 -4.999999859076291742e+00
-2.128044538245427386e+00 -1.379361293673944999e+00 -1.333770365171601080e+00 -1.706875947932407822e+00
-1.460743603587644213e+00 -1.234913315616751772e+00 -1.179483885713066948e+00 -1.358183684940191815e+00
-1.304719722693808315e+00 -1.128816398020842326e+00 -1.020718222720486068e+00 -1.219430326517519036e+00
-1.178141186096086424e+00 -8.488892189133895316e-01 -1.036624864312577055e+00 -1.198305375786313798e+00
-1.079551438549966491e+00 -8.798979472564826265e-01 -1.021483167035030615e+00 -1.032470501951006980e+00
-3.210897937553946591e+00 -3.086254047692933877e+00 -3.139922275430099941e+00 -3.303461734426537788e+00
-3.174149297903214428e+00 -2.899250010230316477e+00 -3.107225482500103997e+00 -3.146038915512913814e+00
-3.125521149585412051e+00 -3.097971688899830323e+00 -3.036505955399602552e+00 -2.891760072612115540e+00
-3.137494179044550968e+00 -3.413355638212811183e+00 -3.082856316968974220e+00 -2.560548799720776536e+00
-2.911825433603145719e+00 -4.999997576537484001e+00 -2.621426012364038272e+00 -2.525455471772959815e+00
-2.504946007528939589e+00 -4.999999239491782710e+00 -1.800916579029318898e+00 -2.278686139651201259e+00
-2.179720367503457989e+00 -1.452500592015114167e+00 -1.362103794679949686e+00 -2.618153863272620008e+00
-1.561253130859998395e+00 -1.267311624819992266e+00 -1.176069343948401791e+00 -1.475528859448801189e+00
-1.409134774253385958e+00 -1.167140015584407609e+00 -1.024180420542511349e+00 -1.383543723430195049e+00
-1.222786386710558837e+00 -9.528416999166682277e-01 -8.327425442600788763e-01 -1.201104879150413973e+00
-1.157624683104685914e+00 -7.080138295696172257e-01 -8.661300744882373115e-01 -1.079987854698968519e+00
-9.397756656804375774e-01 -6.665997468019114747e-01 -9.057951683827103473e-01 -9.982069647755134056e-01
-3.086440116266722100e+00 -3.065677840873115567e+00 -2.922480580925323146e+00 -3.191909349846629329e+00
-3.090644645762802067e+00 -2.762812483587642198e+00 -3.144272616705331647e+00 -3.134671567427152805e+00
-3.010567636432850858e+00 -2.734341253381333381e+00 -3.362210933072919072e+00 -3.034292081082899273e+00
-2.981987257482666465e+00 -4.986305362750233172e+00 -4.988907343827689189e+00 -2.978499967306336149e+00
0.000000000000000000e+00 0.000000000000000000e+00 0.000000000000000000e+00 0.000000000000000000e+00
0.000000000000000000e+00 0.000000000000000000e+00 0.000000000000000000e+00 0.000000000000000000e+00
-4.940137424087190254e+00 -1.290345664371863599e+00 -1.233189541592417671e+00 -1.514426849399774788e+00
-2.213261353559223821e+00 -1.057762984571845255e+00 -1.108690619799630461e+00 -1.309526914629924654e+00
-1.240261456392073969e+00 -1.045421339282471829e+00 -9.445534966794555398e-01 -1.237986855674063191e+00
-1.105521139664735530e+00 -7.423841296910317356e-01 -7.848256361066175968e-01 -1.081840871156572792e+00
-1.001677869511935048e+00 -4.815269553928856472e-01 -6.431556862410948705e-01 -9.074081085098435473e-01
-8.297066896921877488e-01 -3.758491993945399789e-01 -7.508715368916668575e-01 -9.317940601508540865e-01
-2.979662331125588537e+00 -2.872847489695129930e+00 -2.948673145561177655e+00 -3.100374765765580687e+00
-3.022038741665855177e+00 -2.578530759577185805e+00 -2.716805705502124191e+00 -2.966841195068389947e+00
-2.798369424339833600e+00 -1.889691874376176361e+00 -4.999852436672846068e+00 -3.145908569068290195e+00
0.000000000000000000e+00 0.000000000000000000e+00 0.000000000000000000e+00 0.000000000000000000e+00
-3.062897555000000160e+00 -7.352717850511459874e-01 -9.330779837087850304e-01 -2.608515500000000209e+00
-6.784211446348948904e-01 -7.066871426396751366e-01 -6.685836516522140061e-01 -4.166140915016670832e+00
-1.111071088562781028e+00 -1.067593867761198911e+00 -1.084789164471901213e+00 -1.691126599969907440e+00
-1.066315648467410337e+00 -1.012175627182721582e+00 -9.438658364347772833e-01 -1.186048819401186449e+00
-1.079629736166929366e+00 -7.370637384522427116e-01 -8.532641316500596540e-01 -1.135688265779886130e+00
-9.338380070987807313e-01 -6.575497681883042400e-01 -5.183195691199111721e-01 -9.889911699508602272e-01
-8.060381293137428571e-01 -2.916706949696790119e-01 -3.997312851813938916e-01 -7.682063803860765816e-01
-6.499444369959238577e-01 -1.288699056012424238e-01 -4.921379220365855178e-01 -6.499896198265672220e-01
-2.941429001467195103e+00 -2.944579672749849220e+00 -2.730388903223769148e+00 -2.965560038763388917e+00
-2.900286035081573566e+00 -4.999903183701055021e+00 -1.698843143058454519e+00 -2.759016134445437807e+00
-2.549332001444610807e+00 -1.577296452164706153e+00 -2.060626049799101356e+00 -2.766660563225177505e+00
-2.300868099381161436e+00 -1.057326756607369633e+00 -1.183926992487477792e+00 -4.956360182159561312e+00
-1.739803905323495714e+00 -9.435805452783256886e-01 -9.441922442737299415e-01 -9.437004027585407240e-01
-9.578658388401972701e-01 -9.227375130862716102e-01 -9.777557463174718633e-01 -1.391561095506287149e+00
-9.875756521899283769e-01 -9.766344698982689643e-01 -9.948450664504845387e-01 -1.177115082941408986e+00
-9.753460424807213203e-01 -1.027889115495892902e+00 -8.783994524543802251e-01 -1.054800803716555047e+00
-1.015363912663604484e+00 -7.575350939200122813e-01 -5.691923888666818865e-01 -9.439467989471970188e-01
-8.827355845356190667e-01 -3.083052149026010991e-01 -5.454527844061662911e-01 -8.437701672370020445e-01
-6.629564807733534515e-01 -2.089895837545286961e-01 -8.812194294194075628e-02 -6.482792091952775948e-01
-4.598370223217813635e-01 6.799016870886651076e-02 -2.205948443470301668e-01 -4.213445956298621509e-01
-2.898261167396394722e+00 -1.929615969953431209e+00 -4.987674826475210210e+00 -2.555901073439813764e+00
0.000000000000000000e+00 0.000000000000000000e+00 0.000000000000000000e+00 0.000000000000000000e+00
-4.981214489369317988e+00 -8.913297078203112900e-01 -9.343036750268343127e-01 -1.979337070136804488e+00
-1.617177789230100471e+00 -8.662702504256654112e-01 -8.330703588020058614e-01 -1.191198527684478981e+00
-9.421379653759920370e-01 -8.699778753118352359e-01 -1.058222140459056160e+00 -9.374736442620346111e-01
-7.572842370547230306e-01 -4.166140915016670832e+00 -7.641071733737042626e-01 -7.757218736988895635e-01
-9.314949395628631112e-01 -7.953890036970733268e-01 -1.453052014074448062e+00 -9.852151404396644052e-01
-8.661760919537906389e-01 -4.452905054342438440e+00 -7.485991352103112950e-01 -8.193577836056271657e-01
-9.418658936905365264e-01 -1.148281763138200740e+00 -5.416773290866069290e-01 -8.096823251679977629e-01
-8.598935091702332167e-01 -3.956392392577932071e-01 -1.654606393752975080e-01 -7.687249859582938605e-01
-5.125281107033591299e-01 -2.975984140374046683e-03 -8.487385519447124271e-02 -4.381315786799069856e-01
-2.477221657337292382e-01 1.919796194825313107e-01 -2.991688398524803422e-02 -2.499069945580449092e-01
-1.648530085617279317e+00 -4.908759981842996112e+00 -1.090439534165883462e+00 -2.773111686221078287e+00
-2.343017067178548629e+00 -7.323821139827240145e-01 -7.590436087033044510e-01 -4.452905054342438440e+00
-1.253718125836062791e+00 -7.401489284501824306e-01 -7.878658868669361492e-01 -1.141877551771119270e+00
-8.486085226138044835e-01 -7.156562217595918707e-01 -1.063167371297192743e+00 -8.724489116967482083e-01
-5.244347870326044880e-01 -5.426706546711332901e-01 -4.324574141163504137e+00 -5.906701818966468842e-01
0.000000000000000000e+00 0.000000000000000000e+00 0.000000000000000000e+00 0.000000000000000000e+00
-2.342795000000000183e+00 -5.823115569960864990e-01 -3.856160377251949711e+00 -6.218452997346037847e-01
0.000000000000000000e+00 0.000000000000000000e+00 0.000000000000000000e+00 0.000000000000000000e+00
-4.507614548908194685e+00 -3.831229553282050060e-01 -5.785545822491346968e-01 -6.473791811952166464e-01
-9.245655951393222383e-01 -2.195704302501678695e-01 -6.293288554658008072e-02 -5.762630293788366664e-01
-4.280474266862330790e-01 2.235604842100360756e-01 6.787397909074170677e-02 -3.865094076675909540e-01
-3.217031771154105907e-02 3.522532818836019430e-01 2.014772095051945155e-01 1.039007019493675375e-02
0.000000000000000000e+00 0.000000000000000000e+00 0.000000000000000000e+00 0.000000000000000000e+00
-4.392116727047153724e+00 -6.549257739322644767e-01 -5.527683684179869328e-01 -8.846948445158739904e-01
-8.192758514892224397e-01 -6.805729576778273282e-01 -6.857775476885830113e-01 -7.312061227988929657e-01
-6.646860359989424927e-01 -6.513691912109355053e-01 -6.595028542382944670e-01 -7.539365214587513409e-01
-5.813344266513319480e-01 -5.811317795630707161e-01 -5.658433619566620720e-01 -1.087793013991876556e+00
-4.306344180876748307e-01 -4.210191879731275955e-01 -5.222829575019121151e-01 -3.430947019550000032e+00
-5.961202725157978000e-01 -4.301877283461447710e-01 -6.248015207060760856e-01 -1.291435509259015735e+00
-2.956430860607318079e-01 -3.127558888242888968e-01 -3.863828202702448422e-01 -3.587852317594999896e+00
-4.810513662839475124e-01 -1.597514725171826910e-01 -2.280061258242971345e-01 -1.077817360986807360e+00
-3.872080485149637097e-01 2.083767973724722500e-01 -1.639091595738549900e-01 -5.402688195316612818e-01
-8.253928964843652849e-02 3.749466012385103686e-01 4.127384287145769992e-01 -1.988643587727337292e-01
1.311419683796538616e-01 5.939451132064508254e-01 4.278715143217201589e-01 1.792313548900151821e-01
-4.485665872900000961e-01 -3.246620031168913623e-01 -3.988171334991135186e-01 -3.856160377251949711e+00
-5.786168973391496717e-01 -4.943123342898026462e-01 -5.001871994657800524e-01 -1.993699768295038588e+00
-7.029688369697550954e-01 -6.216366415452770910e-01 -6.242910791549887151e-01 -6.503994303657759657e-01
-6.182368866835180610e-01 -5.824918627208404143e-01 -5.876102021900554417e-01 -6.435070467070714839e-01
-5.417410583030060067e-01 -5.316066740348968089e-01 -5.247073964020037007e-01 -5.902058785746022718e-01
-4.645581969263644084e-01 -4.680287756093110541e-01 -4.667625875382230838e-01 -5.397976927573352457e-01
-4.343771793384031965e-01 -4.101367046600823407e-01 -4.044885771478299308e-01 -5.384073064830438016e-01
-3.575304033422215810e-01 -3.182887759404156025e-01 -3.190108340962217737e-01 -5.389818746535849359e-01
-3.566024100602442903e-01 -1.760313764457591135e-01 4.761072564859916700e-02 -3.617356956307805071e-01
-2.419940774691143326e-01 3.510590049716033612e-02 3.684412526734969218e-01 -3.044601729111170441e-01
1.930259494053826186e-01 5.766899040482171834e-01 4.690989932157132447e-01 1.456716881318801393e-01
4.121825685314546295e-01 7.724265764455848782e-01 6.391927780073928256e-01 4.095920212905251878e-01
-5.147389647992663964e-01 -4.813279977869399096e-01 -4.604097675613081364e-01 -9.776569513217047147e-01
-5.599798236183771705e-01 -5.662422882597683005e-01 -5.664077117101818937e-01 -5.735044743013153479e-01
-5.715751487212735737e-01 -5.751443872494919063e-01 -5.759389957663575421e-01 -5.907526483188394462e-01
-5.495975771431931278e-01 -5.525234244235940340e-01 -5.500515389428864976e-01 -5.573000867267977609e-01
-5.096903222419254531e-01 -5.021587796652638991e-01 -5.057933817858849546e-01 -5.084578263899537376e-01
-4.708361896561688575e-01 -4.364242667597709735e-01 -4.155861577179253419e-01 -4.541165514423333160e-01
-4.427918381607716669e-01 -3.625947755259443794e-01 -2.353409670457056180e-01 -4.030366474833213530e-01
-3.464296352609436691e-01 -1.918169850470229643e-01 -2.032969086012262339e-02 -3.352075939353616474e-01
-2.548384183089296151e-01 -6.906206313090036686e-02 3.270913563899703336e-01 -2.666668924994101686e-01
-1.409798197938361142e-01 3.827250878816809143e-01 6.450389274787650118e-01 5.331995177192766500e-03
2.635524493060574236e-01 7.719048315571624963e-01 8.090168154789739718e-01 4.085586741953908252e-01
5.740709346992922679e-01 9.999999999999995559e-01 8.482659472306899318e-01 5.783360925287528431e-01
-5.778356585758748221e-01 -5.664597524553368624e-01 -5.842394170912461604e-01 -6.059898744643323898e-01
-5.647200390555501270e-01 -5.674945461630471755e-01 -5.702395322412708856e-01 -5.798341471514113499e-01
-5.571695151430412496e-01 -5.732835611489106586e-01 -5.625806983658772076e-01 -5.561975445228340975e-01
-5.317445368415367746e-01 -5.522196851553718977e-01 -5.289804916528059175e-01 -5.372518159370307522e-01
-4.860448101167166302e-01 -4.585936305570609273e-01 -4.569195816104599239e-01 -4.929398886868849861e-01
-4.284572757407838495e-01 -3.931431320612223113e-01 -3.441695908714807461e-01 -4.099250069457975876e-01
-3.368782649517515493e-01 -3.218393797801372691e-01 -1.530098430394351283e-01 -4.035887800595558961e-01
-3.220150332312931574e-01 -2.499511489017429700e-01 1.091176711952900474e-01 -2.855832190268065007e-01
-1.899072107422860867e-01 -9.254742533813295480e-03 3.001928635048409788e-01 -8.569521031014375179e-02
-7.167919761351197738e-02 4.430719040514571327e-01 7.804231444250467886e-01 1.166233922344263874e-01
2.979767406419457365e-01 7.974553370602379676e-01 9.999999999999995559e-01 5.459519504895961051e-01
0.000000000000000000e+00 0.000000000000000000e+00 0.000000000000000000e+00 0.000000000000000000e+00
