-2.846884132747656615e+00 -2.836804097750853071e+00 -2.838887198771804066e+00 -2.845778592400101559e+00
-2.858357735590141502e+00 -2.770214177033810454e+00 -2.770983418842426271e+00 -2.785693015118766436e+00
-2.790394183642293857e+00 -2.680795467133371357e+00 -2.683826114845158095e+00 -2.686173223335436067e+00
-2.666794341943254931e+00 -2.621177968444872164e+00 -2.609545495606147902e+00 -2.626920313006043006e+00
-2.550558378021302808e+00 -2.520970531537197079e+00 -2.673330887099315767e+00 -2.575267303806257235e+00
-2.426225172905958960e+00 -2.408012871289995083e+00 -4.999203660445574293e+00 -2.425797292350349021e+00
0.000000000000000000e+00 0.000000000000000000e+00 0.000000000000000000e+00 0.000000000000000000e+00
-4.828315808985374602e+00 -1.883268378961275413e+00 -1.847783847638102106e+00 -2.099703724655298753e+00
-1.994110930204329613e+00 -2.112409755377105292e+00 -1.888285959857231466e+00 -1.907190556915069113e+00
-1.838657627760437396e+00 -2.048637657727803152e+00 -1.834216482917289781e+00 -1.834154113936007358e+00
-1.788891892694742802e+00 -1.779986553366696755e+00 -1.782725335305869407e+00 -1.782991448361813447e+00
-1.742046289800997405e+00 -1.737607556481580051e+00 -1.740662999784200471e+00 -1.741860017570330710e+00
-1.710954225114675875e+00 -1.706821924700067550e+00 -1.701609190956477002e+00 -1.710729426470167569e+00
-1.680412691268331482e+00 -1.674399388072855821e+00 -1.676773776445232400e+00 -1.686367415430692240e+00
-1.657713212768532340e+00 -1.653989149059310826e+00 -1.656135736081147725e+00 -1.654998555735176735e+00
-1.648488220936799920e+00 -1.653023626742913477e+00 -1.657451480936939836e+00 -1.651834159230412435e+00
-2.771765438523462688e+00 -2.761007943696907052e+00 -2.762581879676661245e+00 -2.839957365516855514e+00
-2.723060735875460825e+00 -2.707267591407103158e+00 -2.698807189930615635e+00 -2.776367016039282820e+00
-2.696410224355965557e+00 -2.630806242059471778e+00 -2.606673168758942616e+00 -2.648539954688048148e+00
-2.612562475483599211e+00 -2.568614829545174949e+00 -2.520829519373611216e+00 -2.615676257153568329e+00
-2.549688125566542674e+00 -2.496044472270875225e+00 -2.441968092110160082e+00 -2.543266417909610944e+00
-2.416494646659572698e+00 -2.378966457782727861e+00 -2.370737571343484618e+00 -2.533169712228056536e+00
-2.341078966134008787e+00 -2.359395242625049960e+00 -2.334978880385893962e+00 -4.996867106258910951e+00
-2.519040140381927806e+00 -2.378839905044065617e+00 -2.448927727011712463e+00 -2.531925960208161186e+00
-1.988964818723607086e+00 -4.898622202047773655e+00 -2.222685048623318504e+00 -1.981310012457238257e+00
-1.797270912626287132e+00 -4.676945905538666182e+00 -1.772707608959596559e+00 -1.794481396390934735e+00
-1.751175596391836953e+00 -1.955853543731243649e+00 -1.746517544971328606e+00 -1.754619546353713977e+00
-1.721134866346452297e+00 -1.713010321524931046e+00 -1.715621844605321522e+00 -1.710837648680982204e+00
-1.687440198326377372e+00 -1.689549779348241687e+00 -1.688799913984606382e+00 -1.688453241873645760e+00
-1.662278566459842288e+00 -1.667183362983927442e+00 -1.668174597845866192e+00 -1.668651224335032213e+00
-1.660252120780516538e+00 -1.649745690825743960e+00 -1.649570797950268064e+00 -1.645209625987930080e+00
-1.646611448145833378e+00 -1.639961161620099084e+00 -1.655904191037045337e+00 -1.642744067821831688e+00
-2.696771707506063542e+00 -2.689513728630373635e+00 -2.694094336701989167e+00 -2.744045694194939600e+00
-2.678339682434950131e+00 -2.633529686444203488e+00 -2.652411788371577206e+00 -2.673875225293372626e+00
-2.643478324900917720e+00 -2.751181974714039580e+00 -2.649537829695392865e+00 -2.640527724754679895e+00
-2.519188287853735719e+00 -4.999942830943635563e+00 -2.449716447598637270e+00 -2.453832638260677435e+00
-2.429247384673948851e+00 -2.511332744165920339e+00 -2.405936673820333382e+00 -2.429798258062067617e+00
-2.400830702317072962e+00 -2.325608784689058517e+00 -2.309337326281743152e+00 -2.412507356719233886e+00
-2.291114509729835547e+00 -2.276804719258818555e+00 -2.411148213582194000e+00 -2.513366322602211156e+00
-2.147713219821256292e+00 -2.138479513754724337e+00 -4.956360182159561312e+00 -2.135933510139878422e+00
0.000000000000000000e+00 0.000000000000000000e+00 0.000000000000000000e+00 0.000000000000000000e+00
0.000000000000000000e+00 0.000000000000000000e+00 0.000000000000000000e+00 0.000000000000000000e+00
-4.764493565137687625e+00 -1.636615390209291476e+00 -1.645810817115383795e+00 -1.639685581806709758e+00
-1.682237558834432267e+00 -1.688149957036304993e+00 -1.681000206911248185e+00 -1.683563708028183115e+00
-1.670877503583323875e+00 -1.669429151507658693e+00 -1.662673485100885973e+00 -1.664327852820466358e+00
-1.652153891732133673e+00 -1.646502124427033475e+00 -1.644358336712473445e+00 -1.645892950497501284e+00
-1.635019490131470299e+00 -1.632030410503498619e+00 -1.629393900123237149e+00 -1.635001190401624838e+00
-1.621639278627962755e+00 -1.623688926126364285e+00 -1.623652661168387912e+00 -1.625993184679700221e+00
-2.633328286857047118e+00 -2.621530966891924663e+00 -2.641730167212132496e+00 -2.657150688086502122e+00
-2.622208351603681376e+00 -2.566587948658017204e+00 -2.772079736893087620e+00 -2.595820973721862046e+00
-2.505938196174385624e+00 -2.499975723575677655e+00 -4.999994370157679668e+00 -2.502548914982324568e+00
0.000000000000000000e+00 0.000000000000000000e+00 0.000000000000000000e+00 0.000000000000000000e+00
-4.998150057574823890e+00 -2.195576195975418976e+00 -2.196519385508810096e+00 -2.224480964916940362e+00
-2.285185269906344629e+00 -2.258157598288495382e+00 -2.259071020611107095e+00 -2.268755854494505009e+00
-2.220130162340477220e+00 -2.204762168651581700e+00 -2.207397838441062632e+00 -2.233701632659758740e+00
-2.186752490337309673e+00 -2.144782752895686428e+00 -2.144808363730727585e+00 -2.400220161563541232e+00
-2.083780493502060072e+00 -2.177970501575661189e+00 -2.255476129896353488e+00 -4.556853094017375483e+00
-1.627159706335919109e+00 -4.324574141163504137e+00 -1.590674051261899535e+00 -3.970544339526754563e+00
-1.729732292827629303e+00 -1.781821026128971086e+00 -1.700355233124078991e+00 -1.908979102199115374e+00
-1.674561548080780504e+00 -1.832725017105196974e+00 -1.676672810776394185e+00 -1.674282976063787620e+00
-1.643595624025979918e+00 -1.644232554461294571e+00 -1.646604927146960495e+00 -1.644768384950808571e+00
-1.623663177491438514e+00 -1.621195048344312717e+00 -1.617835526540654989e+00 -1.626752982712194928e+00
-1.603676873776202161e+00 -1.605772192871348203e+00 -1.603583438771982950e+00 -1.612856845434768926e+00
-1.600684017771967671e+00 -1.599578264337401912e+00 -1.593956622664371769e+00 -1.596232328484964658e+00
-2.563698312707878735e+00 -2.578095434017849907e+00 -2.560499144649535097e+00 -2.569273027630102124e+00
-2.544024520454562399e+00 -2.495560879003421828e+00 -2.495946344731073463e+00 -2.556310155160193442e+00
-2.474096143517736213e+00 -2.423826518504756944e+00 -2.518032047357266823e+00 -2.620977297548498619e+00
-2.292006782667421305e+00 -2.278991773492674788e+00 -2.273578898260506520e+00 -4.998907627497358064e+00
-2.243374024939692735e+00 -2.241436089257303976e+00 -2.241862122662523937e+00 -2.302503292473399021e+00
-2.206186318080345377e+00 -2.197096147930373888e+00 -2.197971591834528393e+00 -2.238851286075741243e+00
-2.171027823122085643e+00 -2.125287545875603978e+00 -2.133913751636597578e+00 -2.161363322194647996e+00
-2.093881349879113785e+00 -2.062514329775184674e+00 -2.092065860273182309e+00 -2.087437374375972432e+00
-1.966981311917397335e+00 -2.237543248983933086e+00 -4.676945905538666182e+00 -1.949326044405194969e+00
0.000000000000000000e+00 0.000000000000000000e+00 0.000000000000000000e+00 0.000000000000000000e+00
-4.249526823515004104e+00 -1.745865487292663776e+00 -1.667985863244199951e+00 -1.602077917113601258e+00
-1.571550076218317216e+00 -4.556853094017375483e+00 -1.577337848990378211e+00 -1.565869155814759273e+00
-1.597408562063669990e+00 -1.954300763907138361e+00 -1.602578035868227335e+00 -1.610125712563171163e+00
-1.581260544765016318e+00 -1.575074313445251395e+00 -1.577115750818625539e+00 -1.591230034353276146e+00
-1.574293702483804402e+00 -1.573914503845435409e+00 -1.573306836112460250e+00 -1.569523418680839111e+00
-1.569744844508911719e+00 -1.572541007416496273e+00 -1.573009091431449180e+00 -1.574398493164470780e+00
-2.527972116137858549e+00 -4.999657201933793260e+00 -2.406186711306712134e+00 -2.424394493886524504e+00
-2.454108512348409210e+00 -2.490930453448789272e+00 -2.421773775677617202e+00 -2.443864252336327869e+00
-2.392408934215006333e+00 -2.361174855187825550e+00 -2.345760609533957819e+00 -2.422689122199448430e+00
-2.307604331351931659e+00 -2.270160303191630202e+00 -2.269823992376477584e+00 -2.436454818168739322e+00
-2.211138525643137953e+00 -2.195350030941248143e+00 -2.196797119013719435e+00 -2.236208210024140719e+00
-2.144334133596772940e+00 -2.132238343202125463e+00 -2.130594654284188483e+00 -2.161291824425882080e+00
-2.114767652364510475e+00 -2.038340040099616335e+00 -2.065462247395141837e+00 -2.100962432033500971e+00
-2.028331071746403591e+00 -1.950095700176839308e+00 -2.064503649468115931e+00 -2.005362199751942409e+00
-1.865036781287329859e+00 -1.853220718252445165e+00 -4.917883983658696501e+00 -1.869394569779565085e+00
0.000000000000000000e+00 0.000000000000000000e+00 0.000000000000000000e+00 0.000000000000000000e+00
-3.729067085835499729e+00 -1.509067437354574270e+00 -3.856160377251949711e+00 -1.519464395018567782e+00
0.000000000000000000e+00 0.000000000000000000e+00 0.000000000000000000e+00 0.000000000000000000e+00
-4.556853094017375483e+00 -1.367352608999320207e+00 -1.380655442087733498e+00 -1.437044232932678689e+00
-1.552860732887664019e+00 -1.503518597741277052e+00 -1.533144520150463874e+00 -1.525753157797269388e+00
-1.532442490192480911e+00 -1.533561685981839728e+00 -1.533406245092711284e+00 -1.538465385146389419e+00
-1.542841089001662169e+00 -1.538753876555378541e+00 -1.547690424606110948e+00 -1.535234148209496663e+00
0.000000000000000000e+00 0.000000000000000000e+00 0.000000000000000000e+00 0.000000000000000000e+00
-4.999115178272860227e+00 -2.196080425647064960e+00 -2.196217525449905228e+00 -2.215474642990281406e+00
-2.474977862358417546e+00 -2.296795544165274094e+00 -2.269963755010627082e+00 -2.290342450562687926e+00
-2.243945360505234188e+00 -2.196424834067352450e+00 -2.196685968214907803e+00 -2.237096992533399220e+00
-2.158295979263978204e+00 -2.125693776489657072e+00 -2.124547300482206413e+00 -2.164945617177793213e+00
-2.107232406731920360e+00 -2.037351287749110895e+00 -2.061817129858742437e+00 -2.073026121681317946e+00
-2.035539482971191472e+00 -1.978455457953007590e+00 -1.940226416307974988e+00 -2.075316672377256033e+00
-1.979622139404928483e+00 -1.851595338959402204e+00 -1.902949436159505625e+00 -1.980683042212105560e+00
-1.868332168977588692e+00 -1.743566195386573314e+00 -1.963127562850254249e+00 -1.856068529328382510e+00
-1.697845563356176424e+00 -1.675187899506666467e+00 -1.689746312713621634e+00 -4.908759981842996112e+00
-1.830868037111375024e+00 -1.612766701517844625e+00 -1.605432123535279754e+00 -1.639684260706357311e+00
-1.551161859896813322e+00 -1.539551231720158286e+00 -1.548521461315111702e+00 -4.556853094017375483e+00
-1.580287390095487243e+00 -1.469150381963800767e+00 -1.476991474035092011e+00 -1.442933397018001385e+00
-1.461184909845767210e+00 -1.402208114518137094e+00 -1.460041323371190192e+00 -1.468102652901709826e+00
-1.477471523818632670e+00 -1.478639215538252394e+00 -1.477916372981516124e+00 -1.486737709486096959e+00
-1.502636249580796779e+00 -1.507256612731147083e+00 -1.503527291960658374e+00 -1.507136164592414174e+00
-2.082359457610697184e+00 -1.955702605159181706e+00 -1.940869615375705903e+00 -4.860935805278153943e+00
-2.125061777407880381e+00 -2.137598908557515998e+00 -2.141642264947728691e+00 -2.388644775341377535e+00
-2.181203206020860819e+00 -2.630925477962401171e+00 -2.158913466520763436e+00 -2.167003602168565468e+00
-2.136680815297547831e+00 -2.129462640583760447e+00 -2.126927108819509638e+00 -2.164156608914196589e+00
-2.103050760995582191e+00 -2.042369997963441097e+00 -2.056593702852682615e+00 -2.115306789792067210e+00
-2.059888777667813198e+00 -1.930321492615845624e+00 -1.960124101969542565e+00 -2.012479025850107295e+00
-1.947633782570497685e+00 -1.832994779497794324e+00 -1.891287097840394171e+00 -1.961447077664085104e+00
-1.922482546949822790e+00 -1.790948563968256302e+00 -1.758881929902252894e+00 -1.874271783499116939e+00
-1.804801363762758903e+00 -1.643170927959836991e+00 -1.745262913465317922e+00 -1.852521910438710506e+00
-1.687043566325834298e+00 -1.656866184025115318e+00 -1.632812667175882693e+00 -1.850244516330584288e+00
-1.632624115487607996e+00 -1.465638364118367898e+00 -1.586547446381256776e+00 -1.611202986176067053e+00
-1.527923074855533248e+00 -1.477896372741966280e+00 -1.511924653950453168e+00 -1.695260616035562773e+00
-1.493875847630921294e+00 -1.452545137806856568e+00 -1.433441786047299882e+00 -1.455687353580260135e+00
-1.435992562594789357e+00 -1.241099151125335309e+00 -1.446487171110688141e+00 -1.434484593171982958e+00
-1.419214379297732087e+00 -1.424775058778469772e+00 -1.432247504518094905e+00 -1.433616257374581204e+00
-1.429030944985376639e+00 -1.647984603949440574e+00 -1.435414318273823930e+00 -1.437996611073274256e+00
-2.044308108254414780e+00 -2.038356221216348185e+00 -2.075878968245316702e+00 -2.217044393074780739e+00
-2.091455012093055288e+00 -2.319475579626592676e+00 -2.226379553721465232e+00 -2.097734740320757574e+00
-2.020679418333550803e+00 -4.933486026763544530e+00 -2.035385502288342696e+00 -2.022950604571528643e+00
-2.035277596267565769e+00 -2.114411331086750057e+00 -2.028467566620235196e+00 -2.038615562861124886e+00
-2.043172466135771081e+00 -1.989298244670869797e+00 -1.942162303204234775e+00 -2.053965550091815029e+00
-1.984038859833336499e+00 -1.890541943443407646e+00 -1.835038635245543448e+00 -2.000727337936037298e+00
-1.897463521390956531e+00 -1.796793905189720153e+00 -1.746992285737404726e+00 -1.903846931267504816e+00
-1.817344447906383609e+00 -1.690603984016125327e+00 -1.635012992404138776e+00 -1.827543342437734308e+00
-1.726041141342996355e+00 -1.488379422046295808e+00 -1.634982863866522917e+00 -1.739070236972091177e+00
-1.692845085327780108e+00 -1.531746360767988202e+00 -1.443516697799843040e+00 -1.669936243655843366e+00
-1.582659715190665617e+00 -1.455775043730113127e+00 -1.276385503873974425e+00 -1.595137699647974916e+00
-1.510840604779256191e+00 -1.172777950284896509e+00 -1.427332930266329347e+00 -1.536224446482502559e+00
-1.411303048123755843e+00 -1.160585414993080544e+00 -1.358275912851012901e+00 -1.441405561245023836e+00
-1.412731857587586459e+00 -9.383072636739859806e-01 -1.417484015975886358e+00 -1.393303272956676775e+00
-1.247707034372966373e+00 -1.595663740628813221e+00 -1.601664522075561425e+00 -1.400329383751794721e+00
-1.369021716617153661e+00 -4.392116727047153724e+00 -1.386351759212915091e+00 -1.374257222138702828e+00
-1.996124528109928686e+00 -1.985879661643542793e+00 -1.985933185393177425e+00 -1.984994135649832847e+00
-1.952034240656163488e+00 -1.949930729846532929e+00 -4.908759981842996112e+00 -1.956789934839924250e+00
0.000000000000000000e+00 0.000000000000000000e+00 0.000000000000000000e+00 0.000000000000000000e+00
-4.933486026763544530e+00 -1.575302581341862407e+00 -1.588746515173383500e+00 -1.567348286558738257e+00
-2.060514459624093409e+00 -1.904453289066401211e+00 -1.890598093910735189e+00 -1.905880431122949581e+00
-1.868667475973737613e+00 -1.854341802197878142e+00 -1.748973164577665607e+00 -1.865229978703337732e+00
-1.839373118850830657e+00 -1.777729132564875636e+00 -1.617366890932509849e+00 -1.778968595155615784e+00
-1.729039956917615140e+00 -1.732354710488292593e+00 -1.508965158494620873e+00 -1.754564900245062953e+00
-1.675494667790214942e+00 -1.563640321773518638e+00 -1.395782466410810052e+00 -1.640110083725996981e+00
-1.588054481770348136e+00 -1.372425879043987162e+00 -1.252103057841209788e+00 -1.588260476664188348e+00
-1.431710118143498134e+00 -1.226715174331091784e+00 -1.147001986669476725e+00 -1.434937427212752414e+00
-1.271253242862567578e+00 -1.039778568759520461e+00 -1.229558390729174722e+00 -1.256566076800046838e+00
-1.328140555886724083e+00 -8.930463933466985527e-01 -1.200389119210891309e+00 -1.374639008047282562e+00
-1.261724995180772524e+00 -7.745337756091573711e-01 -2.326675817959125592e+00 -1.322657646536738341e+00
-1.004381676416402858e+00 -1.121857906648447534e+00 -4.764493565137687625e+00 -1.099171176176948483e+00
0.000000000000000000e+00 0.000000000000000000e+00 0.000000000000000000e+00 0.000000000000000000e+00
-1.939620334084352526e+00 -1.937449752524170732e+00 -1.939471853942489776e+00 -1.938360606757503435e+00
-1.923032813506502237e+00 -1.921456100560551716e+00 -2.123070714481672727e+00 -1.920419766858566080e+00
-1.811622131812553382e+00 -1.805348978644632396e+00 -1.811811037348190379e+00 -4.860935805278153943e+00
-2.109467253232425676e+00 -1.849428801080530649e+00 -1.849723014451806646e+00 -1.923501402923753156e+00
-1.858465221589593819e+00 -1.860341613423800444e+00 -1.858737278110596636e+00 -1.880118054892844670e+00
-1.819216434772447100e+00 -1.819009875656241837e+00 -1.821259316708861320e+00 -1.818965350678514836e+00
-1.762566818420606252e+00 -1.767255704124469862e+00 -1.763450867897309093e+00 -1.775658894756580120e+00
-1.723950610506278736e+00 -1.724290114156831644e+00 -1.720442328066271953e+00 -1.654657351067809534e+00
-1.624809882666581107e+00 -1.827662882674794931e+00 -1.395188404290009565e+00 -1.582852084223840716e+00
-1.526746928783943691e+00 -1.415720239893115018e+00 -1.139986642743647582e+00 -1.538772296964349362e+00
-1.414803357884736545e+00 -9.577724285676714189e-01 -1.239434217876452360e+00 -1.398162929674409805e+00
-1.219822550757856616e+00 -8.540996246338719011e-01 -8.788446351824527047e-01 -1.203027333226669437e+00
-1.219485486512565053e+00 -8.062289065275572986e-01 -1.052489438207808270e+00 -1.278553032581186688e+00
-1.075631925724365612e+00 -6.197941698897966312e-01 -7.861376566453969206e-01 -1.154602593930212695e+00
-1.118853945352630275e+00 -4.514361106442894567e-01 -1.196336033585019942e+00 -1.451413458671633849e+00
-9.996150158327419266e-01 -2.164475727326720389e-01 -8.619183580580430659e-01 -4.392116727047153724e+00
-1.919492501624390224e+00 -1.909303983607586686e+00 -1.910503653440464467e+00 -1.907627701827912636e+00
-1.902567733932992944e+00 -1.890435527273571115e+00 -1.885808254126228434e+00 -1.890867983948719910e+00
-1.854611389864118332e+00 -1.850683829166855476e+00 -1.844295924532237230e+00 -1.844679653854705892e+00
-1.838829072025794931e+00 -1.837894917088733981e+00 -1.846811435992517625e+00 -1.843406791113349597e+00
-1.832596498882635760e+00 -1.830088940456934266e+00 -1.832679259686502249e+00 -1.835606678972002914e+00
-1.805372893156281577e+00 -1.809975936569316657e+00 -1.803265684589653084e+00 -1.806671601189524079e+00
-1.776845463872399167e+00 -1.803312221346889288e+00 -1.787118142628099093e+00 -1.770616676068406337e+00
-1.740047897937506471e+00 -1.942738868953329812e+00 -1.862405422604521910e+00 -1.743580250067585879e+00
-1.445269335346270889e+00 -4.845484228086837319e+00 -1.314676699361483569e+00 -1.399865945231119291e+00
-1.661014957504344691e+00 -1.555125969999190394e+00 -9.677954661210130816e-01 -1.436212237495866351e+00
-1.314973777601739391e+00 -1.402217089542020734e+00 -8.431524510783474646e-01 -1.339953883996983564e+00
-1.073087252667311198e+00 -1.194882949570986952e+00 -7.168989958816190944e-01 -9.777179841525451831e-01
-9.338354226624517862e-01 -9.499398771467020275e-01 -5.277416057562566154e-01 -9.232088906526195737e-01
-8.041835668859905750e-01 -5.694676629307746651e-01 -3.622120549936894141e-01 -7.545199663645365540e-01
-5.723135311464864206e-01 -4.942421741871883545e-01 -2.153169981425542279e-01 -7.896173628778124787e-01
-4.789363308083632309e-01 1.915828036381877347e-02 -3.861967227162533822e-01 -6.389503428585296962e-01
-1.897822776346496543e+00 -1.890843615613381656e+00 -1.894299235880862131e+00 -1.891222983039334782e+00
-1.883348516922768834e+00 -1.873884583026413475e+00 -1.874212561701970481e+00 -1.877230582132071612e+00
-1.854709803346854757e+00 -2.065870000077886459e+00 -1.856477016862993379e+00 -1.853089395080614210e+00
-1.834414319797787574e+00 -1.832132272157955377e+00 -1.836197113945930770e+00 -1.830683391836308349e+00
-1.817185038294612198e+00 -1.816881535213919818e+00 -1.813567206257699738e+00 -1.810722321492789222e+00
-1.793546465065097184e+00 -1.797386989633222187e+00 -1.793901020723305262e+00 -1.794830123947471989e+00
-1.771965511900830181e+00 -1.767739153261947083e+00 -2.021995533697870773e+00 -1.774061535915913979e+00
-1.661550882286249253e+00 -1.642918120365706613e+00 -4.788044208623919218e+00 -1.641473147729654469e+00
0.000000000000000000e+00 0.000000000000000000e+00 0.000000000000000000e+00 0.000000000000000000e+00
-4.556853094017375483e+00 -1.310985663544302016e+00 -1.314007730352280801e+00 -1.264097062430085350e+00
-1.741736592124497385e+00 -1.432658892837928022e+00 -1.586772609984597793e+00 -1.162692403610005032e+00
-1.270704195546405346e+00 -4.828315808985374602e+00 -8.832468091383030018e-01 -1.152036857165585682e+00
-1.400274321401336453e+00 -1.479154178213697879e+00 -5.795587802741337669e-01 -1.024635929357444963e+00
-1.060927088226378157e+00 -1.257230673472668370e+00 -4.136215849560170299e-01 -8.621321785619290301e-01
-6.632341439265919680e-01 -5.179547400746982166e-01 -1.667624492130593827e-01 -5.093993922458457391e-01
-4.754973213156523104e-01 2.861266750362332356e-01 -4.074561617398845814e-01 -4.175895237854403419e-01
-1.883685150583733758e+00 -1.877538307888959812e+00 -1.880162932673045795e+00 -1.884065561150719326e+00
-1.863591135882244787e+00 -1.860678329073347070e+00 -2.121936029348796993e+00 -1.869931763281276860e+00
-1.736572369369140167e+00 -4.860935805278153943e+00 -1.741904136645804568e+00 -1.730778494903096876e+00
-1.985068484195495975e+00 -2.203258743365146710e+00 -1.817388547622011075e+00 -1.814348641624090597e+00
-1.801651164002392447e+00 -1.800662817977067176e+00 -1.796469382860638175e+00 -1.803110459092121642e+00
-1.783916914614492422e+00 -1.782263480420801294e+00 -1.780179046272392984e+00 -1.783638262158181220e+00
-1.753240339175949680e+00 -1.764812612726263330e+00 -1.717062193650035207e+00 -1.764931348212934736e+00
-1.752824287929466429e+00 -1.738165750426244216e+00 -1.502429993484939885e+00 -1.851401844248482531e+00
-1.355086241563587146e+00 -3.430947019550000032e+00 -1.350265703282114593e+00 -4.166140915016670832e+00
-1.465970307209013113e+00 -1.320376412558501578e+00 -1.373237790874498376e+00 -1.349706077911389190e+00
-1.228810756339021593e+00 -1.182113296519395229e+00 -4.073489905574079195e+00 -1.279832629965016011e+00
0.000000000000000000e+00 0.000000000000000000e+00 0.000000000000000000e+00 0.000000000000000000e+00
-4.788044208623919218e+00 -6.350477246743903015e-01 -7.680645867949875694e-01 -8.349285181025939417e-01
-1.421419508481669647e+00 -1.345078834735792928e+00 -1.127303237102507127e+00 -7.552751737245819719e-01
-9.982412742983965970e-01 -4.828315808985374602e+00 -2.076362244105450783e-02 -6.382938360335462802e-01
-3.990395436010835684e-01 7.005974762894002783e-01 -2.407821704277729458e-01 -2.322123132791458489e-01
-1.892690772230147145e+00 -1.890130454577964247e+00 -1.886083209258655913e+00 -1.891173991987394221e+00
-1.852808864812235168e+00 -1.861514125171224832e+00 -4.828315808985374602e+00 -1.850164852900848755e+00
0.000000000000000000e+00 0.000000000000000000e+00 0.000000000000000000e+00 0.000000000000000000e+00
-4.845484228086837319e+00 -1.608642192213766142e+00 -1.597875035907103225e+00 -1.590458335723051952e+00
-1.985862694617759772e+00 -1.776704735068381114e+00 -1.770717982073694685e+00 -1.778740534174291010e+00
-1.776921886702511610e+00 -1.780257259870350106e+00 -1.777086085212637112e+00 -1.775652174552619478e+00
-1.766793772494626547e+00 -1.769607710157236058e+00 -1.837773546420982340e+00 -1.768385287394523830e+00
-1.463924969181918945e+00 -1.422342583795325632e+00 -4.845484228086837319e+00 -1.446211314658804037e+00
0.000000000000000000e+00 0.000000000000000000e+00 0.000000000000000000e+00 0.000000000000000000e+00
-3.856160377251949711e+00 -1.241349240174731694e+00 -1.076567660511521973e+00 -1.196717188040227642e+00
-8.744857058035443442e-01 -3.970544339526754563e+00 -8.057808496211879001e-01 -8.732465634663821863e-01
-5.056260356491578678e-01 -6.405356053298746355e-01 -4.885512067362502431e-01 -3.729067085835499729e+00
-8.516804093699843481e-01 -3.161446153635063538e-01 -5.861686610154205335e-01 -9.254662993942492921e-01
-3.021907715870748024e-01 -8.772799528131353108e-02 -4.641051006154073733e+00 -7.168759258716577154e-01
0.000000000000000000e+00 0.000000000000000000e+00 0.000000000000000000e+00 0.000000000000000000e+00
-4.997716120462746048e+00 9.999999999999995559e-01 3.367277733708514686e-01 1.852640718760113492e-01
-1.915643828078774202e+00 -1.924919547375216977e+00 -1.912395994584928482e+00 -1.917555260052104416e+00
-1.930238695358688084e+00 -1.924459646870448237e+00 -2.035238804553754832e+00 -2.297854385484268569e+00
-1.751586510474310465e+00 -1.873376885290744642e+00 -1.747442962673784628e+00 -4.738326183486319287e+00
-1.783334964200509187e+00 -1.787840315822777582e+00 -1.784649290364445529e+00 -1.900801896091820709e+00
-1.776568946356914314e+00 -1.781240965128436438e+00 -1.774628964698549138e+00 -1.774347854631457722e+00
-1.776924262119944586e+00 -1.784140252609583088e+00 -1.770210405770680229e+00 -1.772246325062604821e+00
-1.764051405636049452e+00 -1.766538799359425926e+00 -1.768640591569428544e+00 -1.761336713336664195e+00
-1.708586382292149652e+00 -1.708915289974572538e+00 -1.733925653997256289e+00 -1.849191021119738210e+00
-1.401773869333870159e+00 -1.597502398362570020e+00 -1.214018694230691864e+00 -4.507614548908194685e+00
-1.064853635272986931e+00 -1.068918869080111911e+00 -4.166140915016670832e+00 -1.075990563313568238e+00
0.000000000000000000e+00 0.000000000000000000e+00 0.000000000000000000e+00 0.000000000000000000e+00
-3.062897555000000160e+00 -5.027018275147111526e-01 -4.543106450808049313e-01 -5.119297621310606727e-01
-5.467910269182472138e-01 -4.942141357457856543e-01 1.997536949953198637e-01 -5.749830280289578432e-01
-4.150747826067322510e-01 -5.085964286922859401e-01 6.749690987627231520e-01 -5.070359943094896460e-01
2.129891702715471236e-01 2.131732560464786874e-01 9.999999999992513766e-01 -4.809239787761526941e+00
0.000000000000000000e+00 0.000000000000000000e+00 0.000000000000000000e+00 0.000000000000000000e+00
