-2.849927493198398665e-01 -1.947000974362719239e-01 -3.709125223964956364e-01 -2.852633985246390003e-01
-2.995677878211238099e-01 -5.000000000000000000e+00 -2.851714945024734216e-01 -3.709028380465602126e-01
-3.707993890416507177e-01 -1.949286496028130311e-01 -3.708146372460011109e-01 -2.851315470329947033e-01
-2.851419802114731339e-01 -4.999999993542991739e+00 -3.705934846184991138e-01 -3.701479210753417792e-01
-2.451411655150741442e-01 -4.263867934990630409e-02 -5.000000000000000000e+00 -2.870397582781003543e-01
0.000000000000000000e+00 0.000000000000000000e+00 0.000000000000000000e+00 0.000000000000000000e+00
-4.959500000000000242e+00 -9.992710000000000481e-02 -4.999970475499999623e+00 -2.734455815001044510e-01
0.000000000000000000e+00 0.000000000000000000e+00 0.000000000000000000e+00 0.000000000000000000e+00
-9.956605391385103809e-02 -4.999999999999576339e+00 8.052562078964883852e-02 -2.016046084371306835e-01
-9.748194400690660122e-02 2.178193189899998716e-01 -9.729999999999999760e-02 -4.999901584999999926e+00
-3.903647290550008031e-02 5.351499999999999035e-01 -4.549999999999999822e+00 -1.364515215000000059e-01
0.000000000000000000e+00 0.000000000000000000e+00 0.000000000000000000e+00 0.000000000000000000e+00
0.000000000000000000e+00 0.000000000000000000e+00 0.000000000000000000e+00 0.000000000000000000e+00
-4.996355000000000324e+00 1.498524999999998886e-01 3.744999999999998885e-01 -1.438499999999999779e-01
1.790424999999998823e-01 5.141499999999999959e-01 9.099999999999999201e-01 0.000000000000000000e+00
0.000000000000000000e+00 0.000000000000000000e+00 0.000000000000000000e+00 0.000000000000000000e+00
