-1.030268402244032266e+00 -9.792283131780419314e-01 -9.792289527649312708e-01 -1.030267970206078854e+00
-1.030269501580176383e+00 -9.255009425659769251e-01 -9.255096046580975067e-01 -9.792282155971689939e-01
-9.792534744451842910e-01 -8.689508286840564866e-01 -8.689740182000285085e-01 -9.255076612240109579e-01
-9.255048851849362324e-01 -8.094264562180769618e-01 -8.094516764166630463e-01 -8.689612932590927707e-01
-8.689683160368437687e-01 -7.467615810502177265e-01 -7.468116440225898156e-01 -8.094516786026134669e-01
-8.095132799650137656e-01 -6.808313837151870329e-01 -5.000000000000000000e+00 -7.469334311289042017e-01
0.000000000000000000e+00 0.000000000000000000e+00 0.000000000000000000e+00 0.000000000000000000e+00
-4.999999999999999112e+00 -5.401650464195798529e-01 -5.879962208858264816e-01 -6.444906831083176968e-01
-7.303693461855722546e-01 -4.660048558047211742e-01 -4.859390975312921079e-01 -5.794470380337960469e-01
-5.505202727284579378e-01 -3.971021599830826809e-01 -6.588880171471829250e-01 -5.148819202854439947e-01
-6.642029250441910948e-01 -5.175434416117221659e-01 -6.042682108710241140e-01 -6.024807804948375534e-01
-6.581666087871717030e-01 -5.243761988767264848e-01 -6.646657024708428896e-01 -6.026349590419406432e-01
-9.792307954866836806e-01 -9.255049264637160711e-01 -9.255009281406164634e-01 -1.030273622196226979e+00
-9.792262096550257144e-01 -8.689482993806885158e-01 -8.689494429988081636e-01 -9.792263044510957082e-01
-9.255009284467780040e-01 -8.094187457719809187e-01 -8.094201515940844249e-01 -9.255040298657219999e-01
-8.689501170106241901e-01 -7.467565876729251872e-01 -7.467575437849971465e-01 -8.689677261878784309e-01
-8.094203620562796520e-01 -6.807957684316152669e-01 -6.809882918974945465e-01 -8.094249503435189119e-01
-7.468002840499340378e-01 -6.113791526386542774e-01 -6.116321595053625382e-01 -7.469654626247295148e-01
-6.809000179901965044e-01 -5.385244117852632240e-01 -5.385074649791741219e-01 -5.000000000000000000e+00
-6.117173426850993634e-01 -4.613535430081970867e-01 -4.663000535893247478e-01 -6.174776722232551140e-01
-5.385769742716763897e-01 -3.848275330189021015e-01 -4.078013791626321494e-01 -5.452766375046034231e-01
-4.959699217423819140e-01 -2.995953725709986637e-01 -3.945308404419511361e-01 -5.075700946291274995e-01
-3.870610898664127997e-01 -2.226697667628421695e-01 -4.991942922637949698e-01 -6.443136251450606311e-01
-4.133381942006746357e-01 -4.020659313609639129e-01 -5.165285361404245990e-01 -6.638845464764692172e-01
-9.255105063365917095e-01 -8.706253529223851872e-01 -8.689517338799006563e-01 -9.792331409304597667e-01
-9.255106943590645230e-01 -8.111608035155759566e-01 -8.094185813959822173e-01 -9.255027993736409941e-01
-8.689484418777947417e-01 -7.485381697875443940e-01 -7.467557994373712482e-01 -8.689531364519510470e-01
-8.094209881012180974e-01 -8.094187478484007325e-01 -6.807953234134167531e-01 -8.094196098242499859e-01
-7.467573529017025313e-01 -5.000000000000000000e+00 -6.113631400181489539e-01 -7.467654115247278623e-01
-6.807990118402854618e-01 -5.000000000000000000e+00 -5.382764755382465349e-01 -6.809446801172591712e-01
-6.114636241188329269e-01 -4.618362004113752972e-01 -4.613411648746214566e-01 -6.115873414217888326e-01
-5.383234711886208945e-01 -3.803556377317639514e-01 -3.808207911538518120e-01 -5.383586908967770146e-01
-4.657889616380358477e-01 -2.950948991893916351e-01 -2.996470720013920119e-01 -4.671458922059519847e-01
-3.851366822837399839e-01 -2.100227667783906293e-01 -2.216654924909391700e-01 -3.850714182236357752e-01
-2.997335470326745188e-01 -1.212255890468586783e-01 -2.155536858620559215e-01 -3.374938438578899969e-01
-2.834929141090896110e-01 -8.074131550917069966e-02 -4.152292591455955528e-01 -4.908229626922182010e-01
-8.705988289235712108e-01 -8.146987334789794755e-01 -8.111242698833103226e-01 -9.255106073449828052e-01
-8.709208367015499608e-01 -7.492273463195404659e-01 -7.485399082984821595e-01 -8.689519529379288176e-01
-8.116004437407277061e-01 -6.826666311815638988e-01 -8.094384082115088086e-01 -8.094257889662197503e-01
-7.491122309703091009e-01 -5.000000000000000000e+00 -5.000000000000000000e+00 -7.467564083226631011e-01
0.000000000000000000e+00 0.000000000000000000e+00 0.000000000000000000e+00 0.000000000000000000e+00
0.000000000000000000e+00 0.000000000000000000e+00 0.000000000000000000e+00 0.000000000000000000e+00
-5.000000000000000000e+00 -3.817146111794753049e-01 -3.806678492828545202e-01 -5.383703345205602675e-01
-4.623174954321548902e-01 -2.951065964678201703e-01 -2.956926723523098932e-01 -4.613430961657535301e-01
-3.805992791329714797e-01 -2.046900485162534422e-01 -2.057018285985610928e-01 -3.822639302576509857e-01
-2.956771082423131358e-01 -1.106497444633158383e-01 -1.317519787009861776e-01 -2.995280397894187763e-01
-2.066699124121817999e-01 -1.079943193876045648e-02 -2.839633604624149793e-02 -2.410737698142424723e-01
-1.283533174011496081e-01 8.553284938875781174e-02 -3.086907093417148862e-02 -3.184707502684301916e-01
-8.148001342433596195e-01 -7.546399956216370830e-01 -7.488964434016319727e-01 -8.708082071155033299e-01
-8.119717801115949873e-01 -6.860304717630362203e-01 -6.826849494798152840e-01 -8.123673533528626978e-01
-7.491899552007680319e-01 -6.133324017268149131e-01 -5.000000000000000000e+00 -7.485908530595687393e-01
0.000000000000000000e+00 0.000000000000000000e+00 0.000000000000000000e+00 0.000000000000000000e+00
-4.999997342794999966e+00 -4.682629411978518341e-01 -4.942685342600054987e-01 -4.999999999998587796e+00
-6.186586863360694633e-01 -3.819321403654111213e-01 -3.811445607573674677e-01 -4.999999999418869301e+00
-4.635050630869378407e-01 -2.965819673306436810e-01 -2.951036294212939226e-01 -4.618509520390190470e-01
-3.813647132359395675e-01 -2.051867413159313147e-01 -2.047127713777996127e-01 -3.812559472749399436e-01
-2.951464094834834739e-01 -1.107309898230331435e-01 -1.097326491693833006e-01 -2.982490850937354332e-01
-2.053348131920122444e-01 -9.866243828564573090e-03 -1.027164296841640186e-02 -2.051635617822036572e-01
-1.098679232376809090e-01 9.465603356113730382e-02 8.352064979702186753e-02 -1.148224703072323050e-01
-1.347172103192855255e-02 1.994419879620407676e-01 3.416977871057690075e-02 -4.296295235501661897e-02
-7.562013498478287188e-01 -7.746080925361136238e-01 -6.890940563904220939e-01 -8.151505899347502027e-01
-7.548597703725765662e-01 -5.000000000000000000e+00 -6.133982585372025342e-01 -7.499817430356265913e-01
-6.827917863302308543e-01 -5.765476189695334375e-01 -5.389977580974854021e-01 -6.827288793367594089e-01
-6.123914132683746514e-01 -4.810326921017811785e-01 -4.615521338204538471e-01 -5.000000000000000000e+00
-5.698390644369903946e-01 -3.986514450421941858e-01 -3.803178033704871508e-01 -5.476533004249056757e-01
-4.617120988328367037e-01 -3.083133561089614894e-01 -2.950311746093990384e-01 -4.638998427470086838e-01
-3.805092009133905773e-01 -2.096329147588726072e-01 -2.052845018477755246e-01 -3.811752985868098187e-01
-2.951408987392829530e-01 -1.127604687824421276e-01 -1.101165246201752934e-01 -2.963632426711112489e-01
-2.058560133017706406e-01 -1.058853764002897456e-02 -1.053033240831133775e-02 -2.045819508467992820e-01
-1.108142250433809262e-01 9.122554029943961973e-02 9.492428857337317782e-02 -1.097464953567489632e-01
-1.346342732090303508e-02 2.052456023755653836e-01 2.024530853941402531e-01 -1.462306060151361692e-02
9.103622005754183344e-02 3.212720772666510238e-01 1.676185286695188181e-01 2.890354289687063760e-03
-7.720493054714656633e-01 -7.112667010244237975e-01 -5.000000000000000000e+00 -7.559214236129782050e-01
0.000000000000000000e+00 0.000000000000000000e+00 0.000000000000000000e+00 0.000000000000000000e+00
-5.000000000000000000e+00 -6.517873679241967810e-01 -4.960327614639067906e-01 -6.143733028443503219e-01
-5.975966078583868635e-01 -5.359755892832462898e-01 -4.003160453004022679e-01 -5.398519554618400607e-01
-5.016045019988060183e-01 -4.972311849288447716e-01 -3.002908418228395493e-01 -4.618969816072854284e-01
-4.015007555591542654e-01 -4.999999999999996447e+00 -2.095674715578797198e-01 -3.806448503897006952e-01
-3.107067241630050991e-01 -3.560445342331408081e-01 -1.126636025059511714e-01 -3.005166475614304833e-01
-2.173861564326492191e-01 -4.999999999984309440e+00 -1.277072631060463537e-02 -2.052576031310942295e-01
-1.129713018076651809e-01 9.022614619778533684e-02 9.466977817418742447e-02 -1.109558112681548747e-01
-1.042989681395623848e-02 2.039349459284872657e-01 2.050389528198897082e-01 -1.071972207860809150e-02
9.458845236537100076e-02 3.213189109991430592e-01 3.212033653538684530e-01 9.466893248193690436e-02
2.052127085231367221e-01 4.434765781260111006e-01 3.212614726026579159e-01 2.049532134234002823e-01
-6.983467374256757676e-01 -5.000000000000000000e+00 -6.492135513764102361e-01 -7.624607505355023296e-01
-6.980064245906840714e-01 -5.889596837717312461e-01 -6.214367935980958935e-01 -5.000000000000000000e+00
-6.292637786367805131e-01 -5.775556304436773036e-01 -5.806095099450937491e-01 -5.948729317583218990e-01
-6.504763144224123828e-01 -4.936874492861370589e-01 -4.433779948653907566e-01 -4.905799269675750751e-01
-5.468143254472430659e-01 -3.562223085463848693e-01 -4.999999999825661234e+00 -4.065002367030413621e-01
0.000000000000000000e+00 0.000000000000000000e+00 0.000000000000000000e+00 0.000000000000000000e+00
-4.999901584999999926e+00 -2.698891037499999701e-01 -4.999901584999999926e+00 -3.285904889183212108e-01
0.000000000000000000e+00 0.000000000000000000e+00 0.000000000000000000e+00 0.000000000000000000e+00
-4.999999993542991739e+00 1.682057881495888640e-01 2.041014306190179761e-01 -1.376674959627023978e-02
9.032978482458056679e-02 3.205212059698990812e-01 3.211469748252329670e-01 9.452545368557889460e-02
2.037058342126725485e-01 4.435165926495258648e-01 4.433344818259498665e-01 2.025420222362233347e-01
3.208617117083027992e-01 5.721078310821053892e-01 4.405142273985985790e-01 3.212774140406484680e-01
0.000000000000000000e+00 0.000000000000000000e+00 0.000000000000000000e+00 0.000000000000000000e+00
-4.999999999418869301e+00 -5.181811029660831069e-01 -5.523852663511601424e-01 -6.279423581496123008e-01
-5.897868348889832024e-01 -5.082168224696783643e-01 -4.922750366747456474e-01 -6.354293054367424753e-01
-5.746639110000987261e-01 -4.744658630630582130e-01 -3.981676464638909674e-01 -5.796390610138014710e-01
-4.999833555603330759e-01 -1.961152912032003703e-01 -3.003699532893633894e-01 -5.038105394557698125e-01
-3.729718954150836319e-01 -1.504768461651833089e-01 -2.657118062210517273e-01 -4.999999999825661234e+00
-3.237845694871628321e-01 -2.647717557609249872e-01 -9.744576983711616958e-03 -3.329942834601409274e-01
-2.580586208624844891e-01 -7.844106667330456861e-02 1.673852528058842326e-01 -4.998906500000000364e+00
-1.061520437179566678e-02 3.180396958396000118e-01 3.058859222715862858e-01 8.820113056087454384e-02
1.872029743799676349e-01 4.424046465208200107e-01 4.429469704944504760e-01 2.044218621964244420e-01
3.196347148069461630e-01 5.721247501735474694e-01 5.721064349419376915e-01 3.116896325208786123e-01
4.435118789634492908e-01 7.074921519301529127e-01 5.706115373068103569e-01 4.432882546060726847e-01
-4.509180422355565376e-01 -3.756900486011313101e-01 -5.032337618045615857e-01 -4.999999993542991739e+00
-4.525912586927356429e-01 -4.456327908994847098e-01 -5.072911653957418165e-01 -5.586559581918416617e-01
-5.118650813238438957e-01 -4.297825901589061859e-01 -5.029656746635645659e-01 -5.718474516913115702e-01
-5.075595722352803651e-01 -4.371730997207112779e-01 -4.301908444431830070e-01 -5.120765074472946043e-01
-5.017720023777743066e-01 -2.276399992204672651e-01 -5.206473702780851920e-02 -4.205333507403893334e-01
-3.424700879936843911e-01 6.175036221434412886e-02 4.981162984428584573e-02 -2.438925189352919021e-01
-8.371302997505608579e-02 1.678005190110710698e-01 -2.714794406845150165e-01 -2.496611514708345914e-01
-4.872760329577632832e-03 1.247336507006526207e-01 2.085535163410346393e-01 -5.647485573485173938e-02
8.229023323416714830e-02 4.313443166607687784e-01 4.424799529908264306e-01 2.017167320297739985e-01
3.192538850843240072e-01 5.719485694728942970e-01 5.721200408006624771e-01 2.891707031881430856e-01
4.434683863240709845e-01 7.074998876670002268e-01 7.074991924330801263e-01 4.434719370932768689e-01
5.721244467676418477e-01 8.499999921399722380e-01 7.074957631401920244e-01 5.593504038776792031e-01
-4.348420482789748798e-01 -3.921917146888321826e-01 -4.845655841978068756e-01 -4.283004189157796349e-01
-4.320010318592307219e-01 -4.228066502405368743e-01 -4.291610548813990511e-01 -5.201985530166074456e-01
-4.918891282777168028e-01 -4.105817179263575589e-01 -3.469808106242244228e-01 -4.984767447254505601e-01
-4.326382200439720660e-01 -3.635518950148584061e-01 -2.193022930141354521e-01 -4.902490735816668055e-01
-4.437828569197597162e-01 -4.008487864885049712e-01 5.709619992835526792e-02 -1.856075720292245657e-01
-8.964351635079606528e-02 -3.023336940893792679e-01 1.758537521775214718e-01 -1.096430420196141120e-01
6.382269777774590702e-02 -8.675534699055148513e-02 2.913690077402563139e-01 -5.277942123333878577e-02
1.276356508017904567e-01 3.870139352353001994e-01 4.137545038486071247e-01 3.184201478383610895e-02
2.651424883299213775e-01 5.678897541429865914e-01 5.420589498062320377e-01 3.163828466814790352e-01
4.145452624073767689e-01 7.045361662275999581e-01 7.074751830495766836e-01 4.433047361940524733e-01
5.720333876238657966e-01 8.481020484999999276e-01 8.499999847384307472e-01 5.675965572310628371e-01
7.070796841465285532e-01 9.999999996125794599e-01 8.499851502343628296e-01 7.074940862691025956e-01
-3.577196898004922354e-01 -4.082577224227884605e-01 -4.170809836219587230e-01 -4.318418806685156430e-01
-4.137776786526635719e-01 -3.992353460858203973e-01 -4.184765428789481434e-01 -4.832271584989619728e-01
-3.986204174951843426e-01 -4.306290242603856289e-01 -3.505412904318883638e-01 -4.302795008019000833e-01
-4.010375139557349478e-01 -3.183034075429949650e-01 -3.763316306918600973e-01 -4.013790971216165682e-01
-3.868416994454733637e-01 -3.806804487676561655e-01 -3.362079400264882389e-01 -4.372039703718216264e-01
-4.083667470866710336e-01 -3.781684655536581841e-01 -1.837244940581638786e-01 -3.622362754181410738e-01
-3.605334318410518546e-01 -1.632303137898013790e-01 -9.303434760560777561e-02 1.568370211333882103e-01
-1.840587810629358279e-01 1.300458504160122986e-01 5.620957549266162312e-01 2.263951779764425409e-01
2.806198544530703609e-01 5.696965654108580024e-01 7.067921667383691986e-01 4.361577056936339347e-01
5.695672539427505399e-01 7.054459750577495303e-01 8.496580297450000430e-01 5.687860438426003418e-01
6.757530881499999031e-01 8.262743439999999939e-01 9.999343899999999508e-01 6.679089945599736566e-01
0.000000000000000000e+00 0.000000000000000000e+00 0.000000000000000000e+00 0.000000000000000000e+00
