5.404578550011489568e-01 5.794293210538410399e-01 5.794293210538410399e-01 5.404578550011489568e-01
5.404578550011489568e-01 6.204519168987800981e-01 6.204519168987800981e-01 5.794293210538410399e-01
5.794293210538410399e-01 6.636335967355579957e-01 6.636335967355579957e-01 6.204519168987800981e-01
6.204519168987800981e-01 7.090879965637453264e-01 7.090879965637453264e-01 6.636335967355579957e-01
6.636335967253128576e-01 7.569347332249951599e-01 7.569346391220079795e-01 7.090789611847700957e-01
6.945268896175424977e-01 8.072997191761989155e-01 -5.000000000000000000e+00 7.049492036194023870e-01
0.000000000000000000e+00 0.000000000000000000e+00 0.000000000000000000e+00 0.000000000000000000e+00
-5.000000000000000000e+00 5.652911578106873947e-01 -1.363888173382585001e-01 -1.385937386368694679e-01
-1.384256895004126742e-01 6.211802838824924677e-01 -1.338299354447571865e-01 -1.346592583605247806e-01
-1.348150720631288713e-01 -1.319876220413770396e-01 -1.305830069423500606e-01 -1.321584633956374433e-01
-1.336080813393395739e-01 -1.280416039015890017e-01 -1.275961826915006370e-01 -1.307169415567935866e-01
-1.310217468152150289e-01 -1.247123884269895622e-01 -1.237974419290324007e-01 -1.268837889111294748e-01
-1.275953375775057963e-01 -1.200216534397831741e-01 -1.205175510953832435e-01 -1.221382175994277786e-01
-1.238899173667580567e-01 -1.180858426555788099e-01 -1.168279728379082866e-01 -1.204865702929507065e-01
-1.197168045401963421e-01 -1.153335771045726349e-01 -1.135688546464090898e-01 -1.162160885404842914e-01
-1.160705891919794341e-01 -1.117028520428904048e-01 -1.094393643283343709e-01 -1.110095209396923105e-01
-1.110351880171699251e-01 -1.076088649512229323e-01 -1.052535736664222399e-01 -1.087753140024266818e-01
-1.010355598932594773e-01 -1.029743460159820989e-01 -1.082322142553607397e-01 -1.042914749667800400e-01
-1.050584747702716926e-01 -1.059521364353741141e-01 -1.099106769392775712e-01 -1.076847533706798837e-01
-1.073289859735242352e-01 -1.064892159980970754e-01 -1.075679043800744361e-01 -1.089948915100736743e-01
5.794293210538410399e-01 -5.000000000000000000e+00 6.204519168987800981e-01 5.404578550011489568e-01
5.794293210538410399e-01 -5.000000000000000000e+00 6.636335967355579957e-01 5.794293210538410399e-01
6.204519168987800981e-01 7.090879965637453264e-01 7.090879965637453264e-01 6.204519168987800981e-01
6.636335967355579957e-01 7.569347332249951599e-01 7.569347332249951599e-01 6.636335967355579957e-01
7.090879965637453264e-01 8.072997191842055109e-01 8.072997191842055109e-01 7.090879965637438831e-01
7.569347278371777454e-01 8.603154938781111261e-01 8.603088507349183622e-01 7.569343190038635427e-01
8.070765170102250918e-01 9.161210069567370384e-01 8.729320245497802500e-01 -5.000000000000000000e+00
5.542703201281271586e-01 9.744349169065229521e-01 8.812903278369603743e-01 3.274955844527592808e-01
8.075914229865608363e-01 1.027100848199779204e+00 1.928695728180532531e-01 -1.362110433795621633e-01
-1.341686302907547923e-01 3.600282291190132211e-01 -1.285354584686813351e-01 -1.340416673901702327e-01
-1.318937800824560025e-01 -1.249323663312805616e-01 -1.247991334301837840e-01 -1.310518044986318242e-01
-1.283380626843767525e-01 -5.000000000000000000e+00 -1.208694029869907122e-01 -1.271936049582152728e-01
-1.246471536938021513e-01 -1.180711405603562525e-01 -1.177551108689198489e-01 -1.235513607806768832e-01
-1.189286167933159416e-01 -1.147664683751156156e-01 -1.141388207370655633e-01 -1.195485558704124512e-01
-1.146704591130527640e-01 -1.112036836179371019e-01 -1.117118957739884483e-01 -1.150957047988867138e-01
-1.153617645577151157e-01 -1.080086068727792725e-01 -1.080264938968028693e-01 -1.106365570585512714e-01
-1.103165748249676781e-01 -1.073825199764473770e-01 -1.035119448025910022e-01 -1.053864357001836477e-01
-1.062667856596235527e-01 -1.033359261786464395e-01 -1.057330980812145882e-01 -1.041159431601953456e-01
-1.016832966948218037e-01 -1.056959156692780927e-01 -1.045977633781259436e-01 -1.074726820839467800e-01
-1.038482856788181530e-01 -1.039226492368276328e-01 -1.052622374712861575e-01 -1.068262682886171877e-01
0.000000000000000000e+00 0.000000000000000000e+00 0.000000000000000000e+00 0.000000000000000000e+00
0.000000000000000000e+00 0.000000000000000000e+00 0.000000000000000000e+00 0.000000000000000000e+00
-5.000000000000000000e+00 7.569347332249951599e-01 7.569347332249951599e-01 6.636335967355579957e-01
7.090879965637453264e-01 8.072997191842055109e-01 8.072997191842055109e-01 7.090879965637453264e-01
7.569347332249951599e-01 8.603154938781111261e-01 8.603154938781111261e-01 7.569347332249951599e-01
8.072997191841834175e-01 9.161215725032749724e-01 9.161215723845573811e-01 8.072997191830031394e-01
8.603154843316853650e-01 9.748429559814880685e-01 9.748648131613392165e-01 8.601582908672685823e-01
9.161211173597266777e-01 1.036699803327728597e+00 1.036629800847863825e+00 9.098925306565288640e-01
9.448908086685798846e-01 1.101789063384570388e+00 7.041969123793969665e-01 8.473117814404003134e-01
9.956072636428600076e-01 5.376860270913210726e-01 -1.264232056760461465e-01 -1.319994198656395112e-01
-1.280999101518054406e-01 1.064200493482165832e+00 -5.000000000000000000e+00 -1.283195658490138280e-01
0.000000000000000000e+00 0.000000000000000000e+00 0.000000000000000000e+00 0.000000000000000000e+00
-5.000000000000000000e+00 -1.152141201010633137e-01 -1.143749051588739407e-01 -1.149694569382674891e-01
-1.140836019149122776e-01 -4.999999999995292654e+00 -1.116084622808657528e-01 -1.143027050275619849e-01
-1.135255210827805367e-01 -1.078343807489923062e-01 -1.074358450896551187e-01 -1.117885108773020997e-01
-1.117930809408511222e-01 -1.036924628467659065e-01 -1.065195393204026453e-01 -1.077664941075568011e-01
-1.076745834916966460e-01 -1.056374961867511120e-01 -1.042137257707449333e-01 -1.074808270453015829e-01
-1.067198173278200157e-01 -1.020977851468987674e-01 -1.014709247133574327e-01 -1.004501599252589639e-01
-1.028162398654035858e-01 -1.033067354939583432e-01 -1.032901131758768715e-01 -1.033566107547646828e-01
-1.000172187548404590e-01 -1.001935318952917320e-01 -1.019098128900171873e-01 -1.054999068040739785e-01
6.636163540153060536e-01 7.090143171514569076e-01 7.090879965637453264e-01 -5.000000000000000000e+00
6.636335967355579957e-01 7.569347332249951599e-01 7.569347332249951599e-01 -5.000000000000000000e+00
7.090879965637453264e-01 8.072997191842055109e-01 8.072997191842055109e-01 7.090879965637453264e-01
7.569347332249951599e-01 8.603154938781111261e-01 8.603154938781111261e-01 7.569347332249951599e-01
8.072997191842055109e-01 9.161215725032749724e-01 9.161215725032749724e-01 8.072997191842055109e-01
8.603154938781111261e-01 9.748648131613421031e-01 9.748648131613421031e-01 8.603154938781111261e-01
9.161215724921318859e-01 1.036699803327728597e+00 1.036699801807545951e+00 9.161213724267793790e-01
9.748641860850930652e-01 1.101789266660766931e+00 1.101789266660427868e+00 9.748648131534533023e-01
1.036699745795807370e+00 1.170304491221860088e+00 1.029112242670513488e+00 1.035730806491818035e+00
7.327394355947998150e-01 -5.000000000000000000e+00 1.132941009138440869e+00 7.630723807434764971e-01
1.026731462650974480e+00 1.280073475092746493e+00 -8.419122376242357819e-02 6.999959495563574663e-01
-1.201819311389053929e-01 -5.000000000000000000e+00 -5.843778701574196127e-02 -5.000000000000000000e+00
-9.151964527390248072e-02 1.187493642500776769e-01 -5.000000000000000000e+00 -1.176289359885333424e-01
0.000000000000000000e+00 0.000000000000000000e+00 0.000000000000000000e+00 0.000000000000000000e+00
-4.999999999984309440e+00 -1.048959085275463221e-01 -1.042702833457436751e-01 -1.091867229318546073e-01
-1.084374177603114608e-01 -1.001607897757211540e-01 -1.023254329764849840e-01 -1.067294200038282070e-01
-1.045411517444269911e-01 -4.999999999825661234e+00 -1.017231449343121569e-01 -1.052650135589199010e-01
-1.022050808742346190e-01 -9.785511847075892278e-02 -1.005570191327578577e-01 -1.040594181677080565e-01
-9.953142410190055078e-02 -9.887684747411666641e-02 -9.893668391477028479e-02 -1.017725501937218197e-01
-1.013768425314210686e-01 -9.510092837488923201e-02 -9.877708082087376107e-02 -1.019562438427691203e-01
7.090876125976636191e-01 7.566366285047514406e-01 7.569347332249951599e-01 6.636335967352965381e-01
7.090879965637453264e-01 8.072997191842055109e-01 8.072997191842055109e-01 7.090879965637453264e-01
7.569347332249951599e-01 8.603154938781111261e-01 8.603154938781111261e-01 7.569347332249951599e-01
8.072997191842055109e-01 9.161215725032749724e-01 9.161215725032749724e-01 8.072997191842055109e-01
8.603154938781111261e-01 9.748648131613421031e-01 9.748648131613421031e-01 8.603154938781111261e-01
9.161215725032749724e-01 1.036699803327728597e+00 1.036699803327728597e+00 9.161215725032749724e-01
9.748648131613421031e-01 1.101789266660766931e+00 1.101789266660766931e+00 9.748648131613421031e-01
1.036699803327728597e+00 1.170304491221860088e+00 1.170304491221860088e+00 1.036699803327728597e+00
1.101789266660766931e+00 1.242425780233537003e+00 -5.000000000000000000e+00 1.101789266660766708e+00
0.000000000000000000e+00 0.000000000000000000e+00 0.000000000000000000e+00 0.000000000000000000e+00
-5.000000000000000000e+00 1.392086604804236849e+00 -5.000000000000000000e+00 7.696481131602348480e-01
0.000000000000000000e+00 0.000000000000000000e+00 0.000000000000000000e+00 0.000000000000000000e+00
-4.999999999999872990e+00 1.036878064270566835e+00 -1.295831645537380561e-02 -7.400096726501775857e-02
-1.097428588401773292e-01 2.986837567373121227e-01 -1.051688951390259696e-01 -4.999999978476639129e+00
-1.077096251413720007e-01 -1.004946389012285612e-01 -1.005360051748694639e-01 -1.054303100352361883e-01
-1.022141084131771710e-01 -9.737490371116071242e-02 -4.999999999999988454e+00 -9.597025535959040343e-02
0.000000000000000000e+00 0.000000000000000000e+00 0.000000000000000000e+00 0.000000000000000000e+00
-4.999999999995292654e+00 -9.295933577330817155e-02 -9.638221034022367850e-02 -1.020264142367300897e-01
-9.463860682904333410e-02 -9.446347177130468009e-02 -9.612673280578676316e-02 -1.026405043266792605e-01
-9.420009854094286983e-02 -9.295070001186933606e-02 -9.199748211115257868e-02 -9.685129450679444418e-02
7.569290670670278942e-01 7.823089751845769824e-01 8.072997191842055109e-01 7.090879965624200532e-01
7.569347332249951599e-01 8.603154938781111261e-01 8.603154938781111261e-01 7.569347332249951599e-01
8.072997191842055109e-01 9.161215725032749724e-01 9.161215725032749724e-01 8.072997191842055109e-01
8.603154938781111261e-01 9.748648131613421031e-01 9.748648131613421031e-01 8.603154938781111261e-01
9.161215725032749724e-01 1.036699803327728597e+00 1.036699803327728597e+00 9.161215725032749724e-01
9.748648131613421031e-01 1.101789266660766931e+00 1.101789266660766931e+00 9.748648131613421031e-01
1.036699803327728597e+00 1.170304491221860088e+00 1.170304491221860088e+00 1.036699803327728597e+00
1.101789266660766931e+00 1.242425780233537003e+00 1.242425780233537003e+00 1.101789266660766931e+00
1.170304491221860088e+00 1.318342926561618000e+00 1.318342926561618000e+00 1.170304491221860088e+00
1.241969721321739106e+00 1.398255712170124232e+00 1.398252719566799307e+00 -5.000000000000000000e+00
1.318251347788468086e+00 1.482374426823004798e+00 1.413618575469419492e+00 1.280953085303045080e+00
1.270117174262679782e+00 1.566327333275761458e+00 1.284556147003910187e+00 -5.000000000000000000e+00
9.725065823247661667e-01 1.641683185895094876e+00 1.218923869928651094e+00 1.000818227472235339e-01
1.081584996089842488e+00 1.423278630699413405e+00 4.013798476492294043e-01 -4.872707485241144221e-02
1.013911370086401087e+00 -9.709980866815470790e-02 -9.724396510364922974e-02 -9.886893544904930275e-02
-9.749564114319386743e-02 1.901157116767469901e+00 -9.491163392341495086e-02 -9.762160005514874950e-02
-9.698102081957427067e-02 -8.979649630062268295e-02 -9.166537557760684463e-02 -4.999999999984309440e+00
-9.301965241361632997e-02 7.709531408276788511e-01 -9.305584326686884566e-02 -9.700476431956105150e-02
-9.201893914147507569e-02 -9.012305479894934523e-02 -9.281080975375928521e-02 -9.682565343884491638e-02
-9.247533217230290148e-02 -8.936078999144554669e-02 -9.213994158664241818e-02 -8.874239086680288380e-02
8.066089320809730623e-01 8.588236003927399720e-01 8.603154938781111261e-01 7.569237118037324130e-01
8.072997191842055109e-01 9.161215725032749724e-01 9.161215725032749724e-01 8.072997191842055109e-01
8.603154938781111261e-01 9.748648131613421031e-01 9.748648131613421031e-01 8.603154938781111261e-01
9.161215725032749724e-01 1.036699803327728597e+00 1.036699803327728597e+00 9.161215725032749724e-01
9.748648131613421031e-01 1.101789266660766931e+00 1.101789266660766931e+00 9.748648131613421031e-01
1.036699803327728597e+00 1.170304491221860088e+00 1.170304491221860088e+00 1.036699803327728597e+00
1.101789266660766931e+00 -5.000000000000000000e+00 1.242425780233537003e+00 1.101789266660766931e+00
1.170304491221860088e+00 1.318342926561618000e+00 1.318342926561618000e+00 1.170304491221860088e+00
1.242425780233537003e+00 1.398255712170124232e+00 1.398255712170124232e+00 1.242425780233537003e+00
1.318342926560587269e+00 1.482374433863288710e+00 1.482374433843085093e+00 1.318342926476749666e+00
1.398249489867382067e+00 1.570920456698198686e+00 1.551409056593316071e+00 1.398255017612511919e+00
1.443952694368662026e+00 1.664126640861061102e+00 1.625062952113557113e+00 1.464436293222923791e+00
1.542364831767182309e+00 1.761875474294847921e+00 1.277335855935254116e+00 9.642701278780927421e-01
1.576834060484477718e+00 1.800241332552558138e+00 1.606333838129777369e+00 1.029597275268350209e+00
1.407117927111661615e+00 1.960244106545905751e+00 8.967952617768260026e-01 5.829073367538142314e-01
1.247236934233220351e+00 2.088366257350577460e+00 1.235848677169517629e+00 1.417580264163295078e+00
1.021722253592623142e+00 2.019494359548670737e+00 5.529648469185463044e-01 -9.380097996243720593e-02
1.307736266947315595e+00 -8.323124307320620141e-02 -8.679772778628998264e-02 4.789483952258036248e-01
8.370975018150637048e-01 -8.722929463319327448e-02 -8.936418056213771277e-02 -8.979562626571951922e-02
-8.520417359636578425e-02 -4.999999202838499635e+00 -8.371122088077906365e-02 -9.135702569125980776e-02
8.601296553591499805e-01 8.213650834453654070e-01 9.161215221428524735e-01 8.072997191484669877e-01
8.603152998992229517e-01 9.748648131612307477e-01 9.748648131613421031e-01 8.603154938781111261e-01
9.161215725032749724e-01 1.036699803327728597e+00 1.036699803327728597e+00 9.161215725032749724e-01
9.748648131613421031e-01 1.101789266660766931e+00 1.101789266660766931e+00 9.748648131613421031e-01
1.036699803327728597e+00 1.170304491221860088e+00 1.170304491221860088e+00 1.036699803327728597e+00
1.101789266660766931e+00 1.242425780233537003e+00 -5.000000000000000000e+00 1.101789266660766931e+00
0.000000000000000000e+00 0.000000000000000000e+00 0.000000000000000000e+00 0.000000000000000000e+00
-5.000000000000000000e+00 1.398255712170124232e+00 1.398255712170124232e+00 1.242425780233537003e+00
1.318342926561618000e+00 1.482374433863288710e+00 1.482374433863288710e+00 1.318342926561618000e+00
1.398255712170124232e+00 1.570920456698198686e+00 1.570920456698198686e+00 1.398255712168589460e+00
1.482374433863288710e+00 1.664126796524419749e+00 1.664126796524419749e+00 1.482374433863288710e+00
1.570920456280811672e+00 1.762238733183599804e+00 1.762228804280004724e+00 1.570906404780569199e+00
1.661423110485844123e+00 1.865514455982686615e+00 1.864107283779351087e+00 1.599202132744227844e+00
1.757692254222220862e+00 1.968384879632231410e+00 1.974225532747651890e+00 1.548117792515463442e+00
1.860714835305847137e+00 2.088346028950044619e+00 2.088658669513152599e+00 1.810814410430817700e+00
1.970753586071839702e+00 2.209114396808066871e+00 2.101602419391153109e+00 1.970269001275731124e+00
2.088275506294359207e+00 2.273939654777482389e+00 3.616967327698712986e-01 1.482201213357270175e+00
-8.377354602852071785e-02 1.231645045701874164e+00 -8.413468609151225630e-02 -8.782615306342911321e-02
-8.246839189281360283e-02 1.294777931611851729e+00 -4.999997342794999966e+00 -9.018144825131783893e-02
0.000000000000000000e+00 0.000000000000000000e+00 0.000000000000000000e+00 0.000000000000000000e+00
8.855934379754231145e-01 8.749992115307402285e-01 9.748648131613321111e-01 7.863011970286200025e-01
9.161215725003528654e-01 1.036699803286960764e+00 1.036699803327728597e+00 9.161215725032749724e-01
9.748648131613421031e-01 1.101789266660766931e+00 1.101789266660766931e+00 9.748648131613421031e-01
1.036699803327728597e+00 1.170304491221860088e+00 1.170304491221860088e+00 1.036699803327728597e+00
1.101789266660766931e+00 1.242425780233537003e+00 1.242425780233537003e+00 1.101789266660766931e+00
1.170304491221860088e+00 1.318342926561618000e+00 1.318342926561618000e+00 1.170304491221860088e+00
1.242425780233537003e+00 1.398255712170124232e+00 1.398255712170124232e+00 -5.000000000000000000e+00
1.318342926561618000e+00 1.482374433863288710e+00 1.482374433863288710e+00 1.318342926561618000e+00
1.398255712170124232e+00 1.570920456698198686e+00 1.570920456698198686e+00 1.398255712170124232e+00
1.482374433863288710e+00 1.664126796524419749e+00 1.664126796524419749e+00 1.482374433863288710e+00
1.570920456698198686e+00 1.762238733183599804e+00 1.762238733183599804e+00 1.570920456698198686e+00
1.664126796524419749e+00 1.865514455982736797e+00 1.865514455982499209e+00 1.664126796524419527e+00
1.762238733179791961e+00 1.974225743139722988e+00 1.974225742287204932e+00 1.762238727705973229e+00
1.865512247617417518e+00 2.088658676989182172e+00 2.088656482318381080e+00 1.865512985942487045e+00
1.973583065308209816e+00 2.209084359331638048e+00 2.209114396830718086e+00 1.974201755011899539e+00
2.088656434936955630e+00 2.335909891400755889e+00 2.335907630610376096e+00 2.088579945411558114e+00
2.208898905519174782e+00 2.469378783395539845e+00 1.329229360479725619e+00 2.099527736010037060e+00
1.323999334167702324e+00 1.679037085945299879e+00 2.078892200344744090e+00 2.336015791036206990e-02
1.527883942499230097e+00 2.205876747404464933e+00 -7.767077713730120847e-02 1.039138329692390172e+00
-7.472618601816861938e-02 1.219239473231689130e+00 -7.319194677218246459e-02 -4.999999202838499635e+00
9.384630860401587116e-01 -5.000000000000000000e+00 1.036699802875212795e+00 9.073458288633972080e-01
9.748648063343421377e-01 1.101788536558390152e+00 1.101789266660766931e+00 9.748648126412015058e-01
1.036699803327728597e+00 1.170304491221860088e+00 1.170304491221860088e+00 1.036699803327728597e+00
1.101789266660766931e+00 1.242425780233537003e+00 1.242425780233537003e+00 1.101789266660766931e+00
1.170304491221860088e+00 1.318342926561618000e+00 1.318342926561618000e+00 1.170304491221860088e+00
1.242425780233537003e+00 1.398255712170124232e+00 1.398255712170124232e+00 1.242425780233537003e+00
1.318342926561618000e+00 1.482374433863288710e+00 1.482374433863288710e+00 1.318342926561618000e+00
1.398255712170124232e+00 1.570920456698198686e+00 1.570920456698198686e+00 1.398255712170124232e+00
1.482374433863288710e+00 1.664126796524419749e+00 1.664126796524419749e+00 1.482374433863288710e+00
1.570920456698198686e+00 1.762238733183599804e+00 1.762238733183599804e+00 1.570920456698198686e+00
1.664126796524419749e+00 1.865514455982736797e+00 1.865514455982736797e+00 1.664126796524419749e+00
1.762238733183599804e+00 1.974225743139722988e+00 1.974225743139722988e+00 1.762238733183599804e+00
1.865514455982736797e+00 2.088658676989182172e+00 2.088658676989182172e+00 1.865514455982736797e+00
1.974225743139722988e+00 2.209114396830717642e+00 2.209114396830718086e+00 1.974225743139722988e+00
2.088658676989182172e+00 2.335909891400755889e+00 2.335909891400755889e+00 2.088658676989179952e+00
2.209114396830718086e+00 2.469378833053426980e+00 2.469378833053426536e+00 2.209114396830718086e+00
2.335909891397321747e+00 2.609872455845712480e+00 2.335909848815571621e+00 2.335040347893466262e+00
2.469378832588629447e+00 2.402008426917907613e+00 2.205399262654191617e+00 1.930635373542811006e+00
2.335907191339735789e+00 1.612937611893354273e+00 1.750064953957781499e+00 1.522361891781938148e+00
2.036973955812244164e+00 -4.999999978476639129e+00 -7.497347875272436513e-02 -7.762716356343923874e-02
0.000000000000000000e+00 0.000000000000000000e+00 0.000000000000000000e+00 0.000000000000000000e+00
-5.000000000000000000e+00 1.036695294390780564e+00 1.170304491221860088e+00 1.036699803324009350e+00
1.101789266660766931e+00 1.101789266660766931e+00 1.242425780233537003e+00 1.101789266660766931e+00
1.170304491221860088e+00 1.170304491221860088e+00 1.318342926561618000e+00 1.170304491221860088e+00
1.242425780233537003e+00 1.242425780233537003e+00 1.398255712170124232e+00 1.242425780233537003e+00
1.318342926561618000e+00 1.318342926561618000e+00 1.482374433863288710e+00 1.318342926561618000e+00
1.398255712170124232e+00 -5.000000000000000000e+00 1.570920456698198686e+00 1.398255712170124232e+00
1.482374433863288710e+00 1.664126796524419749e+00 1.664126796524419749e+00 1.482374433863288710e+00
1.570920456698198686e+00 1.762238733183599804e+00 1.762238733183599804e+00 1.570920456698198686e+00
1.664126796524419749e+00 1.865514455982736797e+00 1.865514455982736797e+00 1.664126796524419749e+00
1.762238733183599804e+00 1.974225743139722988e+00 1.974225743139722988e+00 1.762238733183599804e+00
1.865514455982736797e+00 2.088658676989182172e+00 2.088658676989182172e+00 1.865514455982736797e+00
1.974225743139722988e+00 -5.000000000000000000e+00 2.209114396830718086e+00 1.974225743139722988e+00
2.088658676989182172e+00 2.335909891400755889e+00 2.335909891400755889e+00 2.088658676989182172e+00
2.209114396830718086e+00 2.469378833053426980e+00 2.469378833053426980e+00 2.209114396830718086e+00
2.335909891400755889e+00 2.609872455845712480e+00 2.609872455845712480e+00 2.335909891400755889e+00
2.469378833053426980e+00 2.757760479837592094e+00 2.469378833039073573e+00 2.469378833052845224e+00
2.609872455845643202e+00 2.244925797138099810e+00 1.879175718833447029e+00 2.119229056266014766e+00
2.079240583174146728e+00 -4.998906500000000364e+00 -4.996355000000000324e+00 2.172243774324503107e+00
0.000000000000000000e+00 0.000000000000000000e+00 0.000000000000000000e+00 0.000000000000000000e+00
-1.244864947583622511e-01 -1.229302763580331359e-01 9.323187948647084777e-01 -5.000000000000000000e+00
5.749919054104208893e-01 9.654645333155802422e-01 1.101789266659584543e+00 -1.276305496994729061e-01
1.036699801486475003e+00 1.134458151038248985e+00 1.170304491221860088e+00 1.170304491176729300e+00
1.101789266660766931e+00 1.241973867761785977e+00 1.242425780233537003e+00 1.242425780233536781e+00
1.170304491221860088e+00 1.318342926561397066e+00 1.318342926561618000e+00 1.318342926561618000e+00
1.242425780233537003e+00 1.398255712170124232e+00 -5.000000000000000000e+00 1.398255712170124232e+00
0.000000000000000000e+00 0.000000000000000000e+00 0.000000000000000000e+00 0.000000000000000000e+00
-5.000000000000000000e+00 1.570920456698198686e+00 1.762238733183599804e+00 1.570920456698198686e+00
1.664126796524419749e+00 1.664126796524419749e+00 1.865514455982736797e+00 1.664126796524419749e+00
1.762238733183599804e+00 1.762238733183599804e+00 1.974225743139722988e+00 1.762238733183599804e+00
1.865514455982736797e+00 -5.000000000000000000e+00 2.088658676989182172e+00 1.865514455982736797e+00
1.974225743139722988e+00 2.209114396830718086e+00 -5.000000000000000000e+00 1.974225743139722988e+00
0.000000000000000000e+00 0.000000000000000000e+00 0.000000000000000000e+00 0.000000000000000000e+00
-5.000000000000000000e+00 2.469378833053426980e+00 2.469378833053426980e+00 2.209114396830718086e+00
2.335909891400755889e+00 2.609872455845712480e+00 2.609872455845712480e+00 2.335909891400755889e+00
2.469378833053426980e+00 2.757760479837592094e+00 2.757760479837592094e+00 2.469378833053426980e+00
2.609872455845663186e+00 2.913432084039570658e+00 2.609870862358847354e+00 2.609872455845708927e+00
2.757760090314723911e+00 -4.999999760851549624e+00 -4.999970475499999623e+00 2.463188894921704453e+00
0.000000000000000000e+00 0.000000000000000000e+00 0.000000000000000000e+00 0.000000000000000000e+00
-3.500000000000000000e+00 -2.397659958749999778e-02 -9.100000000000000450e-03 -3.500000000000000000e+00
-1.218315328075624815e-01 -1.202824863360801022e-01 6.783341855833528999e-01 -1.243391636709333670e-01
-1.228546169108412217e-01 -1.169163568363490169e-01 1.084525776403767239e+00 6.883572068046340808e-01
9.062000326483388157e-01 9.452952778059171557e-01 1.239942831542222512e+00 1.098818669446656182e+00
1.160329562382632851e+00 -5.000000000000000000e+00 1.318337729127250224e+00 1.170304491208400410e+00
1.226614548545900796e+00 -1.079657194330283093e-01 1.398255712170112686e+00 1.242425780233537003e+00
1.318335820254959989e+00 -5.000000000000000000e+00 1.482374433863288710e+00 1.318342841510317331e+00
1.398171349663131391e+00 1.319926780152204104e+00 1.570920456698198686e+00 -5.000000000000000000e+00
1.482374433464489938e+00 1.482374433202676478e+00 1.664126796524419749e+00 1.664126796522755747e+00
1.570920456698196910e+00 1.570920456698197132e+00 1.762238733183599804e+00 1.762238733183599804e+00
1.664126796524419749e+00 1.664126796524419749e+00 -5.000000000000000000e+00 1.865514455982736797e+00
0.000000000000000000e+00 0.000000000000000000e+00 0.000000000000000000e+00 0.000000000000000000e+00
-5.000000000000000000e+00 -5.000000000000000000e+00 2.335909891400755889e+00 2.088658676989182172e+00
2.209114396830718086e+00 -5.000000000000000000e+00 2.469378833053426980e+00 -5.000000000000000000e+00
2.335909891400755889e+00 2.609872455845712480e+00 2.609872455845712480e+00 2.335909891400755889e+00
2.469378833053426980e+00 2.757760479837592094e+00 2.757760479837592094e+00 2.469378833053426980e+00
2.609872455845712480e+00 2.913432084039570658e+00 2.913432084039570658e+00 2.609872455845712480e+00
2.757760479837592094e+00 3.077296930567968936e+00 -5.000000000000000000e+00 2.757760479837591649e+00
0.000000000000000000e+00 0.000000000000000000e+00 0.000000000000000000e+00 0.000000000000000000e+00
-4.549999999999999822e+00 -2.837029812749999880e-02 -2.606391066999999562e-02 -3.500000000000000000e+00
-2.926590478874999818e-02 -3.314509241505000231e-02 -2.357676999999999690e-02 -1.840939800000000043e-02
-1.195009573706499323e-01 -5.000000000000000000e+00 -1.169211910631959422e-01 -1.209240500172486243e-01
-1.181651754678414296e-01 -1.131861846018401563e-01 -1.135277509313963873e-01 -1.188343935895534720e-01
-1.147172614297586601e-01 -1.107298510343553699e-01 -5.000000000000000000e+00 1.084212949786018232e+00
0.000000000000000000e+00 0.000000000000000000e+00 0.000000000000000000e+00 0.000000000000000000e+00
-5.000000000000000000e+00 3.110874445444159475e-01 -5.000000000000000000e+00 -1.108398460487464016e-01
0.000000000000000000e+00 0.000000000000000000e+00 0.000000000000000000e+00 0.000000000000000000e+00
-5.000000000000000000e+00 1.279627734103189640e+00 1.414306130182048760e+00 -1.014583257532124666e-01
2.516013496978236064e-01 1.373298465186709505e+00 1.551329862615101529e+00 1.570920456692960432e+00
1.479644518987896396e+00 1.482351920000597900e+00 1.664126796524419749e+00 1.604174944332014574e+00
1.570806404923615673e+00 1.568530104972645001e+00 -5.000000000000000000e+00 1.762238733183599804e+00
0.000000000000000000e+00 0.000000000000000000e+00 0.000000000000000000e+00 0.000000000000000000e+00
0.000000000000000000e+00 0.000000000000000000e+00 0.000000000000000000e+00 0.000000000000000000e+00
0.000000000000000000e+00 0.000000000000000000e+00 0.000000000000000000e+00 0.000000000000000000e+00
-5.000000000000000000e+00 2.757760479837592094e+00 2.757760479837592094e+00 2.469378833053426980e+00
2.609872455845712480e+00 2.913432084039570658e+00 2.913432084039570658e+00 2.609872455845712480e+00
2.757760479837592094e+00 3.077296930567968936e+00 3.077296930567968936e+00 2.757760479837592094e+00
2.913432084039570658e+00 3.249786242703124994e+00 -5.000000000000000000e+00 2.913432084039570658e+00
0.000000000000000000e+00 0.000000000000000000e+00 0.000000000000000000e+00 0.000000000000000000e+00
-4.987849999999999895e+00 3.585630197831915833e+00 1.757038575628389721e+00 -2.270714424999999842e-02
-3.061490610412500105e-02 3.814282151585948633e+00 -3.137836650952500334e-02 -2.638917138550000291e-02
0.000000000000000000e+00 0.000000000000000000e+00 0.000000000000000000e+00 0.000000000000000000e+00
-5.000000000000000000e+00 -1.092752868927250876e-01 -1.092871610204131511e-01 -1.136622872740489093e-01
-1.131322973408846883e-01 -1.070000345724967106e-01 -5.000000000000000000e+00 -1.129008283053130335e-01
0.000000000000000000e+00 0.000000000000000000e+00 0.000000000000000000e+00 0.000000000000000000e+00
-5.000000000000000000e+00 -9.827601281962697333e-02 9.976120169300921603e-01 -1.039951069666252281e-01
-9.943760300815264463e-02 -9.525094043852332104e-02 1.304587869463880612e+00 -4.999999978476639129e+00
7.455212972206601840e-01 -4.999999999999961808e+00 1.398063006925176488e+00 -9.719031665365501782e-02
8.905030049926682123e-01 9.743658585854400034e-01 1.482373960203824614e+00 1.010814870653017561e+00
1.340138763191991433e+00 6.402402978228071140e-01 1.543922224524013398e+00 1.570920449160550403e+00
1.344241892846215203e+00 7.887182900791522844e-01 1.530084911053994690e+00 1.664116382279941186e+00
-2.676959541734139081e-02 3.202594753766626612e-01 2.463787233060926063e+00 -4.999999999995292654e+00
1.856996149793644912e+00 9.248807988233486155e-01 2.609828471178158971e+00 -4.999999993542991739e+00
2.465930489424074779e+00 1.835692192668777478e+00 2.757760479832714662e+00 -4.999901584999999926e+00
2.609872455794130186e+00 2.609872455845625883e+00 2.913432084039570658e+00 2.609872455845712480e+00
2.757760479837592094e+00 -5.000000000000000000e+00 3.077296930567968936e+00 2.757760479837592094e+00
2.913432084039570658e+00 3.249786242703124994e+00 3.249786242703124994e+00 2.913432084039570658e+00
3.077296930567968936e+00 3.431353939687499910e+00 3.431353939687499910e+00 3.077296930567968936e+00
3.249786221314641566e+00 3.622477831249999891e+00 3.622473163356013437e+00 -4.999999999999961808e+00
3.431285811916671591e+00 3.823660874999902148e+00 3.819336105894436617e+00 3.298394497456660357e+00
3.558968277366270083e+00 4.035432413762960024e+00 3.394447994099962340e+00 3.461387868402634904e+00
-1.027944296837338123e-01 -1.034386185621584686e-01 -1.055962280443502599e-01 -4.999999999995292654e+00
-1.065226945047191009e-01 -5.000000000000000000e+00 -1.048056054016332228e-01 -1.124419395211860295e-01
-1.074060491472206558e-01 -1.024210289438158561e-01 -5.000000000000000000e+00 -1.110884556462343603e-01
0.000000000000000000e+00 0.000000000000000000e+00 0.000000000000000000e+00 0.000000000000000000e+00
-4.999999999984309440e+00 -9.389096453907393169e-02 -9.339182472601353924e-02 -1.012806534051501339e-01
-9.622950257977305744e-02 -9.196337637417723032e-02 -4.999999999947698726e+00 -9.638138348360195118e-02
0.000000000000000000e+00 0.000000000000000000e+00 0.000000000000000000e+00 0.000000000000000000e+00
-4.999999999984309440e+00 -8.394765306650359138e-02 -8.495638147088342695e-02 1.343523125414754604e+00
-8.728881712839456353e-02 -8.190492151669998000e-02 1.343370452063036291e+00 -8.216532791612513043e-02
-8.258301294816478011e-02 1.324800969122814920e-01 2.005732733023956715e+00 1.409820378242467864e+00
1.068735962918264448e+00 1.056095319546690003e+00 -7.016482758974375289e-02 2.315725930563632406e+00
1.881339196240093381e+00 -6.632469328400153463e-02 -6.634806010575879098e-02 -6.781168354613904825e-02
-7.032480561573326017e-02 2.124674638734240784e+00 -6.293556212850055787e-02 -6.249864465805868990e-02
3.301603048235620674e-01 2.331416607917534467e+00 -4.999997342794999966e+00 2.757760479837589873e+00
0.000000000000000000e+00 0.000000000000000000e+00 0.000000000000000000e+00 0.000000000000000000e+00
-5.000000000000000000e+00 -5.000000000000000000e+00 3.431353939687499910e+00 3.077296930567968936e+00
3.249786242703124994e+00 3.622477831249999891e+00 3.622477831249999891e+00 3.249786242703124994e+00
3.431353939687499910e+00 3.823660874999999848e+00 3.823660874999999848e+00 3.431353939687499910e+00
3.622477831249999891e+00 4.035432499999999756e+00 4.035432499999988210e+00 3.622477831244387936e+00
3.823660874999998960e+00 4.258350000000000080e+00 4.035403390277492619e+00 3.823624153386916191e+00
-1.020929400880613985e-01 -9.879738944006687118e-02 -4.999999999999988454e+00 -1.020553379568353569e-01
0.000000000000000000e+00 0.000000000000000000e+00 0.000000000000000000e+00 0.000000000000000000e+00
-5.000000000000000000e+00 -9.788375586474860890e-02 -9.834320535543514263e-02 -1.052023465022845494e-01
-9.964453818105424576e-02 -9.564570537494540559e-02 -9.318245159151489210e-02 -4.999999999418869301e+00
-9.403596965309823918e-02 -9.253471927665797570e-02 -8.868594120125232461e-02 -9.846059001450835346e-02
-9.274962778495197957e-02 -8.804257859088319982e-02 -8.710679844133802086e-02 -9.369892650766906139e-02
-8.839411130065588651e-02 -8.699452596098894430e-02 -8.166359572557893576e-02 -4.999999993542991739e+00
-7.987811798912344829e-02 -8.131687296715589541e-02 -8.171512556407742323e-02 -8.131870275471916876e-02
-8.338227668659355107e-02 -7.976481385159296666e-02 8.372836301001346238e-02 -8.330871381565187195e-02
-7.737985131564519004e-02 -7.359911805860072653e-02 8.396933518129339191e-01 -7.881841000406328290e-02
-7.579078276316023044e-02 8.648518224429786738e-02 -6.676756690323518151e-02 1.999083073058801396e+00
-6.272573857700562694e-02 -4.999901584999999926e+00 3.299209970881582937e-02 -6.887251398429794502e-02
-6.438210155002088708e-02 -5.948915194191603528e-02 2.447405021855342255e+00 -6.407684943778199638e-02
2.100505368361603065e+00 -4.987849999999999895e+00 -4.987849999999999895e+00 2.606494106296975310e+00
0.000000000000000000e+00 0.000000000000000000e+00 0.000000000000000000e+00 0.000000000000000000e+00
0.000000000000000000e+00 0.000000000000000000e+00 0.000000000000000000e+00 0.000000000000000000e+00
-4.999999999999961808e+00 3.823660874999978976e+00 3.823660874999999848e+00 3.431353939687411980e+00
3.622477831249999891e+00 4.035432499999999756e+00 4.035432499999999756e+00 3.622477831249999891e+00
3.823660874999999848e+00 4.258350000000000080e+00 4.258349999997009583e+00 3.823660874999999848e+00
4.035432499904462844e+00 4.493000000000000327e+00 4.257925194715581618e+00 4.035423922314203438e+00
-9.826212090598168691e-02 -9.670557456244636974e-02 -9.700440805044900638e-02 -1.031032997975032534e-01
-9.700237255935628689e-02 -4.999970475499999623e+00 -9.775225086653226148e-02 -4.999997342794999966e+00
-9.771717134318318176e-02 -9.380312260156180304e-02 -9.499606857699065265e-02 -1.004861337193127813e-01
-9.663238626950394761e-02 -9.217112506533392535e-02 -9.317015128482183939e-02 -9.577491592623846306e-02
-9.501050719738540762e-02 -9.019734657418532198e-02 -8.851027410481748792e-02 -9.280565884785303699e-02
-9.199204526696752593e-02 -8.673430227859067754e-02 -8.576804328895702711e-02 -9.024831816224064551e-02
-8.889557345123724752e-02 -8.170126971086054402e-02 -8.205238448512967853e-02 -8.715052743153510473e-02
-8.383275570728197790e-02 -8.003246364297507409e-02 -7.841444682882872663e-02 -8.345965452625214720e-02
-7.922258731801082310e-02 -7.508628179586197826e-02 -7.805104215837177506e-02 -7.952308337125675586e-02
-7.546146538710969687e-02 -4.999991142649999887e+00 8.604076941686784885e-02 -7.575888610981121318e-02
-7.684336070333669388e-02 -6.561712690985688212e-02 -4.999999202838499635e+00 1.724686103070807719e-01
0.000000000000000000e+00 0.000000000000000000e+00 0.000000000000000000e+00 0.000000000000000000e+00
-4.999671949999999754e+00 -5.214553126504430786e-02 -4.999901584999999926e+00 1.565973664981362257e+00
0.000000000000000000e+00 0.000000000000000000e+00 0.000000000000000000e+00 0.000000000000000000e+00
-4.865000000000000213e+00 -3.286710100020716341e-02 2.526183528062091010e+00 -4.549999999999999822e+00
-3.002164234124999470e-02 -2.356210674999999546e-02 3.823560216577595927e+00 -4.865000000000000213e+00
3.620707568979777413e+00 4.035432439858189113e+00 4.035432499999999756e+00 3.622468216405052566e+00
3.823660874999999848e+00 4.258350000000000080e+00 4.258350000000000080e+00 3.823660874999999848e+00
4.035432499999999756e+00 4.493000000000000327e+00 4.493000000000000327e+00 4.035432499999999756e+00
4.258350000000000080e+00 4.740000000000000213e+00 4.492999999999996774e+00 4.258349997912766582e+00
-9.645132939875042388e-02 -9.612048810572379476e-02 -4.999999993542991739e+00 -9.630470073479294180e-02
0.000000000000000000e+00 0.000000000000000000e+00 0.000000000000000000e+00 0.000000000000000000e+00
-4.999999999999872990e+00 -9.056060377759607427e-02 -9.130961663396318373e-02 -9.484663225667960829e-02
-8.977361552485269014e-02 -9.635183438767574993e-02 -8.889118549901638133e-02 -8.969589163581817570e-02
-9.299606598086472553e-02 -9.033666500171423641e-02 -8.688412668561781849e-02 -8.954842102314836128e-02
-8.942034354397214446e-02 -4.999999998062897077e+00 -8.145219693245475678e-02 -8.446518789982782049e-02
-8.695642340997063180e-02 -7.835323932882662379e-02 -7.708666953426937529e-02 -8.160855726014573652e-02
-8.104133788812659112e-02 -4.999901584999999926e+00 -7.482029270236045804e-02 -8.167415288291735020e-02
-7.511543968309192243e-02 -6.987112328747346890e-02 -4.999901584999999926e+00 -7.878621785600782579e-02
0.000000000000000000e+00 0.000000000000000000e+00 0.000000000000000000e+00 0.000000000000000000e+00
-4.999999202838499635e+00 -5.999847223805115926e-02 -5.860061482854876658e-02 -7.179667829366466469e-02
-6.244594620422480591e-02 -5.217608885731793433e-02 -5.205676528584467916e-02 -4.999901584999999926e+00
-5.213667346209496095e-02 -4.516633427904366560e-02 4.863085307454780848e-01 -5.947328578893478629e-02
-5.043363898339325857e-02 -4.506886565865714928e-02 1.073072528982058405e+00 -4.865000000000000213e+00
6.459224701293790893e-01 8.229772960864977227e-01 3.000724212138898395e+00 -3.202009441574999588e-02
2.217442640136341403e+00 1.796696666644214346e+00 4.022989507589020519e+00 3.291478936914929321e+00
3.778752029355056496e+00 3.538393706239645553e+00 4.258349999999368585e+00 3.823580981070649365e+00
4.035432480474275607e+00 -4.999999999999988454e+00 4.493000000000000327e+00 4.035432499733071054e+00
4.258350000000000080e+00 4.739999999999911395e+00 4.740000000000000213e+00 4.258350000000000080e+00
4.493000000000000327e+00 5.000000000000000000e+00 4.740000000000000213e+00 4.493000000000000327e+00
-9.707832407515679107e-02 -9.553360165689336880e-02 -9.614805308130500161e-02 -9.874793534075113066e-02
-9.473930052136336766e-02 -9.555325806615591611e-02 -9.384714493212366337e-02 -4.999997342794999966e+00
-8.949278184167094863e-02 -8.902484779526251280e-02 -9.280580343187967707e-02 -9.419244854642326581e-02
-9.315445431182522995e-02 -9.403795521272610702e-02 -9.345507686945531134e-02 -9.240749519751745300e-02
-9.318152503942406240e-02 -8.907459931785832730e-02 -4.999970475499999623e+00 -9.078113212451181802e-02
0.000000000000000000e+00 0.000000000000000000e+00 0.000000000000000000e+00 0.000000000000000000e+00
-4.998906500000000364e+00 -7.240740754545731128e-02 -4.998906500000000364e+00 -8.123880304279407216e-02
0.000000000000000000e+00 0.000000000000000000e+00 0.000000000000000000e+00 0.000000000000000000e+00
-4.996355000000000324e+00 -6.503719094674388634e-02 -6.505549688653013141e-02 -6.612031840661238002e-02
-6.913717223825284475e-02 -6.301396911564331738e-02 -5.826197278062586471e-02 -4.999997342794999966e+00
-5.384649141841842818e-02 -5.640356876514746737e-02 -5.463543259266122332e-02 -6.181747575912521775e-02
-5.476289681121324776e-02 -5.255322983058777903e-02 -5.309838144822220940e-02 -5.893294207771749421e-02
-5.143770505138805377e-02 -4.909574574962484450e-02 5.927546776192604144e-02 -5.109515882595463271e-02
9.315808595402319536e-04 -4.287365811314266389e-02 3.335558710215306144e-01 -4.426376950379955211e-02
-4.445735599930165927e-02 -3.445533788068749770e-02 2.665081910916606844e+00 -3.478924301351966203e-02
-3.421535221693750017e-02 1.541532790374181838e-01 1.698723137241316739e+00 3.683239277433898451e+00
-3.167594411099999840e-02 2.804789235861379737e+00 -4.865000000000000213e+00 4.004760923830458452e+00
0.000000000000000000e+00 0.000000000000000000e+00 0.000000000000000000e+00 0.000000000000000000e+00
-4.999901584999999926e+00 4.739811962212071350e+00 4.999999999999961808e+00 4.492999999999999439e+00
0.000000000000000000e+00 0.000000000000000000e+00 0.000000000000000000e+00 0.000000000000000000e+00
