-5.371780951508918767e-01 -4.602411864380360762e-01 -4.601772087279401013e-01 -5.371780766794551631e-01
-5.371742249616527909e-01 -3.791730346194499002e-01 -3.791329061767128583e-01 -4.601852613567305461e-01
-4.601787903971140681e-01 -2.938471244346259614e-01 -2.938196898403017676e-01 -3.791450363842976956e-01
-3.791298595586830578e-01 -2.040450594438230070e-01 -2.040206049786358333e-01 -2.938371433689659362e-01
-2.938338707749051926e-01 -1.095204682099475135e-01 -1.093773392579136944e-01 -2.040118693022243135e-01
-2.040130300255400542e-01 -1.001119317418129769e-02 -9.822556293197778204e-03 -1.093358764494045260e-01
-1.093360622897155271e-01 9.488350788824062576e-02 9.492409355379174962e-02 -9.830768974702261756e-03
-9.835033295524726188e-03 2.051852840939372702e-01 9.489100647650609843e-02 9.491848872030911322e-02
-4.602513465266458437e-01 -5.094693167455431881e-01 -3.791686157847993788e-01 -5.372146960735811883e-01
-4.602663304485832829e-01 -4.300448290793023598e-01 -2.938456099974408042e-01 -4.601885873192678722e-01
-3.791870758405311848e-01 -3.469497336225509376e-01 -2.040451553642260440e-01 -3.791355287498114901e-01
-2.939384529971301174e-01 -5.000000000000000000e+00 -1.095205853195338336e-01 -2.938268565372402774e-01
-2.040500959007934545e-01 -1.023385400444003397e-02 -1.001427158333986593e-02 -2.040355314757124339e-01
-1.095240065024499221e-01 9.461219990935812452e-02 9.479899085535914427e-02 -1.095111484549791264e-01
-9.985252928205567979e-03 2.050862617518633968e-01 2.051832485284606211e-01 -9.825544200860181210e-03
9.491941740591482157e-02 3.212488065213030541e-01 2.051844311112087649e-01 9.491152932797945752e-02
-5.097055183187199079e-01 -4.316826046527938998e-01 -4.300893104327354610e-01 -4.603475204883471505e-01
-5.103859559029346737e-01 -3.501610181006034050e-01 -3.469432567948894652e-01 -3.793186807431602747e-01
-4.319984770266712681e-01 -2.598949224029438732e-01 -5.000000000000000000e+00 -2.938947491314642946e-01
0.000000000000000000e+00 0.000000000000000000e+00 0.000000000000000000e+00 0.000000000000000000e+00
-5.000000000000000000e+00 9.102564104821455823e-03 9.453233284655901403e-02 -1.097155773415786906e-01
-1.021302591612533069e-02 -5.000000000000000000e+00 2.048550019805274458e-01 -1.001425577693304883e-02
9.458113252799188464e-02 3.211668952384868492e-01 3.212195786838115130e-01 9.477527526740103792e-02
2.050766192553136469e-01 4.434385821546866224e-01 3.212456820378606359e-01 2.051786846796988528e-01
-4.317593700345289665e-01 -5.129523079791947771e-01 -3.490911456544210645e-01 -5.116211353652914129e-01
-4.324443516433132406e-01 -4.464610007039684358e-01 -2.604334771573281193e-01 -4.347953617084046596e-01
-3.584087503491762972e-01 -3.482293434435125845e-01 -1.680853382869255397e-01 -3.489149945343282821e-01
-2.951686108339440784e-01 -5.000000000000000000e+00 -7.130161591864389581e-02 -5.000000000000000000e+00
-1.733736371480919802e-01 1.175164513291016288e-01 -5.000000000000000000e+00 -1.040495617438410778e-02
0.000000000000000000e+00 0.000000000000000000e+00 0.000000000000000000e+00 0.000000000000000000e+00
-5.000000000000000000e+00 4.431324207796022985e-01 4.434128131011700891e-01 2.047008463378249543e-01
3.212161495163934344e-01 5.720576892187206886e-01 4.432848040491751962e-01 3.211751784513090513e-01
-5.142952200217045799e-01 -5.212001235964996981e-01 -4.420510935620423076e-01 -4.330355812459728004e-01
-5.210919436469952926e-01 -5.000000000000000000e+00 -3.580000481773643051e-01 -3.803480506708538655e-01
-4.616718124046011451e-01 -5.000000000000000000e+00 -5.000000000000000000e+00 -2.607728538327185319e-01
0.000000000000000000e+00 0.000000000000000000e+00 0.000000000000000000e+00 0.000000000000000000e+00
-4.999999760851549624e+00 -1.804606209917699877e-01 2.911778783811773130e-01 -1.419076145015460977e-01
-1.059282602508278409e-01 -1.438499999999999779e-01 4.367071333530223032e-01 -4.999671949999999754e+00
2.920074653334419068e-01 -4.999970475499999623e+00 5.720006523151979216e-01 3.208808514349298924e-01
4.431649211437493907e-01 7.074336075985553363e-01 5.720441369639600593e-01 4.431928069937326464e-01
-5.210888051324391590e-01 -4.434603725203565827e-01 -5.000000000000000000e+00 -5.387420413681333065e-01
0.000000000000000000e+00 0.000000000000000000e+00 0.000000000000000000e+00 0.000000000000000000e+00
0.000000000000000000e+00 0.000000000000000000e+00 0.000000000000000000e+00 0.000000000000000000e+00
-3.500000000000000000e+00 -6.999999999999999278e-02 0.000000000000000000e+00 0.000000000000000000e+00
-9.099999999999999756e-02 -4.996355000000000324e+00 -9.919000000000000039e-02 -1.894764479999999918e-01
-1.578149999999999831e-01 -6.999999999999999278e-02 -4.549999999999999822e+00 -6.999999999999999278e-02
0.000000000000000000e+00 0.000000000000000000e+00 0.000000000000000000e+00 0.000000000000000000e+00
-4.999999993542991739e+00 8.499363855608768059e-01 7.074240701004276266e-01 5.719021151642579293e-01
-4.428547806839329692e-01 -3.615768568230159352e-01 -4.999999999999999112e+00 -5.172496329593639919e-01
0.000000000000000000e+00 0.000000000000000000e+00 0.000000000000000000e+00 0.000000000000000000e+00
-3.500000000000000000e+00 0.000000000000000000e+00 -6.999999999999999278e-02 -3.500000000000000000e+00
0.000000000000000000e+00 -3.500000000000000000e+00 -3.500000000000000000e+00 0.000000000000000000e+00
0.000000000000000000e+00 0.000000000000000000e+00 0.000000000000000000e+00 0.000000000000000000e+00
-3.500000000000000000e+00 0.000000000000000000e+00 0.000000000000000000e+00 0.000000000000000000e+00
0.000000000000000000e+00 0.000000000000000000e+00 0.000000000000000000e+00 0.000000000000000000e+00
-4.999671949999999754e+00 9.999343899999999508e-01 8.483056582000000345e-01 7.073552268805191057e-01
-3.610746449976772743e-01 -3.621691864828492924e-01 -2.795349667476413891e-01 -4.400496837907716952e-01
-3.619560740671834975e-01 -2.738046728944065755e-01 -1.918465621500327900e-01 -4.999970475499999623e+00
-2.670419277648177214e-01 -9.729999999999999760e-02 -4.999671949999999754e+00 -9.729999999999999760e-02
0.000000000000000000e+00 0.000000000000000000e+00 0.000000000000000000e+00 0.000000000000000000e+00
0.000000000000000000e+00 0.000000000000000000e+00 0.000000000000000000e+00 0.000000000000000000e+00
0.000000000000000000e+00 0.000000000000000000e+00 0.000000000000000000e+00 0.000000000000000000e+00
0.000000000000000000e+00 0.000000000000000000e+00 0.000000000000000000e+00 0.000000000000000000e+00
0.000000000000000000e+00 0.000000000000000000e+00 0.000000000000000000e+00 0.000000000000000000e+00
