-1.808608855285806852e-02 -9.339360207845147019e-03 -7.992327363392202205e-03 -1.834789215786186700e-02
-1.838207282090264377e-02 2.146531908143839342e-03 2.300706766139823910e-03 -9.056511305646360380e-03
-8.304931926420976163e-03 1.284854024224138871e-02 1.303426537247816958e-02 1.146650696835920923e-03
1.808507679876099642e-03 2.926322223758645591e-02 2.889049767383628647e-02 9.618192730745893718e-03
9.459117205564101724e-03 4.497822559643648022e-02 3.186857852996832774e-02 2.756412203973256439e-02
2.620507876636551242e-02 4.518813463157941163e-02 -5.000000000000000000e+00 3.029556535211493790e-02
0.000000000000000000e+00 0.000000000000000000e+00 0.000000000000000000e+00 0.000000000000000000e+00
-5.000000000000000000e+00 -1.091311441510941088e-01 -1.067259578096430850e-01 -1.111971503682394197e-01
-1.113802765685001639e-01 -4.426673334448378433e-02 -1.020966067474491923e-01 -1.038433659931831121e-01
-6.844712356448118262e-02 -9.978888545421450706e-02 -9.772387764803761034e-02 -1.021194712352428979e-01
-1.019330347306536266e-01 -9.421115515918757066e-02 -9.426177379962959180e-02 -9.794718025348106427e-02
-9.703259773651409792e-02 -9.328136052667311551e-02 -8.900002509619998892e-02 -9.436012009899766295e-02
-9.256932807623552417e-02 -9.045350034492913305e-02 -8.318588917798215576e-02 -8.845200359874820506e-02
-8.354485062693679798e-02 -8.600983645893936491e-02 -8.146529847220498888e-02 -8.248455532855940298e-02
-8.444754650669065998e-02 -8.254877687713658985e-02 -8.171077044719790572e-02 -8.028963692788952666e-02
-8.301576556025293263e-02 -8.306983851566310251e-02 -8.125430205925920912e-02 -8.177250249190139153e-02
-9.057831490670603669e-03 -4.226460424675558200e-03 1.991421708853098344e-03 -1.927153792233348220e-02
-9.068670340709919508e-03 6.529738282007594569e-03 1.299705802216105655e-02 -9.740154739807455747e-03
1.316935124110632342e-03 1.807150363375048183e-02 2.631109888901009969e-02 1.939317902891581459e-03
1.410837519277807761e-02 3.489922877713548532e-02 4.701980800205082800e-02 1.610734135060259975e-02
3.085484025403260194e-02 6.238900652722863260e-02 5.010949768468395127e-02 2.360594128364107772e-02
3.469086234404453184e-02 6.767343031129721687e-02 5.674731948793195618e-02 2.402193047045429741e-02
3.615290907375613011e-02 7.297564769383758920e-02 3.620526167404743145e-02 -5.000000000000000000e+00
4.874364669583602927e-02 5.410531674804567454e-02 -5.684275824816557854e-03 -1.112567320398688414e-01
2.238702514844236047e-02 -5.000000000000000000e+00 -1.001350799338530662e-01 -1.067058180324559763e-01
-1.048593202236579314e-01 -5.000000000000000000e+00 -9.488586216617431179e-02 -1.027680965299171967e-01
-1.000341996533599537e-01 -8.935975008428789779e-02 -9.370282678434127543e-02 -9.771935149084111372e-02
-9.333222591438056215e-02 -8.860750532645715605e-02 -8.969162078605431854e-02 -9.447376621468213387e-02
-9.128321802497058046e-02 -8.712842248947938462e-02 -8.708571746816384795e-02 -8.693057096259423910e-02
-8.856236002583968425e-02 -8.159581602601544137e-02 -8.419046969704954697e-02 -8.558379412517583273e-02
-8.532820937302428022e-02 -8.285975039547718857e-02 -8.266961234866573860e-02 -8.257038353764081795e-02
-8.193636886853729318e-02 -7.943870077502290794e-02 -8.411919896583484879e-02 -8.461767259767402627e-02
-6.200923176468088951e-03 -2.258793241017931913e-02 6.812831674361385405e-03 -1.173221714381652084e-02
-7.184083520915195489e-03 -1.099205844178315419e-02 2.107134754937704108e-02 -1.359489913507594839e-03
4.420314036320698026e-03 6.776626647076692579e-03 3.414839220276191106e-02 1.059458057432146987e-02
6.836395171686712041e-03 -5.000000000000000000e+00 6.050479529641481641e-02 2.403925244780448500e-02
4.563243634556642114e-02 7.706544069020028476e-02 7.208040858474086543e-02 4.431382232902413010e-02
5.531577177768232101e-02 9.184900770366548339e-02 7.345394859950743482e-02 5.255630359631480869e-02
6.468745899341712957e-02 9.228802128120171255e-02 5.434119613203700766e-02 5.063886377536595818e-02
7.285875772130524786e-02 2.687959696015286559e-02 -5.000000000000000000e+00 -7.459406077543348501e-03
0.000000000000000000e+00 0.000000000000000000e+00 0.000000000000000000e+00 0.000000000000000000e+00
0.000000000000000000e+00 0.000000000000000000e+00 0.000000000000000000e+00 0.000000000000000000e+00
-4.999999999999996447e+00 -8.420531019630161929e-02 -8.719666256433972196e-02 -9.394522380688186125e-02
-8.532572552684873635e-02 -8.405989440101049870e-02 -8.574126220535686904e-02 -9.364804884369261340e-02
-8.784558878687930006e-02 -8.407678813294992837e-02 -8.207081625821642523e-02 -8.802025723372083887e-02
-8.436889829394099427e-02 -8.063899468505025814e-02 -8.198410893237212393e-02 -7.961414618140209842e-02
-8.185873606748872433e-02 -7.806399897792692943e-02 -8.243452392284364438e-02 -7.968353085960955262e-02
-7.738551627558554191e-02 -7.945188939103497994e-02 -8.163555726772199483e-02 -8.269303106196360109e-02
-5.259866858522482119e-02 -6.929690551592310177e-02 -2.181422482576577532e-02 -6.606213854647453171e-03
-2.716993372187447714e-02 -2.189626687748265355e-02 7.231027969598723473e-03 -4.847462017300521731e-02
-8.352924731044394577e-03 5.088348839164966164e-03 -5.000000000000000000e+00 1.834040812835251860e-02
0.000000000000000000e+00 0.000000000000000000e+00 0.000000000000000000e+00 0.000000000000000000e+00
-5.000000000000000000e+00 8.814385951603063984e-02 9.204604759300223649e-02 6.263783454826997443e-02
7.707448340953215737e-02 1.074966757959690544e-01 9.813127784568652368e-02 7.348713354911262652e-02
8.457336686205892129e-02 1.117262665026698826e-01 1.176743308191189191e-01 7.334623566721656940e-02
9.011996192598581423e-02 1.467351339637780749e-01 5.383852362384679291e-02 5.356188757533433820e-02
1.064637491152093385e-01 -9.782257018911633129e-02 -9.169180504531722342e-02 -5.000000000000000000e+00
-9.671434252945736165e-02 -5.000000000000000000e+00 -8.599221425876558966e-02 -5.000000000000000000e+00
-9.152814984277853061e-02 -8.243129269044817409e-02 -8.101681953682951520e-02 -8.904566468632170440e-02
-8.390013582727538777e-02 -7.849130243782706517e-02 -7.908087151051398922e-02 -8.797382054721258893e-02
-8.059247821668041878e-02 -7.904271647492101815e-02 -8.040524113181768406e-02 -8.558014326627488844e-02
-8.066322857350931297e-02 -5.825692680319622535e-02 -7.956115153984005817e-02 -7.723509356796068315e-02
-6.707613502024860341e-02 -4.667843572363055554e-02 -7.643521444253879860e-02 -7.739737868436022405e-02
-7.662050778662775341e-02 -7.433505508963257624e-02 -7.849822149852493658e-02 -8.121416967168670897e-02
-7.513364419479806600e-02 -1.013044898633011920e-01 -4.221944733409517536e-02 -5.676057057132211092e-02
-6.901442063966502227e-02 -7.125953126747119892e-02 -1.162573453850720279e-01 -4.800863984675110378e-03
-4.387910565214222375e-02 1.512727347466238242e-02 3.350576552623611010e-02 -3.551241974083884506e-02
-3.224299501822373848e-02 6.098101238204742952e-02 9.061470497835109883e-02 -5.000000000000000000e+00
6.668187290842955695e-02 1.101370916227715352e-01 1.049460393443508860e-01 6.144520075248576657e-02
9.326621818450817059e-02 1.288797985238775423e-01 1.112992325502279445e-01 9.151352757372359370e-02
1.114004119082060706e-01 1.309832701283900891e-01 1.283665688735029231e-01 8.490503429389011092e-02
1.059294309631658854e-01 1.763732861768829430e-01 5.478361972792042400e-02 1.055842412417721810e-01
6.992610936473600547e-02 -9.271392382049420400e-02 -5.000000000000000000e+00 5.677102490285725056e-02
0.000000000000000000e+00 0.000000000000000000e+00 0.000000000000000000e+00 0.000000000000000000e+00
-4.999999999995292654e+00 -7.843753852969968798e-02 -7.734343164026688533e-02 -8.127656232540469983e-02
-7.605196083376673799e-02 -4.999999999418869301e+00 -7.537850411139451756e-02 -8.235993611924802282e-02
-7.602292531074848758e-02 9.881903331595415230e-04 -7.454217876424594491e-02 -8.131176346511242992e-02
-7.791608789195204887e-02 -2.727696204706401423e-02 -4.867621939116326124e-02 -7.079297950926130567e-02
-3.777722834092372972e-02 -6.445653474214049772e-02 -7.628396333542948604e-02 -5.582876388365745624e-02
-7.415825187150329456e-02 -7.292273417361738730e-02 -7.111406058265359875e-02 -7.927880556791924715e-02
-1.074368850140273862e-01 -5.000000000000000000e+00 -3.789429517982442763e-02 -1.268926278841547572e-01
-1.073886046735187255e-01 -6.379447132090061701e-02 -3.387761152717161384e-03 -7.217973307434497054e-02
-7.726545612639548755e-02 2.192053586938005894e-02 5.639338102743790548e-02 -3.146395578010237337e-02
3.687736234308043592e-02 9.309448087696281515e-02 9.772155284319870849e-02 2.202883217903789381e-02
6.505700608153468234e-02 1.244017362577996277e-01 1.296511825064207701e-01 9.456592578202746568e-02
1.100939864752107089e-01 1.484133853528376845e-01 1.408784473023866057e-01 1.096712485747124988e-01
1.133715702670798631e-01 1.644478985790906456e-01 1.731565580463541310e-01 1.108553646001479293e-01
1.436589716541888662e-01 1.996647427870201219e-01 8.880817085810409350e-02 9.164018440582136216e-02
1.406260950862078807e-01 -8.733039602836029092e-02 -5.000000000000000000e+00 1.027647939103698560e-02
0.000000000000000000e+00 0.000000000000000000e+00 0.000000000000000000e+00 0.000000000000000000e+00
-4.999901584999999926e+00 -7.501748679358229144e-02 -4.996355000000000324e+00 -7.579605730707303368e-02
0.000000000000000000e+00 0.000000000000000000e+00 0.000000000000000000e+00 0.000000000000000000e+00
-4.999999760851549624e+00 6.266195389916133507e-02 -6.843441633616660635e-02 -7.157701021603569969e-02
-7.260257704110789634e-02 -1.131571363512336864e-02 -6.510116630351596434e-02 -4.209977153617214252e-02
-6.623610025487614017e-02 -5.598845189906549724e-02 -7.141701783910472945e-02 -7.201677916349157049e-02
-6.912950874823885206e-02 -6.588234324725963931e-02 -7.169851230118899632e-02 -7.745029212843597410e-02
0.000000000000000000e+00 0.000000000000000000e+00 0.000000000000000000e+00 0.000000000000000000e+00
-5.000000000000000000e+00 -1.119359337638659579e-01 -1.113000866669352357e-01 -1.921747330028444542e-02
-5.755097840762959244e-02 -2.296691964147888620e-02 7.226300879171847213e-02 -1.120496521476362084e-01
4.568658858247214016e-02 8.422324628370513738e-03 1.204607620223279996e-01 7.104212346361986341e-02
9.556717986127505338e-02 8.668756698011516326e-02 1.481161080337232150e-01 1.072159863444822475e-01
1.280848826217542147e-01 1.163152545701891805e-01 1.672363076219071376e-01 1.307163694523840736e-01
1.443522826638640455e-01 1.883685596448830823e-01 1.970030742108508925e-01 1.272972317873499459e-01
1.753711702911052717e-01 2.209787452053488810e-01 2.217556622942510325e-01 1.683989846866379703e-01
1.842488960264318798e-01 2.457436807822727665e-01 1.693497881526912496e-01 1.092526821376545998e-01
1.943402741090282659e-01 1.551936935803058804e-01 2.047650040947654182e-01 -5.000000000000000000e+00
1.041228599515455905e-01 2.519938978848990652e-01 1.674073235404529014e-01 -7.865064271633076531e-02
1.874542800498902595e-01 2.463806342800327898e-01 4.090269337453224935e-02 -5.000000000000000000e+00
-3.757518075515296069e-02 1.604005591799178010e-01 -2.123894943121684004e-02 2.624805220272910175e-02
-1.267496126825219671e-02 4.297168308186254809e-02 -1.960016563845062842e-03 -2.502134378492827660e-02
-8.326973636568476417e-03 3.328325326486381713e-02 -6.422378900111920530e-02 -6.486170895899689981e-02
-5.595205128145797069e-02 -5.638295865320462619e-02 -6.564221879842051244e-02 -7.305085745728810698e-02
-1.129107687706233654e-01 -1.103503076334727551e-01 -1.100148271141027090e-01 -5.000000000000000000e+00
-1.132513429718276510e-01 -1.082550216044539521e-01 -1.107473828016644346e-01 -1.150665674533512539e-01
-1.124054525068916843e-01 -1.060787157406077597e-01 -8.606706663438656868e-02 2.594290384101521907e-02
-9.534036063182418919e-02 -5.173117179198419291e-02 2.489380278825024939e-02 1.654110388221076422e-02
-4.441184312426210701e-02 -9.740158288630958172e-03 1.048340843680776319e-01 1.120083563026865597e-01
6.228139329815667036e-02 1.307488795368853540e-01 -2.775655397757269618e-02 1.475523009605879399e-01
1.155773620749429159e-01 2.110593591245744360e-01 1.978343800469355429e-01 1.386477175836796638e-01
1.392563751265683825e-01 2.441397495480597257e-01 2.458725015135464764e-01 1.887986886120722185e-01
2.144068791334151625e-01 2.563766778416112224e-01 2.704459903263670695e-01 2.117519983383751025e-01
2.421875125143793661e-01 2.975619740550967118e-01 2.828573241416155182e-01 1.672638843311745616e-01
2.658532111426747391e-01 3.339112930384894873e-01 1.459606006346850504e-01 1.592577339473977838e-01
2.815937460641675938e-01 2.626790520407020213e-01 2.521941377940294937e-01 1.699158797713091196e-01
1.784314993951368611e-01 3.448576525804854520e-01 2.778356726429777324e-02 4.691789234418621002e-02
-5.930999322864037582e-02 8.976149608116777701e-02 2.234901880638826346e-02 -5.304354458638768297e-03
5.402690269242543114e-02 2.468305320465381814e-02 -5.984208808548407282e-02 1.062010313938283740e-02
1.457385459894578600e-02 -5.926943359482580997e-02 -5.680155802758400652e-02 -6.409353606728786235e-02
-1.086976823692605426e-01 -1.075917897109177762e-01 -1.079482131445968218e-01 -1.127717926942405774e-01
-1.107061831157964277e-01 -1.046060956563775179e-01 -1.059114919254208337e-01 -1.108432135401036245e-01
-1.047564452871634910e-01 -5.000000000000000000e+00 -1.015226770073437423e-01 -7.359339002086266734e-02
-1.061766399045729337e-01 -9.532391886634528078e-02 -2.877676188065354801e-02 -2.183356829516351627e-02
-5.196829438376286692e-02 -8.737997625124316325e-02 1.097460287124425726e-02 6.361747518663610212e-02
-9.684098962293774537e-03 -8.606758980740035481e-02 1.991830748633822423e-01 8.525569058179231774e-02
1.129373208413586849e-01 1.175668986575992975e-01 2.473303010630058529e-01 1.767492833062977720e-01
2.067771080613988732e-01 2.735725249140421034e-01 2.723816892730699935e-01 2.087840576352383570e-01
2.135950275795960029e-01 3.189276398659198208e-01 2.922065483588944246e-01 2.146255735203358161e-01
2.561787629270285693e-01 3.243207146785722639e-01 3.239889778056533887e-01 2.596728232477049092e-01
2.889163564871382595e-01 3.650801322333424581e-01 2.881896919481852226e-01 3.018304693682734574e-01
2.986829517056849848e-01 2.377092635045249813e-01 3.309314323164467830e-01 2.156490144730489333e-01
2.854928731826452681e-01 3.772867271325367478e-01 2.712879221607256697e-01 2.919598754732906087e-01
3.266846982276552236e-01 3.478661420999729081e-01 2.413540607896134949e-01 5.706769288574389115e-02
1.879644163486973163e-01 2.925203204573305071e-01 -5.746148862014696657e-02 2.637173753220531033e-02
-5.305081025744370210e-02 -4.999970475499999623e+00 -5.754513251551305469e-02 -1.459744093227854922e-02
-1.077717739827236954e-01 -1.032082036881029202e-01 -1.048244981896407357e-01 -1.100547377606952010e-01
-1.072887535851551888e-01 -1.001007099461658084e-01 -5.000000000000000000e+00 -1.087600832868817480e-01
0.000000000000000000e+00 0.000000000000000000e+00 0.000000000000000000e+00 0.000000000000000000e+00
-5.000000000000000000e+00 -8.747882772907103477e-02 -9.158526285613763362e-02 -1.009428941978404715e-01
-9.538440866727959655e-02 -4.962495646745306715e-02 -8.313612810201975734e-02 -9.520537919177705921e-02
-8.560302420914144006e-02 -1.784697940896459376e-02 8.194777022775867614e-02 -9.142145588261905986e-02
6.674475979825220118e-03 3.694808263677105964e-02 5.904505801096988915e-02 1.585442847109993780e-01
4.376578442541281116e-02 3.004530440107395783e-01 3.016076311848590596e-01 1.504996734627266908e-01
2.422502179371227582e-01 3.533231270911052491e-01 2.131769471357740364e-01 2.454996339778526271e-01
3.006483899043970731e-01 3.461622132223608483e-01 3.713799681305649525e-01 2.788104724948641810e-01
2.951286043624168354e-01 4.134443723844030139e-01 3.760078699694742177e-01 3.053761412669599440e-01
3.065546611487275919e-01 4.152421350640821962e-01 3.865436504398042095e-01 2.089758940088297101e-01
3.205387077976073473e-01 4.348065510755871887e-01 3.072448670287851180e-01 3.346520774558253697e-01
3.557359978994659166e-01 5.033229217018386770e-01 2.496339212030881383e-01 1.498095761242517754e-01
2.156838696052988946e-01 4.230451943172781060e-01 -4.998906500000000364e+00 4.351154246629948541e-03
0.000000000000000000e+00 0.000000000000000000e+00 0.000000000000000000e+00 0.000000000000000000e+00
-1.018795722431723588e-01 -9.829348042806274055e-02 -9.994025390894546723e-02 -1.078295286787745999e-01
-1.026717759967009230e-01 -9.581825297649751438e-02 -9.360702127186038002e-02 -1.038093712322412376e-01
-9.963064059707406328e-02 -9.101562445290226067e-02 -8.741508187354504744e-02 -5.000000000000000000e+00
-9.504009845663932698e-02 -8.552302114906776276e-02 -8.056146405274976219e-02 -9.413666501165485201e-02
-8.742406309863302860e-02 -7.350453628731647149e-02 1.977203584452971383e-02 -9.144506727327227080e-02
-7.950826376743168333e-02 3.900069437898557451e-02 -6.881939529987424198e-02 2.722124835732091588e-02
-7.464989134643473800e-02 1.614636148880192745e-01 2.380505110458445983e-01 -9.322272092779762542e-03
2.058300314872915093e-01 1.029065382170961107e-01 3.541025053507109166e-01 2.649154985136614182e-01
3.248837418330359217e-01 3.258932324035844763e-01 3.838859995640400147e-01 3.125686834552943716e-01
3.536783561224180472e-01 3.283283888173627596e-01 4.146886616519910862e-01 3.211509508177106675e-01
3.838489661626900418e-01 4.522432284779350220e-01 4.428688058180930143e-01 3.663584034326344829e-01
3.861075441716706469e-01 4.640992364347937826e-01 4.849020573837271031e-01 3.121160108889936002e-01
4.249708319866219441e-01 5.270906867488036607e-01 5.051368934430550128e-01 3.926312772539600759e-01
4.766766938918791663e-01 5.693317074710856351e-01 4.268970465466578879e-01 1.542214313291027095e-01
4.119160158534951321e-01 4.645190266518902655e-01 3.838052963890616898e-01 3.140748779194142415e-01
4.259997334521259393e-01 5.035159625708511832e-01 -3.348338150324999679e-02 -4.998906500000000364e+00
-9.554053912496195122e-02 -9.297376547855039364e-02 -9.611677277390634488e-02 -1.028527499667159506e-01
-9.731149747016132334e-02 -9.169002105089171795e-02 -9.085025971581478510e-02 -9.984281317199084071e-02
-9.550425674383364316e-02 -8.564511516253052459e-02 -8.549010087456719587e-02 -9.499002450299244560e-02
-9.110722039155785823e-02 -7.989330611829616180e-02 -2.125512033150993296e-02 -8.935189865577390644e-02
-8.186937954851132571e-02 -7.582848489235388678e-02 4.792463758889409925e-02 -3.062710288224775035e-02
1.855749087684374632e-02 -5.761576010442899520e-02 1.247508366976225469e-01 -7.379107117454673792e-02
9.772183851105425978e-02 5.264837591542062545e-02 2.070452776887373725e-01 5.152044536957469528e-03
1.329879252290238068e-01 1.652115787105021549e-01 2.743308113776875001e-01 2.244975786751203239e-01
1.804085073034882025e-01 -4.999999999999961808e+00 2.533443195797336900e-01 3.545901443807611964e-01
2.245563403040315709e-01 6.700601710048982584e-02 4.320624275545071891e-01 3.736219195665154147e-01
3.243825655878865288e-01 4.122978286692453032e-01 4.887819745406666860e-01 4.160634616675094044e-01
4.321976181813252937e-01 5.224992846768539145e-01 5.288952062527428888e-01 4.308976710089904572e-01
4.861334603269710231e-01 5.670812460529083276e-01 5.705846972852224308e-01 4.132817001688293690e-01
5.171383708843413363e-01 6.122786600535334856e-01 5.149835983069028789e-01 5.172054242356499687e-01
5.610455080804717110e-01 4.940179154672916240e-01 5.130560788010488649e-01 4.254092698411285900e-01
4.500131565136449296e-01 5.651461641393535906e-01 3.422437367385073315e-01 4.129510922340149381e-01
-9.000864840181210802e-02 -8.817826728973947314e-02 -8.832285268163821146e-02 -9.525856950010619384e-02
-9.290996308932172876e-02 -8.676295489478823286e-02 -8.625906861292752248e-02 -9.532831126589758064e-02
-8.599802487910125637e-02 -8.093376940799862362e-02 -8.071142681202352065e-02 -9.090303974720964630e-02
-8.543331965757280932e-02 -7.483342584865161629e-02 -6.999490450406603559e-02 -8.483254983963718632e-02
-7.900680865064599323e-02 -7.017334688666913844e-02 -6.080455031929672682e-02 -7.430962050223612059e-02
-6.950026088460664608e-02 -4.445331299374622597e-02 1.366830761333102939e-02 -4.866625749846345550e-02
-5.219894259096057032e-02 1.764114170319606295e-02 6.748625251367060263e-02 1.184329007750982293e-01
1.726674215127679130e-02 -2.248678774310199427e-02 -4.999999999998587796e+00 2.074629608252611113e-01
0.000000000000000000e+00 0.000000000000000000e+00 0.000000000000000000e+00 0.000000000000000000e+00
-4.999997342794999966e+00 -9.566436120065108240e-03 3.140021282771887634e-01 -2.342609022660440896e-02
2.101583591168858511e-01 2.738272506771879389e-01 4.524634050975661070e-01 3.327007936888048967e-01
4.102229606816158447e-01 -4.999999978476639129e+00 5.676863181607137987e-01 4.838361850245809781e-01
5.126360636810041171e-01 5.890737253142314112e-01 6.190563227393535151e-01 5.251169536325748233e-01
3.746615296953438312e-01 6.700345369017578490e-01 5.567633641546964052e-01 5.707307152221247071e-01
6.049632085919491864e-01 5.054645305659847265e-01 5.425738034015796796e-01 4.821573002821410991e-01
5.054617380085341116e-01 6.113446426937259037e-01 5.637794909328257553e-01 3.427829866151623217e-01
-8.787999101511925759e-02 -8.234887540613521073e-02 -8.614505008888480309e-02 -9.287607706384440331e-02
-8.770322097877293610e-02 -8.420678671586902253e-02 -8.106216003805936932e-02 -9.100598250657984667e-02
-8.265538865218483022e-02 -4.999999999999988454e+00 -7.529010507634656402e-02 -8.544394734586767404e-02
-8.133963524174606108e-02 -7.048392238309394986e-02 -6.981418728430717480e-02 -8.051708862163936553e-02
-7.518493089843142352e-02 -7.008338114951175035e-02 -6.342937732396372597e-02 -7.551047324681982309e-02
-6.996880607618566339e-02 -6.275947529488500043e-02 -5.860257873603628466e-03 -5.365246631715408360e-02
-3.443059705464851517e-02 -4.329457460434386895e-02 -3.167547432852467482e-02 4.927177387162520739e-02
1.462338218455139227e-02 -5.605728059005316705e-02 -5.139761088503717185e-02 -5.848263516246730159e-02
-5.773347343606689136e-02 -4.999999993542991739e+00 -4.367549769664310494e-02 -4.987849999999999895e+00
-4.963891267035750593e-02 -3.559710369267216762e-02 1.452278463464765634e-01 -4.883880438777951638e-02
7.730509307178295986e-02 1.062667734695109667e-01 -4.987849999999999895e+00 3.541170541065726263e-01
0.000000000000000000e+00 0.000000000000000000e+00 0.000000000000000000e+00 0.000000000000000000e+00
-4.999970475499999623e+00 6.079557851477416230e-01 6.424037927882935151e-01 5.680545789651816335e-01
5.941033490011099483e-01 7.241095516525850595e-01 5.619931908962169098e-01 5.935169257793788677e-01
6.357417039796996461e-01 -4.959500000000000242e+00 5.552648095105507942e-01 4.926337534266899132e-01
3.809450281217144907e-01 7.946063709443229595e-01 5.786593462160348755e-01 5.145853062232008668e-01
-8.360521468226821129e-02 -8.396744855918766848e-02 -8.383446597163927982e-02 -8.778886645408755240e-02
-8.559005796246392517e-02 -7.961522339546200921e-02 -4.999999978476639129e+00 -8.388972895324613155e-02
0.000000000000000000e+00 0.000000000000000000e+00 0.000000000000000000e+00 0.000000000000000000e+00
-4.999999999984309440e+00 -6.461891389134878649e-02 -6.545065263097538111e-02 -7.480611796790712087e-02
-6.927012438946930639e-02 -6.971917036372154985e-02 -6.874259732663599853e-02 -7.001902521120137446e-02
-6.329839405399220742e-02 -6.321966125161698757e-02 -6.380945968361750875e-02 -3.044942616381614980e-02
-6.117143883752450967e-02 -5.894526257646624801e-02 -5.760033801403363629e-02 1.944894044752692661e-02
-2.019421000698260610e-02 -5.069315490675713881e-02 -4.999999999825661234e+00 -5.534612516412269756e-02
0.000000000000000000e+00 0.000000000000000000e+00 0.000000000000000000e+00 0.000000000000000000e+00
-4.999671949999999754e+00 -2.696420824509999578e-02 1.467956913154112863e-01 -4.236001766966214499e-02
5.145841698650396867e-02 -4.549999999999999822e+00 4.445166578734212615e-01 -3.831951674546143355e-02
-3.691974942772684176e-02 3.030727910861610863e-01 5.957085435515407923e-01 -4.999901584999999926e+00
4.252792083630630993e-01 5.553860876893202958e-01 7.152637174981940626e-01 5.585830863697754944e-01
6.520698592021474393e-01 7.810142863729180318e-01 -4.998906500000000364e+00 6.402878747920819347e-01
0.000000000000000000e+00 0.000000000000000000e+00 0.000000000000000000e+00 0.000000000000000000e+00
-4.998906500000000364e+00 9.729999999999999760e-01 -6.999999999999999278e-03 5.404023175484499175e-01
-8.126998542699752359e-02 -8.489277929942595780e-02 -7.979933516086924750e-02 -8.489092079716478723e-02
-8.441831735336434439e-02 -7.914764124625885133e-02 -7.358886631811796530e-02 -8.511493549034178374e-02
-7.925015326481384126e-02 -7.610070315528617846e-02 -7.319917768458905627e-02 -4.999991142649999887e+00
-7.169484475224249809e-02 -6.802558759484376993e-02 -7.002822291446209046e-02 -6.995041159057417690e-02
-7.327576807334906794e-02 -7.049083559782394481e-02 -6.381285374896930596e-02 -7.015414459511047640e-02
-6.621584392030192834e-02 -6.656466807900324190e-02 -6.242636498207682766e-02 -6.369717107019905178e-02
-6.502695554105228370e-02 -5.755629765703810380e-02 -5.599101279938926978e-02 -5.655329048300541950e-02
-5.888702222487573329e-02 -5.191916770468928133e-02 -5.102817745617316963e-02 -4.891775030186124029e-02
-4.386336764299121616e-02 -4.479093938798264785e-02 -4.360201113626595987e-02 -4.998906500000000364e+00
-3.629797001002374457e-02 -4.077660313624340005e-02 -4.865000000000000213e+00 -3.561087918014311376e-02
0.000000000000000000e+00 0.000000000000000000e+00 0.000000000000000000e+00 0.000000000000000000e+00
-4.549999999999999822e+00 -3.015433078874999936e-02 5.250728096643398901e-01 8.265460889421261115e-02
3.820745709717604521e-01 5.494124418225949658e-01 7.283357548988499408e-01 5.914525295805527216e-01
5.481553095147219112e-01 7.778482063694680537e-01 8.489681235489998645e-01 5.312367347058466471e-01
7.504677186453999616e-01 8.186709999999999265e-01 9.729999999999999760e-01 -3.500000000000000000e+00
0.000000000000000000e+00 0.000000000000000000e+00 0.000000000000000000e+00 0.000000000000000000e+00
