-3.197076553157877310e+00 -3.275649974242798024e+00 -2.835506181369198409e+00 -3.210511864450773523e+00
-3.052540589333791576e+00 -2.911014785051836196e+00 -2.700085451415816351e+00 -2.866747368502111648e+00
-2.961236328007267105e+00 -2.819250417669082687e+00 -2.584726559235740240e+00 -2.688079528707288723e+00
-2.716429473590197485e+00 -2.543450677161665396e+00 -2.430988580397129617e+00 -2.624611302807699609e+00
-2.707772964040410901e+00 -2.231592755490622526e+00 -2.733422386232659207e+00 -2.479061522022048880e+00
-2.606834742368600466e+00 -2.153140256931162622e+00 -4.999983853769911057e+00 -2.351157303895930806e+00
0.000000000000000000e+00 0.000000000000000000e+00 0.000000000000000000e+00 0.000000000000000000e+00
-4.860935805278153943e+00 -1.391993513281149175e+00 -1.378068401784683150e+00 -1.578208963278759924e+00
-1.496876357407848301e+00 -1.306274789278097703e+00 -1.299593872415342188e+00 -1.309646474811726469e+00
-1.297935528757142132e+00 -1.234867869075720437e+00 -1.217147802958670200e+00 -1.233836740162287837e+00
-1.213683438419705718e+00 -1.074704051637756397e+00 -1.145369071172307684e+00 -1.183713985721542405e+00
-1.121701958644199415e+00 -1.059453385307186579e+00 -1.088799740677332206e+00 -1.085103812763145381e+00
-3.285185982675683292e+00 -3.222324325735600681e+00 -2.934372537308284734e+00 -3.337043503559925295e+00
-3.207607877312355971e+00 -3.111986907908748545e+00 -2.706291252393534741e+00 -3.114069690672846225e+00
-3.046140387951398409e+00 -3.022685384733325265e+00 -2.486785027388519698e+00 -2.884845552926590617e+00
-2.774128650355312420e+00 -2.924199965802984025e+00 -2.324944878839700912e+00 -2.616958526559651776e+00
-2.483991650896828496e+00 -2.588924167140076893e+00 -2.069784286561749731e+00 -2.452255559454344258e+00
-2.362335773946989459e+00 -2.401561614075443885e+00 -2.231580684281597282e+00 -2.682318374518844806e+00
-2.106721339327639164e+00 -1.806712377431795247e+00 -1.517196647078801641e+00 -4.999999955776647020e+00
-1.796523122711572107e+00 -1.419017065463265004e+00 -1.363468110771716368e+00 -1.561579299937512211e+00
-1.472875444057173411e+00 -1.192095365223846182e+00 -1.286650672896860970e+00 -1.355679519984824610e+00
-1.334470915911194044e+00 -1.137094675620198281e+00 -1.039429470629972263e+00 -1.289445108932462558e+00
-1.185125888339451761e+00 -8.888084751205617140e-01 -1.034266135981467771e+00 -1.200950714749080994e+00
-1.025410444944277799e+00 -8.941277709176091992e-01 -1.018043713807071038e+00 -1.082225550649919432e+00
-3.160487843247388184e+00 -3.120734564534665356e+00 -3.157245050318753687e+00 -3.253846983654711256e+00
-3.164552594425695364e+00 -3.138844694590694040e+00 -3.007833094083387948e+00 -3.186243774915721527e+00
-3.120704980520527805e+00 -2.930909623178211021e+00 -3.027332602097729808e+00 -3.053772214725586576e+00
-3.067044148554238792e+00 -3.535521229997869774e+00 -2.803541705894823988e+00 -2.588864850104305670e+00
-2.973181472682549398e+00 -4.999994933141911346e+00 -2.512415851451898163e+00 -2.256910452791560662e+00
-3.084158825037831342e+00 -4.999997818883735512e+00 -1.574140166993361456e+00 -2.198141768687632780e+00
-2.726085487704956734e+00 -2.496050675809036168e+00 -1.340718298716411461e+00 -2.042328346524757254e+00
-1.800218438275772437e+00 -1.318427445277031262e+00 -1.179005738531230252e+00 -1.557716410561594378e+00
-1.379784440415869673e+00 -1.153888582807793384e+00 -1.040644877403619661e+00 -1.329502349745212975e+00
-1.200463492749692662e+00 -1.001492559273919225e+00 -9.312631809839090336e-01 -1.264837418767685628e+00
-1.068091445386993188e+00 -8.372933371820978632e-01 -8.576620337489898604e-01 -1.060997481419269084e+00
-9.698038981121671620e-01 -6.014313313640872183e-01 -9.234295515930741605e-01 -1.017411975962271509e+00
-3.107776255295204848e+00 -2.967860468778045213e+00 -3.129446363364814854e+00 -3.166193930560725622e+00
-3.109966161093867143e+00 -3.115165769573891907e+00 -3.176852431626048912e+00 -3.124117459989903978e+00
-3.104533419280698148e+00 -2.575573301609968002e+00 -3.257880078662557466e+00 -3.025000276507604280e+00
-2.968818408629430916e+00 -4.956360182159561312e+00 -4.992722108285346572e+00 -2.900257903183115715e+00
0.000000000000000000e+00 0.000000000000000000e+00 0.000000000000000000e+00 0.000000000000000000e+00
0.000000000000000000e+00 0.000000000000000000e+00 0.000000000000000000e+00 0.000000000000000000e+00
-4.940137424087190254e+00 -1.276231386456389227e+00 -1.335182130106598031e+00 -1.556862719414351615e+00
-1.945353202753665078e+00 -1.142979852740106272e+00 -1.164587330771847284e+00 -1.338499927054046745e+00
-1.329927707303546702e+00 -1.051042997296859571e+00 -9.577355947763297461e-01 -1.137573125614240288e+00
-1.133470473062301531e+00 -8.638936053672028326e-01 -7.274744003919119129e-01 -1.075161512687858867e+00
-9.563693394694545713e-01 -6.016249543457580229e-01 -7.097880618247847107e-01 -9.310537174989231834e-01
-8.625360470167231508e-01 -4.166540872470194112e-01 -7.518852238371743768e-01 -9.380483307526468195e-01
-3.055147586507455326e+00 -2.787621760837244889e+00 -3.058546113561487534e+00 -3.119940110251896215e+00
-3.059716495839411632e+00 -3.035760043214944304e+00 -2.746376463378549904e+00 -3.074757623956517971e+00
-2.959892476924198768e+00 -1.992718081800254115e+00 -4.999880473705005990e+00 -3.056439131967203959e+00
0.000000000000000000e+00 0.000000000000000000e+00 0.000000000000000000e+00 0.000000000000000000e+00
-2.608515500000000209e+00 -7.123755270658990169e-01 -8.974222098564418326e-01 -3.587852317594999896e+00
-1.139747970069682204e+00 -8.406814255033241423e-01 -8.720385906027026124e-01 -4.392116727047153724e+00
-1.411427935710049875e+00 -1.112130484717977152e+00 -1.113101374111683528e+00 -1.421256561807711760e+00
-1.163126495535682814e+00 -1.038133859915020496e+00 -1.070424095129618003e+00 -1.281628089561726025e+00
-1.074197702377833741e+00 -9.751344521469819115e-01 -9.300799174316318751e-01 -1.094823201071400520e+00
-1.019403518366946537e+00 -7.301688427315212726e-01 -6.245336618836094811e-01 -1.023256431221217122e+00
-8.271108116905457885e-01 -3.760311644606426640e-01 -5.016579434556751593e-01 -7.977517171796042472e-01
-6.550772034906878760e-01 -1.239999405068683280e-01 -4.207081446096532784e-01 -6.252754805378897274e-01
-2.949115596535567985e+00 -2.588971250889375408e+00 -2.911844648970840055e+00 -3.028623878806383285e+00
-2.814895785148519014e+00 -4.999903183701055021e+00 -1.843290033795674798e+00 -2.961355069577071397e+00
-2.835911840709072429e+00 -1.341846401665212074e+00 -1.790787238370884049e+00 -3.226903140901549616e+00
-1.720689920178104293e+00 -1.018999958441066500e+00 -9.050796050446388019e-01 -4.960724163943605269e+00
-1.173182534074392658e+00 -9.350689324677405878e-01 -9.560901514723447736e-01 -1.060271577885111727e+00
-9.804810823050318369e-01 -1.201961340932187428e+00 -9.922067931095130966e-01 -1.044734096846010374e+00
-1.065523839731515654e+00 -1.065022383744528733e+00 -1.033063582926940116e+00 -1.163080226573272924e+00
-1.011238896085536521e+00 -1.033934189552686123e+00 -9.313161896077725155e-01 -1.072743682551444699e+00
-1.002226437031242590e+00 -1.034914437555314315e+00 -6.919313133198947696e-01 -1.019918146661693337e+00
-9.393879386908229323e-01 -5.597280150525705267e-01 -4.720440640166530533e-01 -8.889905123450083657e-01
-6.443642657918807748e-01 -1.727651451735839894e-01 -2.382186556513904707e-01 -6.010806101366126253e-01
-4.815099412856148620e-01 3.359681574320499964e-02 -3.345354087615738936e-01 -4.716896431691574021e-01
-2.782647362870550367e+00 -2.035432382337832191e+00 -4.994104907711131247e+00 -2.610382442790595281e+00
0.000000000000000000e+00 0.000000000000000000e+00 0.000000000000000000e+00 0.000000000000000000e+00
-4.874842224750338460e+00 -8.597969424751299439e-01 -9.006097197817167777e-01 -1.726837690248979706e+00
-1.478589771432206712e+00 -7.959235854375745767e-01 -7.971598421572763105e-01 -1.999181846612683833e+00
-9.497704849608964439e-01 -9.456703940368256234e-01 -8.864527685565949389e-01 -9.321505511931442722e-01
-7.515923864717128922e-01 -4.324574141163504137e+00 -8.124110724830693187e-01 -8.051446803989161793e-01
-1.221481745894968496e+00 -1.345484841762686568e+00 -1.275728704562169247e+00 -1.067585729635228464e+00
-8.759701247397838619e-01 -4.324574141163504137e+00 -8.679993493039315222e-01 -8.660306696230505308e-01
-9.790832333958467970e-01 -1.458696669446787997e+00 -6.092729336824749264e-01 -7.979429015136548786e-01
-9.039569979386969933e-01 -4.395518475266962932e-01 -2.089559626104587065e-01 -7.719031768062631915e-01
-4.326320379922305448e-01 5.860244038107546849e-02 -1.581003539866394636e-01 -4.405171077796840029e-01
-2.875758815223924958e-01 2.641558553916715790e-01 -5.083299633699625564e-02 -2.924294820679447793e-01
-2.188776385981997308e+00 -4.917883983658696501e+00 -1.054439322134459456e+00 -2.712373190072995488e+00
-1.812804234915934121e+00 -9.487927433020659773e-01 -8.615347104127943911e-01 -4.601167784615637579e+00
-1.005125191959687747e+00 -7.594498765716664046e-01 -7.589299156708003702e-01 -1.030033806545930908e+00
-7.228335084709515135e-01 -6.919467537459285111e-01 -8.965351814274412634e-01 -8.310531743521349934e-01
-5.793446979470440183e-01 -6.351102761322030554e-01 -4.324574141163504137e+00 -6.210506343587363087e-01
0.000000000000000000e+00 0.000000000000000000e+00 0.000000000000000000e+00 0.000000000000000000e+00
-3.729067085835499729e+00 -6.518512726936968038e-01 -2.847663950000000277e+00 -6.815467920539213242e-01
0.000000000000000000e+00 0.000000000000000000e+00 0.000000000000000000e+00 0.000000000000000000e+00
-4.452905054342438440e+00 -3.314431707951074890e-01 -3.462985461030468337e-01 -6.103753792935334710e-01
-5.694959212335359844e-01 -2.658192676615327987e-01 -2.281595850579012236e-02 -6.787481492787892368e-01
-2.741773684196557870e-01 1.667634080308635358e-01 2.608855720000968215e-01 -1.785275850944764986e-01
-3.331805558514735338e-02 4.291163634022758799e-01 1.944764558832131063e-01 2.669026187278927820e-02
0.000000000000000000e+00 0.000000000000000000e+00 0.000000000000000000e+00 0.000000000000000000e+00
-3.729067085835499729e+00 -5.056044836192683523e-01 -5.154696879183027214e-01 -1.346687234413486811e+00
-1.060778612863339188e+00 -6.255576786977077308e-01 -6.253288321042876907e-01 -6.832345497677017043e-01
-6.692984496354829060e-01 -6.250679248969450708e-01 -6.427770988212185843e-01 -6.467761374556718623e-01
-5.458011302281797761e-01 -5.342475550449860000e-01 -9.001669017095055292e-01 -1.239603474224488355e+00
-3.964444171404822859e-01 -4.098945786583256257e-01 -3.970835780665971093e-01 -3.970544339526754563e+00
-7.968124669945451100e-01 -4.525419158907866279e-01 -5.623844368376945679e-01 -1.190706701418584146e+00
-3.655978725645597782e-01 -4.223029258515271223e-01 -3.353920019947901898e-01 -3.856160377251949711e+00
-1.182131337788969505e+00 -2.729328320095859017e-01 -1.661844712951709158e-01 -3.793884431547333014e-01
-4.520447556303953118e-01 1.758239469486340689e-01 -1.184187058874871662e-01 -4.984301906348367339e-01
-1.568363822067176394e-01 4.652283385537604454e-01 2.973213006014444604e-01 -2.083561369243738526e-01
1.763334786441042856e-01 5.943031455216007952e-01 4.268467326187751487e-01 2.495746141942065954e-01
-1.115308616728422075e+00 -4.731014187682660022e-01 -4.621336422393699794e-01 -3.970544339526754563e+00
-5.490099169749417252e-01 -5.667196995068721765e-01 -5.575430096074306396e-01 -6.349573122340210762e-01
-5.886784493288546027e-01 -5.889380924838883979e-01 -6.028397555286054699e-01 -6.251387919584594499e-01
-5.907442558827056267e-01 -5.678194967082891287e-01 -5.699774249358467992e-01 -5.782858535217160201e-01
-5.217239049469588608e-01 -5.249176930727874613e-01 -5.189413460299583392e-01 -5.759630933393754537e-01
-4.723248612612100938e-01 -4.659321720405562584e-01 -4.736568377905124860e-01 -4.631164066176678418e-01
-4.072676643811432573e-01 -3.842328119692600685e-01 -4.064764208306897997e-01 -6.188332396082876219e-01
-3.048570328035761223e-01 -2.833463395352202041e-01 -2.580122758054934073e-01 -1.066774220808313967e+00
-3.234532707819349762e-01 -3.407222345169207134e-02 -1.218276324681822897e-01 -3.402783375551584055e-01
-2.494810026374069956e-01 4.181210495380787706e-01 2.166247531257017855e-01 -2.957565875032168168e-01
-9.826961624670110806e-02 5.652440359255184177e-01 6.295201367957461436e-01 -1.912889578641744151e-02
3.711427493601492933e-01 7.928626497658540773e-01 6.278899544141223199e-01 4.202306075468283941e-01
-5.677993660023307188e-01 -5.666418641705879278e-01 -5.718735502781402413e-01 -6.493713627110143660e-01
-5.618159645539235747e-01 -5.683511587087696215e-01 -5.692588021107224394e-01 -5.642982059007095597e-01
-5.524619012221397840e-01 -5.415994237076739992e-01 -5.470857240532609467e-01 -5.911075574477642203e-01
-5.237680443762094962e-01 -5.405638820543962053e-01 -5.307247861919881515e-01 -5.331258268128699074e-01
-5.000656193430659258e-01 -4.975297237322658384e-01 -4.888307041571328115e-01 -4.976326614412594496e-01
-4.594934873782058893e-01 -4.244206499114475672e-01 -4.089425899198358971e-01 -4.254107631584717608e-01
-3.891312696766539014e-01 -3.542375472977722373e-01 -2.414017644647026284e-01 -4.331930342132968570e-01
-3.370298418216748915e-01 -2.507250653924602002e-01 -8.809404161721179349e-02 -3.354586693163216227e-01
-2.405134049956711428e-01 -9.466720732461479659e-02 3.244330420676674320e-01 -2.529488329026047255e-01
-6.627902986254972928e-02 3.234929615368978273e-01 6.177841691850545214e-01 -4.896853242274079587e-02
3.212417976725354674e-01 5.997875509052080778e-01 7.633459514953263580e-01 3.297784103090562469e-01
5.668862411182531424e-01 9.999999999999995559e-01 8.259132117819106833e-01 6.153067984765472342e-01
-5.668474553673841232e-01 -5.562165441852874315e-01 -5.633140935132728844e-01 -5.687560342432731453e-01
-5.541755961319334567e-01 -5.693598090704481418e-01 -5.610415085776258026e-01 -5.605850388700136522e-01
-5.483022474254387602e-01 -5.408987615538044524e-01 -5.454742811414645676e-01 -5.404925389992008000e-01
-5.388022895165296422e-01 -5.282939262664504421e-01 -5.188001803396689038e-01 -5.163229996618901030e-01
-4.854054460740993560e-01 -4.904211519737954883e-01 -4.552307431653916381e-01 -4.718649613509883767e-01
-4.392775133176113345e-01 -4.084702146037128001e-01 -3.585189919077225174e-01 -3.799030183484052858e-01
-3.782322529550081747e-01 -3.167653464936697749e-01 -1.527228631431302719e-01 -3.478013328044407548e-01
-2.978212084827290829e-01 -2.275153969181365754e-01 7.851943241445391575e-02 -2.585225649666576531e-01
-2.224527990818291334e-01 -8.732567874560609456e-02 3.000267006467821074e-01 -9.391810985280189816e-02
-1.135127449190184712e-01 1.620393900294853362e-01 7.796134147012155902e-01 1.749952361387727695e-01
2.474122423479359900e-01 5.312830090222150359e-01 9.999982838462668777e-01 4.386159763207804207e-01
0.000000000000000000e+00 0.000000000000000000e+00 0.000000000000000000e+00 0.000000000000000000e+00
