-3.007459784216658605e+00 -2.994791591802382857e+00 -2.985736336208368424e+00 -2.998444815365893135e+00
-3.014739714841319973e+00 -3.135804119055428885e+00 -2.910927721749726693e+00 -2.927916840231280737e+00
-2.921869365882667768e+00 -2.863254623466479742e+00 -2.837889451614832748e+00 -2.868990066084018409e+00
-2.875353322808632317e+00 -2.768607879029377106e+00 -2.768571289447053996e+00 -2.781432496574906654e+00
-2.733935339087154581e+00 -2.698909564249731385e+00 -2.917393842595390030e+00 -2.731010417734009987e+00
-2.547856940446453944e+00 -2.546209530489024431e+00 -4.999419468464823879e+00 -2.664322190725057826e+00
0.000000000000000000e+00 0.000000000000000000e+00 0.000000000000000000e+00 0.000000000000000000e+00
-4.926095585292826762e+00 -2.400515526321516102e+00 -2.383850548097836697e+00 -2.389153200168959046e+00
-2.710221044657856293e+00 -2.335676164194253612e+00 -2.329989268092402810e+00 -2.339331186841577814e+00
-2.283516985708453628e+00 -2.288822544311073681e+00 -2.280141351793346871e+00 -2.281619867016579040e+00
-2.226819193702708866e+00 -2.221875898357849266e+00 -2.219731442529051968e+00 -2.231321807014368996e+00
-2.160614810376394690e+00 -2.158992623431198243e+00 -2.158613971564222300e+00 -2.165857907989189979e+00
-2.102157562150385850e+00 -2.098490422280032242e+00 -2.099213138917615851e+00 -2.103596799826773722e+00
-2.048743522655066762e+00 -2.042860433136812759e+00 -2.037573360190245708e+00 -2.036443902646153603e+00
-1.979109941846564968e+00 -1.980887749813011967e+00 -1.979305801761781503e+00 -1.988871189580205145e+00
-1.940813293693095742e+00 -1.932189325400976321e+00 -1.932571161402421689e+00 -1.931426163399469598e+00
-1.892395884305202447e+00 -1.893102632189328283e+00 -1.896492992483767237e+00 -1.901583935452898499e+00
-1.865472197641756980e+00 -1.862828607805902648e+00 -1.862931160289424071e+00 -1.878140044827170341e+00
-1.838626688395153197e+00 -1.843662010676082597e+00 -1.833046512514210136e+00 -1.831215851833729591e+00
-1.822224036857723606e+00 -1.818524194550342976e+00 -1.821211195327514076e+00 -1.815574569819341733e+00
-3.066153964079092908e+00 -4.999989406458438701e+00 -2.929683193020968357e+00 -2.980963565096937717e+00
-2.906868487577495941e+00 -4.999999999815386786e+00 -2.857153801432984697e+00 -2.867976969687242583e+00
-2.890122111151607331e+00 -2.805668524263781993e+00 -2.780656002627001744e+00 -2.803336325773710502e+00
-2.803693967423140254e+00 -2.699153404230938413e+00 -2.699966391325646864e+00 -2.811127361151669390e+00
-2.698023275335909688e+00 -2.635242030253922341e+00 -2.635566522789923205e+00 -2.655152119717353987e+00
-2.587402593516764160e+00 -2.566645299063069707e+00 -2.565756137236172130e+00 -2.674462666926535448e+00
-2.502483322377393904e+00 -2.499732533138885771e+00 -2.498067572741938136e+00 -4.992722108285346572e+00
-2.440888448630578633e+00 -2.431716013013463851e+00 -2.431137637061697276e+00 -2.432265822869298599e+00
-2.376928480330091631e+00 -2.367081650826174499e+00 -2.365852871898902254e+00 -2.381778839151301952e+00
-2.317873586369536998e+00 -2.288561609637527194e+00 -2.308129353357456726e+00 -2.309621676896487230e+00
-2.254768570326930011e+00 -2.375155971389145027e+00 -2.475815544859989448e+00 -2.244283162903302653e+00
-2.128272194595727029e+00 -4.946123681678471051e+00 -2.118197439272259786e+00 -2.128842427085517741e+00
-2.071199046249675213e+00 -2.082296751462608952e+00 -2.072485230325801897e+00 -2.080494307301415269e+00
-2.044973190811813168e+00 -2.160561450905349012e+00 -2.000731014204286673e+00 -2.012134057055864567e+00
-1.974219460834344408e+00 -1.933546130221455606e+00 -1.948749370795634706e+00 -1.944188690007347953e+00
-1.908519053147126110e+00 -1.913607281751341205e+00 -1.910551499219657279e+00 -1.911802067306873187e+00
-1.887614976715174864e+00 -1.880763730418361757e+00 -1.881650436820597960e+00 -1.876925273647632730e+00
-1.858828264246696227e+00 -1.853363882391826367e+00 -1.848566693084138013e+00 -1.851117640426041655e+00
-1.832356268149291090e+00 -1.823334868913752294e+00 -1.822313900340420956e+00 -1.828262733946027785e+00
-1.809701144843237852e+00 -1.809456673602409582e+00 -1.818034147597006767e+00 -1.805340252428991432e+00
0.000000000000000000e+00 0.000000000000000000e+00 0.000000000000000000e+00 0.000000000000000000e+00
0.000000000000000000e+00 0.000000000000000000e+00 0.000000000000000000e+00 0.000000000000000000e+00
-4.999994933141911346e+00 -2.548482379716839219e+00 -2.545414112433920018e+00 -2.568845044802509303e+00
-2.675913826572626331e+00 -2.626737679461565556e+00 -2.628612748162389767e+00 -2.679468136167733494e+00
-2.570364967702794878e+00 -2.568887606108392507e+00 -2.568520517272585124e+00 -2.581985170190733037e+00
-2.512582506657481840e+00 -2.504575099879884803e+00 -2.504879632842000881e+00 -2.508702075358875128e+00
-2.454616503095586211e+00 -2.442694834724637332e+00 -2.445082757780767668e+00 -2.453231737519509181e+00
-2.396580718454438319e+00 -2.380053608879673543e+00 -2.382508488841514449e+00 -2.387742052826870243e+00
-2.334725098404046850e+00 -2.345839206277758215e+00 -2.302354510081328076e+00 -2.327817098790071260e+00
-2.302071085075535706e+00 -2.186621240311501069e+00 -2.444296557005457338e+00 -2.313383470217109217e+00
-2.100115226613881170e+00 -2.099568314746010245e+00 -4.845484228086837319e+00 -2.118045897793423116e+00
0.000000000000000000e+00 0.000000000000000000e+00 0.000000000000000000e+00 0.000000000000000000e+00
-4.556853094017375483e+00 -1.621447758789647420e+00 -1.771812154390677296e+00 -1.731180427303560032e+00
-1.795888682852446738e+00 -4.738326183486319287e+00 -1.808775615837962647e+00 -1.810434445836734962e+00
-1.987982697548947630e+00 -1.760340372661889807e+00 -1.895415941683137762e+00 -1.912031647621676322e+00
-1.891954568491804212e+00 -1.883506314649802782e+00 -1.887066660577080279e+00 -1.884465284102757821e+00
-1.857018750172899191e+00 -1.842816303432890601e+00 -1.853603633045227017e+00 -1.850876474203399180e+00
-1.831620777211103945e+00 -1.826891297149213944e+00 -1.831495686755209684e+00 -1.833589773539080259e+00
-1.803257887843724872e+00 -1.799101770548357182e+00 -1.801555817392467951e+00 -1.796393570933238593e+00
-1.790266946756962074e+00 -1.785390773386409613e+00 -1.793425003774128834e+00 -1.784065678347972472e+00
-2.384906626669696106e+00 -2.130195601616031720e+00 -2.113057674215270687e+00 -4.874842224750338460e+00
-2.229155496175800888e+00 -2.274933394946579757e+00 -2.254196765287427073e+00 -4.926095585292826762e+00
-2.735232275540459224e+00 -2.512405466480096106e+00 -2.514096112403386929e+00 -2.665029054571265377e+00
-2.554505799863539650e+00 -2.552763985334912444e+00 -2.555728290265586011e+00 -2.600417014616675182e+00
-2.505212895974152421e+00 -2.499756057391006703e+00 -2.499706367026422793e+00 -2.514353886033684038e+00
-2.459176901625951484e+00 -2.433636725874753548e+00 -2.433627806226668522e+00 -2.445676232278356288e+00
-2.412395626603401233e+00 -2.357661697778953069e+00 -2.365685221753663914e+00 -2.413687052677397915e+00
-2.339520005598881625e+00 -2.300136423733385449e+00 -2.336196305805020579e+00 -2.328123531186204076e+00
-2.347629651992315658e+00 -2.342955700602003422e+00 -2.492552895031360904e+00 -2.342716964738853047e+00
-2.144489574795802600e+00 -4.917883983658696501e+00 -2.086935649483746769e+00 -2.162067644370546660e+00
-3.074666747917942367e+00 -1.995071023900282459e+00 -2.119622989218421516e+00 -2.245963714918097764e+00
-1.800599224494672246e+00 -4.249526823515004104e+00 -1.774895191453222942e+00 -3.430947019550000032e+00
-1.747824624116072201e+00 -1.688491384518008065e+00 -4.392116727047153724e+00 -1.779500080879150792e+00
0.000000000000000000e+00 0.000000000000000000e+00 0.000000000000000000e+00 0.000000000000000000e+00
-4.556853094017375483e+00 -1.661502394552435646e+00 -1.687288872277442842e+00 -1.664138741401429034e+00
-1.841018755327206824e+00 -1.931540354064874787e+00 -2.319503355452484872e+00 -1.870820099068470466e+00
-1.627275713063624174e+00 -4.860935805278153943e+00 -1.616865201171920008e+00 -1.595109287888088812e+00
-1.855363561440290354e+00 -1.852404265933571770e+00 -1.786433635704540279e+00 -1.791673579672266259e+00
-1.762228431928629213e+00 -1.755744512888357978e+00 -1.754617565694654768e+00 -1.754583684004852984e+00
-1.756486909615737169e+00 -1.743206283884055408e+00 -1.743093667184271167e+00 -1.751137903167339971e+00
-2.405616561060305525e+00 -2.407935061740148708e+00 -2.422074116795890575e+00 -2.555945465659412275e+00
-2.417655009481262773e+00 -2.418243998144510520e+00 -2.420709624378346803e+00 -2.542496544518100698e+00
-2.460095861255866989e+00 -2.458174674629276968e+00 -2.459460563793309351e+00 -2.459356062011811783e+00
-2.485552726961759884e+00 -2.483038646279267070e+00 -2.482428612673013291e+00 -2.510152837696679295e+00
-2.432251499428899955e+00 -2.428585118626771067e+00 -2.429233065051270568e+00 -2.451248261217771507e+00
-2.380420834520399875e+00 -2.363844047606439958e+00 -2.363548427539961860e+00 -2.393879726992707901e+00
-2.310794276690085081e+00 -2.268860835751119076e+00 -2.293382591686336625e+00 -2.333723388297468837e+00
-2.279578580060807713e+00 -2.181274494158724320e+00 -2.322983604656367884e+00 -2.285044885366698253e+00
-2.028671776597496645e+00 -2.016570769626116366e+00 -4.976808011567059431e+00 -2.085030381238866415e+00
0.000000000000000000e+00 0.000000000000000000e+00 0.000000000000000000e+00 0.000000000000000000e+00
-4.324574141163504137e+00 -1.951552410689987527e+00 -4.249526823515004104e+00 -1.961693815753679626e+00
0.000000000000000000e+00 0.000000000000000000e+00 0.000000000000000000e+00 0.000000000000000000e+00
-4.392116727047153724e+00 -1.589669457284515586e+00 -1.586269761039094339e+00 -1.578435690685246584e+00
-1.636000418638015930e+00 -1.566578752777163519e+00 -1.571181980373357323e+00 -3.856160377251949711e+00
-1.644220859559076153e+00 -1.578229264167957835e+00 -1.896008888914846979e+00 -1.746174831943298145e+00
-1.546252716489823431e+00 -1.493599855235395735e+00 -4.641051006154073733e+00 -1.555728581974277880e+00
0.000000000000000000e+00 0.000000000000000000e+00 0.000000000000000000e+00 0.000000000000000000e+00
-4.676945905538666182e+00 -1.568046270748397530e+00 -1.585090691408814090e+00 -1.591547871902357913e+00
-1.984741080763322119e+00 -1.692338058735030071e+00 -1.695717646530427780e+00 -1.693587705489028039e+00
-1.711235256486442813e+00 -1.703090588819124562e+00 -1.718133537740360817e+00 -1.704803945868468729e+00
-2.393645170169913960e+00 -2.386789261344648416e+00 -2.382590865708108741e+00 -2.390087496431991809e+00
-2.391247479870523662e+00 -2.388132316873534222e+00 -2.391682224512909904e+00 -2.389669537710464198e+00
-2.404800952621870991e+00 -2.406615724254522970e+00 -2.405580659368901308e+00 -2.431936951939539515e+00
-2.426597873302134722e+00 -2.411674400878904834e+00 -2.411276456504180654e+00 -2.412772843351876695e+00
-2.380843020809684685e+00 -2.357959748116776666e+00 -2.356065387912506193e+00 -2.376116148846842524e+00
-2.324102058776209567e+00 -2.320347109849725253e+00 -2.277311048519778947e+00 -2.312356306912795922e+00
-2.269311423486916279e+00 -2.329558742537242377e+00 -2.185010654622969284e+00 -2.277427237018061490e+00
-2.229358697043252846e+00 -2.080068025991179681e+00 -2.128751696794894066e+00 -2.215586135603051066e+00
-2.115592331232119871e+00 -2.027372792284243275e+00 -2.291341606478308091e+00 -2.152255145658482416e+00
-1.917945313862355894e+00 -1.915602664266524036e+00 -1.904047499625916684e+00 -4.926095585292826762e+00
-1.894803247287873083e+00 -1.858185440617932560e+00 -1.996629007776237863e+00 -2.242770126278150755e+00
-1.729928909384017555e+00 -1.700511865952631929e+00 -1.702641835415333427e+00 -4.738326183486319287e+00
-1.854590345438138277e+00 -1.636268150464198490e+00 -1.639592399380160437e+00 -1.862608985689912622e+00
-1.587735361516716903e+00 -1.586712709466490345e+00 -1.581892033760407656e+00 -1.604456682903067311e+00
-1.548446267858264225e+00 -1.533215335096430376e+00 -1.465257982396048986e+00 -1.572490606521236067e+00
-1.498219335766717064e+00 -1.337202879150993562e+00 -1.540846096523787567e+00 -1.527610128453587901e+00
-1.375077024171840190e+00 -1.381699548399969446e+00 -1.373212549894853307e+00 -4.676945905538666182e+00
-1.681282612472075444e+00 -1.558716130011472023e+00 -1.559904505086765036e+00 -1.564574053006551724e+00
-1.623965578985829161e+00 -1.623541127618244984e+00 -1.631346546534612640e+00 -1.634189769482333299e+00
-1.663689012886635510e+00 -1.669170404421250309e+00 -1.664836099590601304e+00 -1.673596217778303696e+00
-2.359592196359113991e+00 -2.357505753626126133e+00 -2.352385603122187252e+00 -2.361575237139470929e+00
-2.355244299168052446e+00 -2.358305941465420386e+00 -2.355289610834685465e+00 -2.357233861781058426e+00
-2.357307875720819013e+00 -2.353252294534622813e+00 -2.353114601925753391e+00 -2.361171396998711369e+00
-2.346680372252317515e+00 -2.341322322450368532e+00 -2.342317573623569960e+00 -2.347217321243224575e+00
-2.315963430009214452e+00 -2.297972527661836128e+00 -2.309462757842381198e+00 -2.306388276809290261e+00
-2.311514911053555998e+00 -2.381421941005235077e+00 -2.373924141650276987e+00 -2.306628906652512079e+00
-2.096045547104852247e+00 -4.946123681678471051e+00 -2.070809790693248775e+00 -2.066250148970622202e+00
-2.105445297033973429e+00 -2.067559271019423939e+00 -1.990458833648217851e+00 -2.124153907860061530e+00
-2.069860384599875758e+00 -1.899584535339637670e+00 -2.002808630089381925e+00 -2.054739767410314055e+00
-1.888771375794331187e+00 -1.873541682967522881e+00 -1.870061574564635620e+00 -2.191355656240813410e+00
-1.808048448251888374e+00 -1.765548628428674105e+00 -1.806619571382463318e+00 -1.816101665591566938e+00
-1.726872418144352217e+00 -1.697189501119042765e+00 -1.693423123137118402e+00 -2.091165277082530860e+00
-1.629200837130759361e+00 -1.604226176390211922e+00 -1.614545227196006127e+00 -1.647408706874750051e+00
-1.540656625359780207e+00 -1.509165184621744871e+00 -1.544624864554911658e+00 -1.548811882378998472e+00
-1.466406483299841579e+00 -1.466100510510235599e+00 -1.424660552447300166e+00 -1.517391743228860834e+00
-1.454112316112628367e+00 -1.180852140101894321e+00 -1.437492232650986024e+00 -1.451481585033959076e+00
-1.418547989942960719e+00 -1.397170766059904645e+00 -1.435302067618535071e+00 -1.546967609747995631e+00
-1.486236141503461727e+00 -1.476414866223137112e+00 -1.512208399089989053e+00 -1.500824160369335081e+00
-1.556944775058514807e+00 -1.580562915774430977e+00 -1.578861919865178542e+00 -1.559630418310092637e+00
-1.383656242096777511e+00 -4.556853094017375483e+00 -1.533471634285122231e+00 -1.372953310142574823e+00
-2.331988413264158400e+00 -2.328625112671504294e+00 -2.332076960929613030e+00 -2.332536427176881144e+00
-2.323603573772811792e+00 -2.318146868478786260e+00 -2.314871113079142173e+00 -2.335312544424434922e+00
-2.302925217974484351e+00 -2.300942874832217822e+00 -2.300597083107668528e+00 -2.304029199703545139e+00
-2.271841208155454872e+00 -2.265943207493642753e+00 -2.273611472104998921e+00 -2.282135942244072346e+00
-2.247923109882220771e+00 -2.192340345874570051e+00 -2.435954053773147443e+00 -2.249192116691872911e+00
-2.068134169297970004e+00 -2.057274581376882683e+00 -4.951511313510623680e+00 -2.086453894629644701e+00
0.000000000000000000e+00 0.000000000000000000e+00 0.000000000000000000e+00 0.000000000000000000e+00
-4.887358002275304258e+00 -1.919554708862152514e+00 -1.934616509463644496e+00 -1.945437343016136023e+00
-1.976472355668897674e+00 -1.802584245797015594e+00 -1.875663501945459499e+00 -1.957421907439564679e+00
-1.848688852733239241e+00 -1.760908120287921097e+00 -1.798573233945506056e+00 -1.865738887864577755e+00
-1.781197501774059777e+00 -1.702984684175357977e+00 -1.636024913412112314e+00 -1.783176807636548400e+00
-1.710959184167210045e+00 -1.525398339210469523e+00 -1.631873044151301189e+00 -1.664327435726539628e+00
-1.608065762669141030e+00 -1.507299138283962670e+00 -1.537594430668645096e+00 -1.585529772406781612e+00
-1.501908735664257755e+00 -1.359847808680300529e+00 -1.475402401063771629e+00 -1.499489202630670537e+00
-1.450633474157739355e+00 -1.394734989246714907e+00 -1.329591151985169306e+00 -1.436258171435269126e+00
-1.427096048143123408e+00 -1.057336134061424904e+00 -1.358358856101792966e+00 -1.356006795570434686e+00
-1.239029012494132331e+00 -1.338134583026497015e+00 -1.380514313972192708e+00 -1.363726117123732040e+00
-1.372535564267809427e+00 -1.407489532984164127e+00 -1.449171395134200457e+00 -1.417717897350571521e+00
-1.360761834748134946e+00 -1.367647509071189260e+00 -4.324574141163504137e+00 -1.352139888187055217e+00
0.000000000000000000e+00 0.000000000000000000e+00 0.000000000000000000e+00 0.000000000000000000e+00
-2.311556229292395681e+00 -2.413916814535440825e+00 -2.303867509450813866e+00 -2.308495810124045367e+00
-2.286051399987516053e+00 -2.282247705615555233e+00 -2.278969223641946318e+00 -2.285999704786112474e+00
-2.248284724424387537e+00 -2.247472869486009106e+00 -2.247644433063076708e+00 -2.253820483847098544e+00
-2.202605182904139980e+00 -2.196104146999272810e+00 -2.188979428551101059e+00 -2.207136116400801651e+00
-2.150014691050664339e+00 -2.128500992527334823e+00 -2.137010037730859846e+00 -2.190623294476799376e+00
-2.120473983284162589e+00 -2.007782935420046933e+00 -2.210879789104890580e+00 -2.196598620056700923e+00
-1.949705215088397336e+00 -1.919979573961686947e+00 -1.947213783083932226e+00 -4.908759981842996112e+00
-1.999218915073149416e+00 -1.801636403432405942e+00 -1.877560807975808377e+00 -2.061023727381693149e+00
-1.902320864096054498e+00 -1.671627442333809554e+00 -1.791761192549451875e+00 -1.867279703585688511e+00
-1.797354097879824142e+00 -1.718907153495176754e+00 -1.624013317410165635e+00 -1.792742268962591368e+00
-1.740235734196897255e+00 -1.471987528560780856e+00 -1.632419076926529433e+00 -1.718456338841974684e+00
-1.623205055151182963e+00 -1.369797477112898454e+00 -1.570239064992458689e+00 -1.636062176771234444e+00
-1.501716564153494415e+00 -1.479418032026540875e+00 -1.305210516283170641e+00 -1.556598015503341648e+00
-1.453329082720355103e+00 -1.352617497266606295e+00 -1.150127549207644817e+00 -1.460268600471595013e+00
-1.412326732402564566e+00 -1.012143634123428892e+00 -1.241488729973255323e+00 -1.413934946929027658e+00
-1.252226402939642824e+00 -9.389391477849617917e-01 -1.284473633244226809e+00 -1.328481304653335027e+00
-1.284368245276799492e+00 -1.137445790317823668e+00 -1.308077960256449401e+00 -1.296226985531573561e+00
-1.307191846373422672e+00 -1.333248041465207256e+00 -1.337560681633259252e+00 -1.340656914378802966e+00
-1.321212603409946951e+00 -1.319835639070888522e+00 -1.668605099842383588e+00 -1.314960160604133677e+00
-1.137506309588476316e+00 -1.118649589502471065e+00 -1.111913840414463506e+00 -4.166140915016670832e+00
-2.064142233000725746e+00 -4.908759981842996112e+00 -2.069763248087430618e+00 -2.085351300041308864e+00
-2.255874300149207201e+00 -2.261244028020136021e+00 -2.244156429707843348e+00 -2.245246105420166671e+00
-2.202344802146831704e+00 -2.191068083466877425e+00 -2.190190525858113357e+00 -2.208779404615703879e+00
-2.165429570855517127e+00 -2.133674374093655679e+00 -2.110707681896757837e+00 -2.125076888926517249e+00
-2.087098739606421560e+00 -2.064694512053749431e+00 -2.015717963667893908e+00 -2.073700373891189219e+00
-2.026767554995379417e+00 -2.013531441917920439e+00 -1.906401087193418498e+00 -2.034319134596879408e+00
-1.939879736078637729e+00 -2.234952858066849402e+00 -1.784699844320705608e+00 -2.094744436846541547e+00
-1.856434134249072443e+00 -1.824802055043626581e+00 -1.662567232188581823e+00 -1.865630147281736484e+00
-1.805345510137240428e+00 -1.783521105466893797e+00 -1.588032040848284865e+00 -1.827327556150755594e+00
-1.716527408224476137e+00 -1.725105769185341753e+00 -1.435493924660840470e+00 -1.750134239090208377e+00
-1.637581133583835946e+00 -1.672083459984204268e+00 -1.320836739974120544e+00 -1.634260021676933849e+00
-1.535739165952381136e+00 -1.554522767910876180e+00 -1.157736173616470632e+00 -1.543193571279965370e+00
-1.436243412406244202e+00 -1.485588947107839175e+00 -1.067540680679693210e+00 -1.435348538331961521e+00
-1.350573386079202853e+00 -1.219728521599330096e+00 -9.735971779205514487e-01 -1.362638566755927982e+00
-1.235775094641559102e+00 -9.740122278440594972e-01 -8.353864402793458321e-01 -1.184495159074249182e+00
-1.079826377383476643e+00 -7.053268924117832572e-01 -1.131856485546383517e+00 -1.079475483762562416e+00
-1.144488064701154384e+00 -9.169058972486345827e-01 -1.259747604799465570e+00 -1.251685878801183538e+00
-1.248641478085154466e+00 -1.272275703706446937e+00 -1.272935511241769957e+00 -1.271221687909110720e+00
-1.283001153728007715e+00 -1.449087298917880240e+00 -1.517393422071224407e+00 -1.282704297727074616e+00
-1.263332310034627648e+00 -4.073489905574079195e+00 -1.284421717055547862e+00 -1.373191919314874720e+00
0.000000000000000000e+00 0.000000000000000000e+00 0.000000000000000000e+00 0.000000000000000000e+00
-4.908759981842996112e+00 -2.071371104153982845e+00 -2.059924312245716926e+00 -2.060086502913705875e+00
-2.215837428108062390e+00 -2.127332068035011847e+00 -2.128017625977518534e+00 -2.131772601499857700e+00
-2.100243123250907118e+00 -2.088460519253224401e+00 -2.088078561459245641e+00 -2.094856059655945124e+00
-2.048338995263342177e+00 -2.036779314631468107e+00 -2.054369504863008178e+00 -2.043408168247406564e+00
-2.004995077923739544e+00 -1.993350361269534687e+00 -2.214320314521049493e+00 -1.995752094650447006e+00
-1.867411579344202766e+00 -4.917883983658696501e+00 -1.864765247907681056e+00 -1.897670078873726407e+00
-1.797200138439388528e+00 -1.869302143573097874e+00 -1.795422477257294869e+00 -1.794507412178818040e+00
-1.744294407498383936e+00 -1.734934581876793613e+00 -1.733507230792276754e+00 -1.736259917414927356e+00
-1.691255918784908552e+00 -1.683123692863802923e+00 -1.697850155285758555e+00 -1.641358209943683422e+00
-1.630534408066416363e+00 -1.946577955674793747e+00 -1.604469629831702937e+00 -1.597565003527065652e+00
-1.557426414248430646e+00 -1.563323621358323923e+00 -1.679447866044174953e+00 -1.404540864703289760e+00
-1.370148255354420863e+00 -4.709251314984799208e+00 -1.163427932042971680e+00 -1.393141593637003073e+00
-1.733446824730098257e+00 -1.487964803825602145e+00 -9.253052361720356389e-01 -1.312167104365616455e+00
-1.254963299860999193e+00 -1.078707618347084285e+00 -7.478812049315222144e-01 -1.223392764432824187e+00
-9.858628972896541498e-01 -5.810114133188597485e-01 -9.401141353997612971e-01 -9.563218937370397965e-01
-7.390576571645265380e-01 -1.103261987942675937e+00 -1.172199441498451566e+00 -1.163371768843551424e+00
-1.175470182238874894e+00 -1.181500333191668695e+00 -1.307362330376585335e+00 -1.200497404225386422e+00
-1.132030776625069901e+00 -3.729067085835499729e+00 -3.430947019550000032e+00 -1.132453627644076199e+00
0.000000000000000000e+00 0.000000000000000000e+00 0.000000000000000000e+00 0.000000000000000000e+00
-2.007777871182853779e+00 -2.006056472429650128e+00 -1.996045510413779756e+00 -4.738326183486319287e+00
-2.452597335155635161e+00 -2.061494405364526106e+00 -2.068048957966718060e+00 -2.058036674617160333e+00
-2.086515845154925053e+00 -2.083673199736982617e+00 -2.085913687542976902e+00 -2.087374311465737264e+00
-2.051240318306518873e+00 -2.072355280097373686e+00 -2.044104365337983342e+00 -2.063457861777856728e+00
-2.016512199207517675e+00 -1.992144272685519857e+00 -1.959856766733160782e+00 -2.032340101445636371e+00
-1.945834221737357206e+00 -1.921982372464395405e+00 -4.809239787761526941e+00 -1.944927978909077426e+00
0.000000000000000000e+00 0.000000000000000000e+00 0.000000000000000000e+00 0.000000000000000000e+00
-4.809239787761526941e+00 -1.599476451166315538e+00 -1.604552101665527086e+00 -1.630372587515013683e+00
-1.665668228670072581e+00 -1.665408586282031811e+00 -1.678594675700067818e+00 -1.678858003810907551e+00
-1.678118558030272878e+00 -1.856818456350760815e+00 -1.858736277008260940e+00 -1.685137918686998804e+00
-1.549334935043019223e+00 -4.641051006154073733e+00 -1.514980916326120086e+00 -1.547245891550856234e+00
-1.728312929165029654e+00 -1.610985316983210236e+00 -4.073489905574079195e+00 -1.566988702626842977e+00
0.000000000000000000e+00 0.000000000000000000e+00 0.000000000000000000e+00 0.000000000000000000e+00
-4.392116727047153724e+00 -1.046522747398744402e+00 -1.045113482795083648e+00 -1.050958390459171277e+00
-1.093886226132861461e+00 -1.045587558491073210e+00 -6.585751017415193420e-01 -1.122131088626012074e+00
-9.222956345084762919e-01 -4.622240741677355325e-01 -8.731145373866672221e-01 -8.241766249301863967e-01
-6.493421537570461810e-01 -1.123721422380972168e+00 -1.115935905211318246e+00 -1.112422660408896702e+00
-1.008899880958250339e+00 -3.729067085835499729e+00 -3.062897555000000160e+00 -1.020570752820706417e+00
0.000000000000000000e+00 0.000000000000000000e+00 0.000000000000000000e+00 0.000000000000000000e+00
-1.354999999999999982e+00 -8.843878389199719137e-02 -1.302456391290189863e-01 -9.499999999999999556e-01
-2.038871697055546939e+00 -2.137777700151278104e+00 -2.050746206159700158e+00 -2.023712396316997619e+00
-2.050927056324677533e+00 -2.047777165452752790e+00 -2.062742070712301423e+00 -2.055580609810479409e+00
-2.069974336619337940e+00 -2.065333681739633942e+00 -2.077189306108539579e+00 -2.073561558187007492e+00
-1.892454126715913620e+00 -4.898622202047773655e+00 -1.895028173174810204e+00 -1.881161686101819441e+00
-2.100114815779365873e+00 -2.230322115468003297e+00 -2.089745853058467162e+00 -2.020653246062761532e+00
-1.991168722470427532e+00 -4.641051006154073733e+00 -1.910343622621318849e+00 -2.141687323755594896e+00
-1.667089302821898933e+00 -1.667285986704552858e+00 -1.637573826509206354e+00 -4.556853094017375483e+00
-1.705916907615463662e+00 -1.594013880956039575e+00 -1.594083167314223060e+00 -1.601476584592732122e+00
-1.604627871103334824e+00 -1.602135603025793609e+00 -1.603173054032061895e+00 -1.619424792784323719e+00
-1.588968476158433729e+00 -1.588557551527719269e+00 -4.676945905538666182e+00 -1.579303972178027315e+00
0.000000000000000000e+00 0.000000000000000000e+00 0.000000000000000000e+00 0.000000000000000000e+00
-1.719500000000000028e+00 -3.587852317594999896e+00 -1.234867283219492240e+00 -1.295740428760884688e+00
-1.052069157729253135e+00 -3.256607799500000233e+00 -1.033401015787974497e+00 -3.256607799500000233e+00
-1.075610476366042123e+00 -1.033610393863211518e+00 -9.415477032071323249e-01 -1.050008376202917315e+00
-1.068562204868075627e+00 -5.640111983270583718e-01 -8.853491788414964425e-01 -1.037321768275426104e+00
-7.968234962285077883e-01 -3.302914228037653888e-01 -5.754598346670242170e-01 -7.271596792277009724e-01
-7.764558444141536064e-01 -5.250355126861805388e-01 -3.970544339526754563e+00 -9.115446591041237445e-01
0.000000000000000000e+00 0.000000000000000000e+00 0.000000000000000000e+00 0.000000000000000000e+00
-9.499999999999999556e-01 -1.134347334888625991e-01 -1.047645418718557569e-01 -9.499999999999999556e-01
-1.316138852646867585e-01 -1.367953694565016420e-01 -1.285100743978724869e-01 -1.552315334560401827e-01
-1.853089759582982943e+00 -4.788044208623919218e+00 -1.706157371440582882e+00 -1.695827628117153818e+00
-2.033000708774673537e+00 -2.136261693695574948e+00 -1.956018962969036989e+00 -2.026106875041743915e+00
-1.671860062758084187e+00 -1.856411513304990324e+00 -4.764493565137687625e+00 -1.656032639604516632e+00
0.000000000000000000e+00 0.000000000000000000e+00 0.000000000000000000e+00 0.000000000000000000e+00
-4.507614548908194685e+00 -1.462273684106390137e+00 -3.856160377251949711e+00 -1.548004515232120459e+00
0.000000000000000000e+00 0.000000000000000000e+00 0.000000000000000000e+00 0.000000000000000000e+00
-4.073489905574079195e+00 -1.476502841824691936e+00 -1.481931355663204997e+00 -1.483150446234147379e+00
-1.773171557788364439e+00 -1.537473804077907680e+00 -1.545458321243730282e+00 -1.537533930439634267e+00
-1.538563504423023032e+00 -1.541039457500029242e+00 -1.539222759834467436e+00 -1.549417829325313578e+00
-1.495251030828544714e+00 -1.491593728946966069e+00 -4.324574141163504137e+00 -1.862239635413886596e+00
0.000000000000000000e+00 0.000000000000000000e+00 0.000000000000000000e+00 0.000000000000000000e+00
0.000000000000000000e+00 0.000000000000000000e+00 0.000000000000000000e+00 0.000000000000000000e+00
0.000000000000000000e+00 0.000000000000000000e+00 0.000000000000000000e+00 0.000000000000000000e+00
-4.166140915016670832e+00 -7.959337449376973073e-01 -7.608092065508509361e-01 -8.232437690832890009e-01
-9.258884770629306482e-01 -9.833686245794872605e-01 -3.414510065168464559e-01 -9.493173267177487107e-01
-5.571756002426294652e-01 -2.067199179391119856e-01 -2.617167649775872240e-01 -5.626475322524102651e-01
-5.404095971302131929e-01 -6.513650149956941304e-02 -4.452905054342438440e+00 -7.331560726932166983e-01
0.000000000000000000e+00 0.000000000000000000e+00 0.000000000000000000e+00 0.000000000000000000e+00
-2.047550000000000203e+00 -1.437812968753016674e-01 -1.371842147745465645e-01 -1.551722107821437713e-01
-2.219165732685881298e-01 -8.884134511508376408e-02 -1.370594564930831261e-01 -1.673242892857025599e-01
0.000000000000000000e+00 0.000000000000000000e+00 0.000000000000000000e+00 0.000000000000000000e+00
-4.709251314984799208e+00 -1.739359182289485162e+00 -1.806938036402307102e+00 -1.736713556980956641e+00
-1.742774989450091461e+00 -1.708671380630446768e+00 -4.249526823515004104e+00 -1.495191781156267163e+00
0.000000000000000000e+00 0.000000000000000000e+00 0.000000000000000000e+00 0.000000000000000000e+00
-3.256607799500000233e+00 -1.490034422530328584e+00 -1.507804674607734707e+00 -1.466350611148773186e+00
-1.373761962854971319e+00 -1.360239036528394507e+00 -1.372575976381794849e+00 -3.970544339526754563e+00
-1.653632027566882989e+00 -4.324574141163504137e+00 -1.433324937830679158e+00 -1.445251938664051217e+00
-1.610258291590102919e+00 -1.482550770906110982e+00 -1.489558970388858539e+00 -1.492910725164151353e+00
-1.497784109719228596e+00 -1.484824074800110250e+00 -1.490591961020488299e+00 -1.491063175525450424e+00
-1.460983063277738525e+00 -1.461620989585790564e+00 -1.709696230290974839e+00 -1.480862191639558345e+00
-1.288023323696741107e+00 -1.293172375044343347e+00 -1.282400751862979416e+00 -4.452905054342438440e+00
-1.387411790331114947e+00 -1.278681457090997897e+00 -1.577901228441742854e+00 -3.729067085835499729e+00
-9.659628505013062583e-01 -9.506598265141095183e-01 -9.446725276184840814e-01 -4.166140915016670832e+00
-9.754741736960220733e-01 -9.213443923266975144e-01 -8.438358188491723588e-01 -1.195040687228239307e+00
-8.621121030456271317e-01 -4.166140915016670832e+00 -2.999450154912930988e-01 -8.144577302253285245e-01
-6.683219120166189464e-01 -2.796315744444397566e-01 -8.677264933413839088e-02 -4.657811032582167554e-01
-2.662686252511829998e-01 1.937218605769692667e-02 -4.739003200814242284e-02 -3.620072901660394415e-01
-3.171790568774431329e-01 1.587969262940081006e-01 -6.410517496751638733e-02 -3.729067085835499729e+00
-2.992677520658544865e-01 3.005676426872939122e-01 -1.607898939170996910e-01 -3.054232828469516936e-01
-1.131261814852466407e-01 3.496198383245174290e-01 -1.256196312473514543e-01 -1.659722199489321037e-01
-1.461680860451234576e+00 -1.447979039695923786e+00 -1.466829433492893520e+00 -4.324574141163504137e+00
-1.828490776583784783e+00 -4.166140915016670832e+00 -1.669519539958698839e+00 -1.706693857420759297e+00
-1.726781093029864378e+00 -1.311006407590923351e+00 -4.324574141163504137e+00 -1.488474555516723141e+00
0.000000000000000000e+00 0.000000000000000000e+00 0.000000000000000000e+00 0.000000000000000000e+00
-3.587852317594999896e+00 -1.350121667396180669e+00 -1.345270601541652011e+00 -1.354704018263362064e+00
-1.353454149790264127e+00 -1.356352766837793933e+00 -3.856160377251949711e+00 -1.350943611597412719e+00
0.000000000000000000e+00 0.000000000000000000e+00 0.000000000000000000e+00 0.000000000000000000e+00
-4.324574141163504137e+00 -1.437999739994867188e+00 -1.436728894032655024e+00 -1.444913262324232228e+00
-1.437103591205693087e+00 -1.433732827877718830e+00 -1.433327493739918523e+00 -1.444438508976067848e+00
-1.398264498847043402e+00 -1.402667395674930262e+00 -1.392737770671249820e+00 -1.399587864603745180e+00
-1.326086176828429553e+00 -1.351490149225447190e+00 -1.290203875332196048e+00 -1.322271860441184721e+00
-1.252834120979935406e+00 -1.522710365241114916e+00 -1.170860436993930609e+00 -1.367069248348571797e+00
-1.235993044013047326e+00 -1.050450412693250124e+00 -1.337130184121205323e+00 -1.270025939389886060e+00
-9.341622983914108502e-01 -9.866338080625629559e-01 -3.856160377251949711e+00 -9.096361463059664532e-01
0.000000000000000000e+00 0.000000000000000000e+00 0.000000000000000000e+00 0.000000000000000000e+00
-3.062897555000000160e+00 -3.430947019550000032e+00 7.080521604789545564e-02 -4.764353361267148479e-01
-1.825569095126761687e-01 -1.118456723871394803e-01 1.763949937334068352e-01 -1.643005322132907731e-01
1.905232882607433079e-02 2.633079278257661748e-01 2.950145458445890823e-01 7.856096901264850857e-03
1.448356339579206786e-01 4.500685477683871727e-01 3.836436327226445120e-01 1.132792486906558788e-01
2.820017494165315552e-01 5.859739290611556406e-01 2.677691892194488110e-01 6.139538659982940461e-02
-1.648748719161234000e+00 -1.384111902410555928e+00 -4.392116727047153724e+00 -1.382301370267256191e+00
0.000000000000000000e+00 0.000000000000000000e+00 0.000000000000000000e+00 0.000000000000000000e+00
-4.166140915016670832e+00 -1.325605753371686957e+00 -1.406953455877974601e+00 -1.348241248871344444e+00
-1.291274724249312333e+00 -1.289030175711510129e+00 -1.283026093559498371e+00 -4.166140915016670832e+00
-1.334635581197653798e+00 -1.333481583717578633e+00 -1.346025365230690163e+00 -1.332110131637268324e+00
-1.365533360944297891e+00 -1.378907771625138334e+00 -1.410998693540906013e+00 -1.362616821490803432e+00
-1.321606045409702501e+00 -1.321777410936368913e+00 -1.318396999135433179e+00 -4.249526823515004104e+00
-1.393307807015752076e+00 -1.400098279048571870e+00 -1.404004335198952624e+00 -1.520104694438370485e+00
-1.416201938617723366e+00 -1.403946480350982684e+00 -1.407450516031894638e+00 -1.406349415502481826e+00
-1.390962208768303787e+00 -1.417644107354982363e+00 -1.386344015286782749e+00 -1.394348577009720369e+00
-1.365720356786672696e+00 -1.453547166042322925e+00 -1.452363962660002006e+00 -1.364191307223290517e+00
-1.193762070344202675e+00 -4.324574141163504137e+00 -1.093089525918119032e+00 -1.229444938602379578e+00
-1.244091145738913218e+00 -8.512174598535583447e-01 -1.235459977319889102e+00 -1.246708847896295547e+00
-8.463014779622625161e-01 -1.354999999999999982e+00 -3.587852317594999896e+00 -1.024106267251772229e+00
0.000000000000000000e+00 0.000000000000000000e+00 0.000000000000000000e+00 0.000000000000000000e+00
0.000000000000000000e+00 0.000000000000000000e+00 0.000000000000000000e+00 0.000000000000000000e+00
-3.587852317594999896e+00 -1.142752177949059311e-01 2.709648982009126295e-01 -1.684085345709956105e-01
-2.043216313039543097e-01 1.305601925685739573e-01 4.539194080506099294e-01 -1.917916503970089337e-02
1.931447342655058519e-01 5.103647145895652271e-01 5.645155282727115642e-01 2.258325040662074179e-01
4.514266624593177846e-01 7.179279224317881569e-01 5.935423594357617239e-01 4.126867961309270694e-01
-1.468435614388974075e+00 -1.657145736589072049e+00 -1.566686750224582036e+00 -1.637309825656547702e+00
-1.311635696520699890e+00 -2.608515500000000209e+00 -1.295329672405400645e+00 -3.587852317594999896e+00
-1.311794316098385815e+00 -1.307010276291947326e+00 -1.314985311905778831e+00 -1.314106811400909791e+00
-1.339072366056986541e+00 -1.340102260718972094e+00 -1.337475790842902690e+00 -1.518132850966555925e+00
-1.341260157021372024e+00 -1.348113704371338706e+00 -1.340623745404228906e+00 -1.342478459448968264e+00
-1.342491182461057697e+00 -1.453001929879275123e+00 -1.339579623141298192e+00 -1.341327953796398686e+00
-1.339263576468926908e+00 -1.331531221862438663e+00 -1.332386406729983541e+00 -1.331687522894344555e+00
-1.358893161310777309e+00 -1.349305420607115780e+00 -1.352028535702912482e+00 -1.364869366500619075e+00
-1.378530405376208190e+00 -1.725896894841545626e+00 -1.558959600885930552e+00 -1.375461685616998775e+00
-1.303538108108961202e+00 -4.324574141163504137e+00 -1.544298544048965383e+00 -1.315029378743035826e+00
-1.106975519174529410e+00 -9.397628792327750169e-01 -4.249526823515004104e+00 -9.738365272445383969e-01
0.000000000000000000e+00 0.000000000000000000e+00 0.000000000000000000e+00 0.000000000000000000e+00
-2.608515500000000209e+00 -6.198557437671617931e-01 -3.729067085835499729e+00 -7.271227216821417594e-01
0.000000000000000000e+00 0.000000000000000000e+00 0.000000000000000000e+00 0.000000000000000000e+00
-1.354999999999999982e+00 -3.219813369547337989e-01 -3.970273431285747945e-01 -1.354999999999999982e+00
-2.328657701516452794e-01 -1.811089903891849873e-01 1.595025264224572692e-03 -2.047550000000000203e+00
-1.708271005567957856e-01 -1.700045305487485892e-01 4.068409735849257691e-01 -4.474358597966944795e-01
-2.389704504160560655e-02 -2.030786667444660631e-01 5.537490823323132361e-01 4.261428493849613724e-02
1.364634152768465780e-01 2.930445283779065102e-01 7.045584925456807035e-01 1.366524036286587140e-01
6.059964176068346475e-01 8.201692374595614954e-01 6.871851181908026351e-01 5.582671208481126968e-01
-1.325674304601250686e+00 -1.312270970368805134e+00 -3.970544339526754563e+00 -1.328018567269030781e+00
0.000000000000000000e+00 0.000000000000000000e+00 0.000000000000000000e+00 0.000000000000000000e+00
-4.324574141163504137e+00 -1.267375696909799121e+00 -1.293946474084175069e+00 -1.271693103409621939e+00
-1.432141943628158831e+00 -1.355837878218681514e+00 -1.353239125875555837e+00 -1.357086174405711443e+00
-1.351685485268885101e+00 -1.547115296198568357e+00 -1.543080225728521437e+00 -1.345325337176005664e+00
-1.216519541336731791e+00 -4.166140915016670832e+00 -1.211419722854061520e+00 -1.207021187023094910e+00
-1.319662907040636934e+00 -1.522031063724099020e+00 -1.433130691525630107e+00 -1.331330154282931666e+00
-1.320952274848416597e+00 -4.166140915016670832e+00 -1.298141876482200807e+00 -1.300294026738891162e+00
-1.351540449053695525e+00 -1.222889896000417531e+00 -4.324574141163504137e+00 -1.258345911135679396e+00
0.000000000000000000e+00 0.000000000000000000e+00 0.000000000000000000e+00 0.000000000000000000e+00
-2.847663950000000277e+00 -8.525822174433810297e-01 -7.749502812236053195e-01 -1.055642825147944830e+00
-6.418070015079405666e-01 -5.970574495442083629e-01 -5.849018327862895994e-01 -3.430947019550000032e+00
-6.729483550877756182e-01 -6.495880974031734700e-01 -4.183200992027816811e-01 -7.949631631689100253e-01
-4.083907548255226727e-01 -4.266818305630232233e-01 -2.896120029263221651e-01 -2.847663950000000277e+00
-3.650621066749223376e-01 -3.781950145817678521e-01 -1.528797091629491289e-01 -3.512114837429092251e-01
-2.932894707709234883e-01 -3.350887112386607969e-01 -2.004323607567776167e-03 -2.394416077842447532e-01
-2.238218419306378659e-01 -2.603593957189294650e-01 7.033213433974824791e-03 2.253358728487548646e-01
-5.004141091934893870e-02 -3.062897555000000160e+00 5.507757783614430913e-01 -2.825905548197894801e-02
-2.770338833991155547e-01 2.025339648841700535e-01 8.558395771265406848e-01 1.314520239382492850e-01
6.036260804348044795e-01 9.999999999999995559e-01 8.217748064095224958e-01 7.182093396648376871e-01
-1.285712206843204308e+00 -1.288336505649038344e+00 -1.454345166293617098e+00 -1.288584588580383716e+00
-1.180666752225544958e+00 -1.161807257904123647e+00 -1.190856718916751822e+00 -3.856160377251949711e+00
-1.398628667141164739e+00 -1.337873136887282488e+00 -1.336306499244793500e+00 -1.593388917888049372e+00
-1.344471334740515944e+00 -1.356329852450730344e+00 -1.414884580097597544e+00 -1.350448180124135034e+00
-1.207595504585248225e+00 -1.390604828199471399e+00 -4.073489905574079195e+00 -1.194905110176118557e+00
0.000000000000000000e+00 0.000000000000000000e+00 0.000000000000000000e+00 0.000000000000000000e+00
-3.430947019550000032e+00 -9.836855659954673037e-01 -2.847663950000000277e+00 -9.946559121635819567e-01
0.000000000000000000e+00 0.000000000000000000e+00 0.000000000000000000e+00 0.000000000000000000e+00
-3.856160377251949711e+00 -1.186972782634660106e+00 -1.014684368809209536e+00 -1.246422744330186294e+00
-8.498108288574836022e-01 -8.557180169632320199e-01 -8.495451725770906126e-01 -2.847663950000000277e+00
-7.861216584083693393e-01 -7.908941930544659549e-01 -7.766390172997912344e-01 -7.912553284026413447e-01
-7.199144604575227202e-01 -7.067558144150276611e-01 -6.747771334245471486e-01 -7.032847444267238401e-01
-6.573204331539376222e-01 -6.108628546165666418e-01 -5.517246989413618907e-01 -6.021683870787272186e-01
-5.463481886172063540e-01 -5.066839002752541177e-01 -4.250205788184974742e-01 -5.560321262420719890e-01
-4.922848851615787558e-01 -4.113048273726619408e-01 -4.035177581446650619e-01 -2.991387060481174309e-01
-3.387449205139035913e-01 -3.446898227756723387e-01 -3.660634914872314960e-01 -2.711305003348649101e-01
-2.870662992805323444e-01 -2.792429399748263541e-01 -1.354999999999999982e+00 -1.234567251115639697e-01
0.000000000000000000e+00 0.000000000000000000e+00 0.000000000000000000e+00 0.000000000000000000e+00
-9.499999999999999556e-01 -1.900000000000000300e-02 6.861894039100000509e-01 0.000000000000000000e+00
0.000000000000000000e+00 0.000000000000000000e+00 0.000000000000000000e+00 0.000000000000000000e+00
