-1.041247900165347628e+00 -9.907358039407486716e-01 -9.910283782771939221e-01 -1.041275833873092749e+00
-1.041274867404689219e+00 -9.376978264281800035e-01 -9.379328629160311737e-01 -9.911313255588398707e-01
-9.912621630282614227e-01 -8.819456692907324813e-01 -8.982290524484763949e-01 -9.380692147696336747e-01
-9.384112574948857421e-01 -8.398687552947725621e-01 -8.407438806614518922e-01 -8.992415101752946338e-01
-8.981009344164543329e-01 -7.796758177781479837e-01 -7.816403826143414335e-01 -8.409052618045220751e-01
-8.410583411981844559e-01 -7.150878179017770009e-01 -5.000000000000000000e+00 -7.795954613038332814e-01
0.000000000000000000e+00 0.000000000000000000e+00 0.000000000000000000e+00 0.000000000000000000e+00
-4.999999999999872990e+00 -6.185598445028740455e-01 -7.469403583755447329e-01 -7.549090054522580306e-01
-8.018044987874695106e-01 -5.329948015985581655e-01 -6.832787129671747950e-01 -7.500448749225296918e-01
-7.473911988773773718e-01 -5.183632955850938639e-01 -6.658122970495238269e-01 -7.014403525485684021e-01
-5.951162372456986205e-01 -5.554359836775309978e-01 -7.116012592943852244e-01 -6.330612080186659441e-01
-6.664522732412617723e-01 -6.736605487169307072e-01 -7.333380200737268373e-01 -7.245901286050806522e-01
-9.910349131338458406e-01 -9.375641089682217322e-01 -9.377975293779468036e-01 -1.041284711587432410e+00
-9.910767716029601493e-01 -8.816299549377700773e-01 -8.819850130328807936e-01 -9.910554342433319785e-01
-9.379328923512687544e-01 -8.230825768729100878e-01 -8.398923752296760803e-01 -9.379459135733689834e-01
-8.822383613470037300e-01 -7.787711955371509065e-01 -7.788932003912800717e-01 -8.983399688259704474e-01
-8.403748251876582698e-01 -7.130905526870965350e-01 -7.160298720052008514e-01 -8.406969903794365706e-01
-7.791785346428966585e-01 -6.473901831766832871e-01 -6.555200010441619707e-01 -7.795723011492965426e-01
-7.216376917037874428e-01 -5.774182200941242460e-01 -5.962245263023525643e-01 -5.000000000000000000e+00
-6.530578774016395638e-01 -5.013652206188389249e-01 -5.128290148544785154e-01 -7.443141343216264083e-01
-5.857189638020624534e-01 -4.141650803079595655e-01 -6.125198045393394075e-01 -6.159403420407199015e-01
-5.121406816855057498e-01 -3.823699383902641191e-01 -5.372374555592126510e-01 -6.940104376811215836e-01
-4.668712716518620409e-01 -4.301154527813604300e-01 -6.794191501291311219e-01 -6.661003052064814467e-01
-5.881854324891343522e-01 -5.739848572394092852e-01 -6.645424417786855997e-01 -7.253823677200255116e-01
-9.376649357990849420e-01 -8.812747503648530323e-01 -8.816315892296452406e-01 -9.908079779642605667e-01
-9.375784297689029323e-01 -8.225610555668041446e-01 -8.227601031670280785e-01 -9.380109795383636540e-01
-8.816679151858479724e-01 -7.607550790365987803e-01 -7.787934145996491253e-01 -8.819946118678373415e-01
-8.228351015438919447e-01 -8.231835480521959569e-01 -7.126398873664688827e-01 -8.399496026981695396e-01
-7.790695272859646803e-01 -5.000000000000000000e+00 -6.438577759547607915e-01 -7.791703681129930059e-01
-7.145858101341581170e-01 -5.000000000000000000e+00 -5.714858311864998708e-01 -7.159359640407055858e-01
-6.453308114644911164e-01 -5.014244786524700848e-01 -4.945884672551638661e-01 -6.493834743437831847e-01
-6.079454966073168931e-01 -4.152805169793832296e-01 -4.131288758315342924e-01 -5.852718686560774985e-01
-5.133915716601835655e-01 -3.288694516267136048e-01 -3.585925552062050881e-01 -5.026808389745276440e-01
-4.299030655856792005e-01 -2.568952391554136794e-01 -2.973829073783948451e-01 -4.752229773480169950e-01
-3.756193292739626877e-01 -2.068219877697218823e-01 -5.750413741925749500e-01 -5.171361973770526310e-01
-6.205010644561225197e-01 -4.818588970648614023e-01 -6.147792585866476145e-01 -6.480103344699897905e-01
-8.812663014315245125e-01 -8.225878536003610186e-01 -8.223288400156888445e-01 -9.374254331748381741e-01
-8.812634400578444049e-01 -7.603066647199583361e-01 -7.604600464072311938e-01 -8.817734257459008962e-01
-8.226897465174509705e-01 -6.949901874576311922e-01 -8.228879404410344156e-01 -8.227995908020904192e-01
-7.609068223616928250e-01 -5.000000000000000000e+00 -5.000000000000000000e+00 -7.789084204932008593e-01
0.000000000000000000e+00 0.000000000000000000e+00 0.000000000000000000e+00 0.000000000000000000e+00
0.000000000000000000e+00 0.000000000000000000e+00 0.000000000000000000e+00 0.000000000000000000e+00
-5.000000000000000000e+00 -4.281529123326497377e-01 -4.208039309177113996e-01 -5.983785666254888280e-01
-5.071724642560592189e-01 -3.374530734462899972e-01 -3.286899738626116174e-01 -5.016666865210963611e-01
-4.134784761469489922e-01 -2.373120713866775922e-01 -2.565064667105625973e-01 -4.135378082023785096e-01
-3.290158799575821913e-01 -1.561904122423998509e-01 -1.601169798420251367e-01 -3.950190681869198417e-01
-2.722517696029382872e-01 -6.129968517668186317e-02 -3.413326789990415167e-01 -3.366257699064869602e-01
-2.328998865999782897e-01 -2.127577585087009615e-01 -5.442818305141057245e-01 -5.741164388265963536e-01
-8.228110565609298988e-01 -7.604928646433058992e-01 -7.604723483013130503e-01 -8.824718781154334835e-01
-8.230292474165282757e-01 -6.954794637133866475e-01 -6.949524987638978635e-01 -8.224405696311359870e-01
-7.603466992007477110e-01 -6.262585166213667787e-01 -5.000000000000000000e+00 -7.604543076580857486e-01
0.000000000000000000e+00 0.000000000000000000e+00 0.000000000000000000e+00 0.000000000000000000e+00
-4.999999202838499635e+00 -4.926733388044685635e-01 -5.564113546036195679e-01 -4.999999998062897077e+00
-6.714217110435196645e-01 -4.845489961710217619e-01 -4.605514610971346290e-01 -4.999999999418869301e+00
-5.393859691678857260e-01 -3.665910141679011858e-01 -3.341135976247380790e-01 -5.333601000050230967e-01
-4.281762974114623477e-01 -2.340926371001279815e-01 -2.385882451604265930e-01 -4.221181278327179598e-01
-3.287136322868048355e-01 -1.430251787008756659e-01 -1.577269098587529006e-01 -3.349569334640723484e-01
-2.373069926106133598e-01 -5.269692659866788420e-02 -6.881141066402618467e-02 -2.680800424196212450e-01
-2.035785531895807077e-01 5.759314453722601257e-02 -2.627214231227628094e-01 -1.654066314183774145e-01
-7.871082921447133951e-02 -9.382288054375487185e-02 -3.761542075595931123e-01 -4.482234021042001415e-01
-7.635103468369244251e-01 -7.083077344709898249e-01 -6.950912649153717648e-01 -8.256387519049214196e-01
-7.612972494241738719e-01 -5.000000000000000000e+00 -6.261521494162274326e-01 -7.603178729437081174e-01
-6.962089545893643816e-01 -5.537296214745581757e-01 -5.552030115991475334e-01 -6.956677006810929598e-01
-6.278634507736643444e-01 -4.780804287304983857e-01 -4.908075910154389709e-01 -5.000000000000000000e+00
-5.672960522102586944e-01 -4.048505660736372302e-01 -4.335272791459029440e-01 -5.765126830217575105e-01
-4.960704088334644823e-01 -3.750185992590889250e-01 -3.263310128955518863e-01 -5.741388120104626847e-01
-4.436358881571411672e-01 -2.839973488481734587e-01 -2.358250052499653027e-01 -4.381758775813044404e-01
-3.492629221256389749e-01 -1.928960971343006703e-01 -1.336256283403273182e-01 -3.444721758456903982e-01
-2.446915307973428488e-01 -5.302914606458268565e-02 -2.940910543833320095e-02 -2.364370492247639677e-01
-1.351313736159674428e-01 8.144541127147830739e-02 5.049381747778999840e-02 -2.004314097787767701e-01
-3.907092422479258031e-02 2.011733774121108043e-01 -5.129097703028788480e-02 -6.027982834646103405e-02
8.466299200028205851e-02 1.028083594549128454e-02 -7.067914307799498530e-02 -2.290262744085479196e-01
-7.147369205175916340e-01 -6.375295682946664488e-01 -5.000000000000000000e+00 -7.659645507750836302e-01
0.000000000000000000e+00 0.000000000000000000e+00 0.000000000000000000e+00 0.000000000000000000e+00
-5.000000000000000000e+00 -4.774732590192464765e-01 -4.787416850059971196e-01 -6.286191981609207113e-01
-5.557292732663731138e-01 -3.966926587400750881e-01 -3.971494053771788546e-01 -5.647448919997496430e-01
-4.912933757547751634e-01 -3.108169693383573406e-01 -3.725945985244978331e-01 -4.966493123815390320e-01
-4.381156749323699695e-01 -4.999999999999576339e+00 -2.858771780661780726e-01 -4.373127894232446966e-01
-3.840694340958335506e-01 -3.289032370897698732e-01 -1.667639181196038933e-01 -4.168658723569813596e-01
-2.850149090631799442e-01 -4.999999999999872990e+00 -5.848147756496197003e-02 -2.571584611196607861e-01
-1.934748648222851530e-01 7.994107501889094469e-02 3.898133255786941087e-02 -1.484899398057860365e-01
-4.523027228181921572e-02 2.003615398797884972e-01 1.519303066745738839e-01 -2.961100673354325474e-01
-6.768026174784805282e-02 3.178493263956714832e-01 5.311777814688057459e-02 8.593950207167641575e-02
1.522884856057842295e-01 1.947977483230619311e-01 5.707300765164025763e-02 -7.840013186867304806e-02
-6.487317904420032422e-01 -5.000000000000000000e+00 -5.616193513210140376e-01 -7.261431586371589475e-01
-6.499876799185566600e-01 -5.016391760303214875e-01 -4.780454790357439587e-01 -5.000000000000000000e+00
-5.552641090721712747e-01 -4.008130246100025107e-01 -3.973359696029512556e-01 -5.536774615910056152e-01
-4.781820005224873271e-01 -3.122167488775792754e-01 -3.131849367537232753e-01 -4.777454031622402897e-01
-4.022574622581870374e-01 -2.206864913061269973e-01 -4.999999999999996447e+00 -4.145238445687257633e-01
0.000000000000000000e+00 0.000000000000000000e+00 0.000000000000000000e+00 0.000000000000000000e+00
-4.999991142649999887e+00 -2.170884000570153793e-01 -4.999901584999999926e+00 -2.869291348814935749e-01
0.000000000000000000e+00 0.000000000000000000e+00 0.000000000000000000e+00 0.000000000000000000e+00
-4.999999998062897077e+00 2.024414225927791133e-01 1.900163190910843791e-01 -1.112416174154607917e-01
7.574258987034809820e-02 3.129879970490245800e-01 3.188654064011774980e-01 7.654002067403811727e-02
1.760192057058876935e-01 4.413388001670687233e-01 2.020879208808451788e-01 1.981227493970902087e-01
3.189547278445846179e-01 -1.607279118561594500e-01 1.985494381899712280e-01 3.148638744273557499e-02
0.000000000000000000e+00 0.000000000000000000e+00 0.000000000000000000e+00 0.000000000000000000e+00
-4.999999999995292654e+00 -4.378693241582825579e-01 -4.120601110117877441e-01 -5.550351993833831932e-01
-4.916611715649039649e-01 -3.786567168661613136e-01 -3.124241878857370036e-01 -4.799457446814873185e-01
-4.021056685363255112e-01 -2.490037831471546004e-01 -2.139646826995554585e-01 -3.986498566071333682e-01
-3.109542932243050672e-01 -1.164722980172109013e-01 -1.216213006522410406e-01 -3.169884076029709785e-01
-2.271751335874172828e-01 -1.264290545463658301e-02 -2.029937361514132232e-02 -4.999999999947698726e+00
-1.482106627344992045e-01 9.228263604463524117e-02 8.111415168282905264e-02 -3.128375280184668150e-01
-2.369875061431574517e-02 2.036332760129944686e-01 1.935597768856386347e-01 -4.987849999999999895e+00
8.121088507329490835e-02 3.204690086532273607e-01 3.193701990173863359e-01 6.313926896847679715e-02
2.031598283686581186e-01 4.413320059608285550e-01 4.425708509393186385e-01 1.997326095676743019e-01
3.193534809476112346e-01 5.719075053298458000e-01 5.091925709372309150e-01 2.286611685865556631e-01
2.590571223303156367e-01 6.975463182168033516e-01 3.857025458865203649e-01 -2.297142517895270353e-02
-5.951020880304196403e-01 -5.832838902230386147e-01 -5.560002916091142389e-01 -4.999970475499999623e+00
-6.169068016987924175e-01 -5.250566256963568046e-01 -3.289811808621476708e-01 -5.498781973148063607e-01
-4.674871538516786607e-01 -2.383728395611660056e-01 -2.721656499783718930e-01 -4.024656980506646775e-01
-4.285585695148638186e-01 -1.339762575102312336e-01 -1.178388165371073160e-01 -3.175957713958502682e-01
-2.162728142572010737e-01 -2.583295700578195839e-02 -1.234525257421552162e-02 -2.204482217149065226e-01
-1.123985109919953401e-01 5.829158131099747286e-02 9.245836282640490511e-02 -1.134889267867458945e-01
-1.267376898534867610e-02 1.853819597244913131e-01 2.048440140956332145e-01 -7.000645609561571836e-02
9.189471860284795235e-02 3.211021029136456040e-01 3.209859112871897846e-01 8.232355374917202373e-02
2.048050833462799480e-01 4.156967979911544431e-01 4.433786250213228586e-01 2.043119848637337810e-01
3.180671985530517110e-01 5.720650805695972618e-01 5.716184889242221789e-01 3.187521817619081155e-01
4.433481003683968913e-01 7.074994880899215799e-01 7.069657339606832958e-01 3.808259170587530718e-01
5.679064053900350073e-01 8.499594338881240052e-01 7.070277011514377596e-01 4.272558855093654406e-01
-5.314181239861448525e-01 -6.005728731237963691e-01 -5.139711524908318063e-01 -6.073078951209438525e-01
-5.426906058113534215e-01 -5.281862550353197960e-01 -4.557629276205956703e-01 -5.539963686216368144e-01
-5.272624684443218968e-01 -3.857705779233904231e-01 -1.287725999352492823e-01 -3.299000219827117886e-01
-2.455465133727774141e-01 -2.517212420929847982e-01 -2.801161118722268750e-02 -2.628794589841703111e-01
-1.460133647274942659e-01 -1.394935382520937073e-01 8.903979170430749435e-02 -1.265823703767057773e-01
-2.330418306313900706e-02 1.064341160499723549e-01 2.000387369298680384e-01 -3.499578363560292005e-02
7.800492081527918287e-02 2.705578117763710044e-01 3.210664154393968461e-01 4.979617069616432135e-02
2.021378460128449572e-01 4.385028487005314668e-01 4.434858925057743595e-01 2.043771179155627060e-01
3.031738560749581701e-01 5.405220537800953240e-01 5.721233438945034777e-01 3.196451966816769019e-01
4.434113305500004820e-01 7.055224810059641527e-01 7.074999653493465601e-01 4.225237260290259367e-01
5.721178796361791052e-01 8.499999963527032909e-01 8.498767854661756216e-01 5.719502021852872486e-01
7.068067843852743337e-01 9.999982285299999774e-01 8.446039577831536693e-01 6.884289645808581160e-01
-5.652789567859316522e-01 -5.934325721372621931e-01 -5.590554622883345814e-01 -5.789001679474452544e-01
-5.317873282249879763e-01 -5.318927472900929487e-01 -5.140679011470161708e-01 -5.050118775944641980e-01
-5.340262091802051581e-01 -5.426468323858305576e-01 -2.915891006374317085e-01 -2.374565747942546934e-01
-4.234939113501466901e-01 -3.849742125301539586e-01 -2.027764031462026828e-01 -1.327626386014016668e-01
-3.306082924491361985e-01 -1.669314333128583128e-01 1.788447651371465608e-01 -3.851738209697577742e-02
-1.841941868999219523e-03 1.070719522408365154e-01 3.136544522126504808e-01 5.257124539401981933e-02
1.646931174068904102e-01 3.075957606734142091e-01 4.377170279986207779e-01 2.027552687807111231e-01
3.046333073942441017e-01 4.248720876918894995e-01 5.715272371115829309e-01 3.155235491635565714e-01
4.386225206958778156e-01 5.681256334110811324e-01 7.074477662520421983e-01 4.104908309441131498e-01
5.648593843791264169e-01 6.998494010474582971e-01 8.499999935871009882e-01 5.648663267118813058e-01
7.074993639320520389e-01 8.496853517298288416e-01 9.999999987085983477e-01 7.074939783089655432e-01
0.000000000000000000e+00 0.000000000000000000e+00 0.000000000000000000e+00 0.000000000000000000e+00
