-3.019695271562494732e+00 -3.052496720776495920e+00 -2.994661642706947013e+00 -3.018122450878616192e+00
-3.045726109938664106e+00 -2.949035297183619786e+00 -2.917354067537271778e+00 -2.970307469089382479e+00
-2.957639405103313468e+00 -2.851708112464455880e+00 -2.846385479957541875e+00 -2.861360324628461349e+00
-2.808841074455838971e+00 -2.776085822963653804e+00 -2.772454761404854473e+00 -2.781820017631716713e+00
-2.704610777233612318e+00 -2.699345751928174053e+00 -2.733512040385375652e+00 -2.728336194689772398e+00
-2.592496693567372112e+00 -2.574580909126410244e+00 -4.998786252774841898e+00 -2.576108629013595941e+00
0.000000000000000000e+00 0.000000000000000000e+00 0.000000000000000000e+00 0.000000000000000000e+00
-4.933486026763544530e+00 -2.153918428853257794e+00 -2.135297082028464466e+00 -2.369400683453870116e+00
-2.446593158517031075e+00 -2.193477867875640808e+00 -2.177649084107558863e+00 -2.181022432508628484e+00
-2.134604687785241151e+00 -2.139045646246538812e+00 -2.136178384218010873e+00 -2.136124522811024384e+00
-2.097215454462198814e+00 -2.080542879486274810e+00 -2.079921499014321551e+00 -2.080352296471879470e+00
-2.032299950984559622e+00 -2.029160024992882505e+00 -2.025489652326657453e+00 -2.029781366492651173e+00
-1.985811348433820234e+00 -1.998874573025404056e+00 -1.974864001752802967e+00 -1.984625948574288312e+00
-1.944784786452348424e+00 -1.927418450277682105e+00 -1.921076122128060115e+00 -1.935115436875361805e+00
-1.886016641171621266e+00 -1.869122210662964356e+00 -1.870767449768102164e+00 -1.872839373297932042e+00
-1.835055752203066159e+00 -1.826460264170092440e+00 -1.828603955161574479e+00 -1.824237960757588262e+00
-1.799904772825194010e+00 -1.796147625794652480e+00 -1.792528033896099382e+00 -1.787256416091024702e+00
-1.763779273924322322e+00 -1.768929216634728796e+00 -1.766766616755218955e+00 -1.762218862943885744e+00
-1.751748982772084462e+00 -1.745849160602812367e+00 -1.746151457000957308e+00 -1.747951414634380862e+00
-1.739919107464768633e+00 -1.733999315750968995e+00 -1.730798084388489144e+00 -1.735986452490379861e+00
-3.449773331365132201e+00 -4.999997008070967475e+00 -2.916613695037438614e+00 -2.894186013553584846e+00
-3.115526923960366013e+00 -4.999999999953073981e+00 -2.784617059490390290e+00 -2.797815171814375113e+00
-2.837392988214233469e+00 -2.836533524568503939e+00 -2.774842916562098694e+00 -2.779912251425119329e+00
-2.790661110390644239e+00 -2.691800995684897835e+00 -2.699297956608572413e+00 -2.786322035116594709e+00
-2.691779539949787914e+00 -2.613353869625599124e+00 -2.630727529084383232e+00 -2.695435537807054249e+00
-2.570448971792132387e+00 -2.535017024018569654e+00 -2.658228946244943103e+00 -2.567418065798547033e+00
-2.313254323199973594e+00 -2.326780634241113255e+00 -2.312824782413754665e+00 -4.994694416940018478e+00
-2.334460941566391945e+00 -2.295435423769399463e+00 -2.288412342632654806e+00 -2.636323732612265935e+00
-2.243601144109973244e+00 -2.227949534774866791e+00 -2.226918208169745839e+00 -2.229258689233271973e+00
-2.186825430253521052e+00 -2.201975093747183809e+00 -2.156448864979358948e+00 -2.164071093139664281e+00
-2.111908751248478655e+00 -2.114075157061898302e+00 -2.354100262398710175e+00 -2.106768839149896433e+00
-2.031746851071983606e+00 -4.845484228086837319e+00 -2.013047269591929478e+00 -2.013617122535066972e+00
-1.982131315739327659e+00 -2.120296813988387985e+00 -1.973642162888097573e+00 -1.974126952995989948e+00
-1.932047211801761755e+00 -2.087559932759808667e+00 -1.913934926654553115e+00 -1.914783150320571892e+00
-1.863637994577764356e+00 -1.853238528518486028e+00 -1.850709920330990688e+00 -1.850935925029967510e+00
-1.813357461840681362e+00 -1.803607456999274827e+00 -1.806860555237599364e+00 -1.805297601057068047e+00
-1.779064181196218009e+00 -1.783417722288534568e+00 -1.782439576811097215e+00 -1.786131687184897121e+00
-1.761879841702959748e+00 -1.759987526234625177e+00 -1.756346305292969090e+00 -1.753709406851615471e+00
-1.737409042263080350e+00 -1.733716318939244383e+00 -1.736363857131379085e+00 -1.735858436724021514e+00
-1.723287707622454423e+00 -1.720545552187430882e+00 -1.724268288566806362e+00 -1.724322842397196354e+00
0.000000000000000000e+00 0.000000000000000000e+00 0.000000000000000000e+00 0.000000000000000000e+00
0.000000000000000000e+00 0.000000000000000000e+00 0.000000000000000000e+00 0.000000000000000000e+00
-4.999997576537484001e+00 -2.564231996845814709e+00 -2.563267440971173095e+00 -2.581087477636409222e+00
-2.666810199018240013e+00 -2.616734349283353467e+00 -2.614741033282326210e+00 -2.676902130515080636e+00
-2.598364658604576327e+00 -2.548247687311453014e+00 -2.531891058135108619e+00 -2.602793718260294931e+00
-2.532397937256546161e+00 -2.469249318584161301e+00 -2.449960500968785482e+00 -2.552290730923477469e+00
-2.405022850729060302e+00 -2.384685010191437637e+00 -2.365453559244718562e+00 -2.635859107053812433e+00
-2.326883085344321422e+00 -2.277916320161926134e+00 -2.311276588930141873e+00 -2.324850871060506474e+00
-2.260048038690710470e+00 -2.262934726575224431e+00 -2.260414728707428544e+00 -2.261308602848550287e+00
-2.231018750879683044e+00 -2.209351078268138480e+00 -2.398584766913531841e+00 -2.210596768070473228e+00
-2.129106791324170800e+00 -2.121600952395491735e+00 -4.874842224750338460e+00 -2.119452549379974293e+00
0.000000000000000000e+00 0.000000000000000000e+00 0.000000000000000000e+00 0.000000000000000000e+00
-4.601167784615637579e+00 -1.812601879340705047e+00 -1.813178571890005752e+00 -1.808500463237043610e+00
-1.942001991145330120e+00 -4.709251314984799208e+00 -1.800835552196638378e+00 -1.810943187585563940e+00
-2.072114631189918121e+00 -1.950876174527842677e+00 -1.808222475360353299e+00 -1.821048564298941130e+00
-1.758365995007010296e+00 -1.707635503735151827e+00 -1.761452671362614186e+00 -1.780874517195058848e+00
-1.767185959843609488e+00 -1.860813338379277981e+00 -1.766108540264300419e+00 -1.765400540069476998e+00
-1.745853393891485306e+00 -1.742426594459799416e+00 -1.739816690341067673e+00 -1.739135958319322883e+00
-1.713472156579678218e+00 -1.703920640021298949e+00 -1.710898561361096526e+00 -1.719282061982579490e+00
-1.694272502399053693e+00 -1.697735092106791743e+00 -1.696195225075505242e+00 -1.695639597145150335e+00
-2.363459889900116906e+00 -2.360169272112977890e+00 -2.357342607954302949e+00 -4.809239787761526941e+00
-2.356624729729511536e+00 -2.354536833313930266e+00 -2.349171495110621510e+00 -4.976808011567059431e+00
-2.509871954772247893e+00 -2.507585516732432573e+00 -2.514239359306016830e+00 -2.524673077352882267e+00
-2.542098140491464431e+00 -2.537727543214194803e+00 -2.542282716374773432e+00 -2.592170680174282538e+00
-2.471009610890328556e+00 -2.463804697264170951e+00 -2.469519348274985315e+00 -2.553235682464909839e+00
-2.443801373050431103e+00 -2.388133853905964443e+00 -2.397565495706180716e+00 -2.443155816338711261e+00
-2.353060247800943028e+00 -2.287173477464106153e+00 -2.319500592241505732e+00 -2.378682353367351343e+00
-2.265592527101595977e+00 -2.187797749947803183e+00 -2.273529957179583061e+00 -2.259409770892882641e+00
-2.257488251282937064e+00 -2.215110119069283900e+00 -2.501854764393147690e+00 -2.260579117619405221e+00
-2.217881422612660636e+00 -4.917883983658696501e+00 -2.222293750236737253e+00 -2.216938653531328463e+00
-2.487938229954195446e+00 -2.369280714962987311e+00 -2.221263179297881862e+00 -2.470732872988358420e+00
-1.983238094264958340e+00 -4.249526823515004104e+00 -1.941693912588715598e+00 -3.856160377251949711e+00
-1.931501549308047405e+00 -1.845956968467464376e+00 -4.249526823515004104e+00 -1.975618469803698041e+00
0.000000000000000000e+00 0.000000000000000000e+00 0.000000000000000000e+00 0.000000000000000000e+00
-4.738326183486319287e+00 -1.548749060182551318e+00 -1.544395410216179876e+00 -1.551841808211382956e+00
-1.828267219039368507e+00 -1.592993867837107613e+00 -1.714331226985709167e+00 -1.748028236112151745e+00
-1.689479688429505355e+00 -4.738326183486319287e+00 -1.678454588074234310e+00 -1.682492249259782469e+00
-1.920970637348994980e+00 -1.880649855733547371e+00 -1.712810251955621643e+00 -1.719062045637715697e+00
-1.663458422191201214e+00 -1.658000059324772346e+00 -1.662455056118759433e+00 -1.676940546427187595e+00
-1.656662180969170617e+00 -1.657225821536432830e+00 -1.654398026106799646e+00 -1.660609922505577707e+00
-2.382638108436102797e+00 -2.382007030418383575e+00 -2.385702941381825148e+00 -2.608736820056791306e+00
-2.406484335597857349e+00 -2.402060215831982593e+00 -2.414341585047110161e+00 -2.507665089875238174e+00
-2.450884103762175581e+00 -2.450837761627408184e+00 -2.451705499795238996e+00 -2.459038774787730919e+00
-2.482912714370785423e+00 -2.466372948483985805e+00 -2.468172724549020369e+00 -2.470256394505147668e+00
-2.422029529480742127e+00 -2.400941225899974274e+00 -2.377594967781227364e+00 -2.443661412149323198e+00
-2.323398384592748833e+00 -2.323358312723757813e+00 -2.292537240238970320e+00 -2.367877215483781494e+00
-2.313879827817178381e+00 -2.242102300726155129e+00 -2.192306990374033759e+00 -2.322949603773116323e+00
-2.252713889163950434e+00 -2.105553569555723037e+00 -2.181695092747382159e+00 -2.225068035473663386e+00
-2.061048015740512440e+00 -2.020350284548912079e+00 -4.960724163943605269e+00 -2.078444957350086497e+00
0.000000000000000000e+00 0.000000000000000000e+00 0.000000000000000000e+00 0.000000000000000000e+00
-3.856160377251949711e+00 -1.853021272621993898e+00 -4.249526823515004104e+00 -1.867331337293566929e+00
0.000000000000000000e+00 0.000000000000000000e+00 0.000000000000000000e+00 0.000000000000000000e+00
-4.249526823515004104e+00 -1.650068967781304075e+00 -1.715565307998331956e+00 -1.670408315991855464e+00
-1.647621250797791648e+00 -1.461676536594237241e+00 -1.446870343598209763e+00 -4.556853094017375483e+00
-1.795204771343689165e+00 -1.532825672625718338e+00 -1.532326948236116593e+00 -1.656071516221492068e+00
-1.528642826559947210e+00 -1.480462739491934521e+00 -4.392116727047153724e+00 -1.530339792321089964e+00
0.000000000000000000e+00 0.000000000000000000e+00 0.000000000000000000e+00 0.000000000000000000e+00
-4.709251314984799208e+00 -1.429164488124575305e+00 -1.435231717430023091e+00 -1.461712679207777921e+00
-1.629163519053177245e+00 -1.584948726035292355e+00 -1.585170714446531903e+00 -1.593190279684391530e+00
-1.610304833487892662e+00 -1.608663961714606794e+00 -1.609265774922264747e+00 -1.609620175758537552e+00
-2.358872981459644969e+00 -2.361469289908630032e+00 -2.364789085270168734e+00 -2.360407686250809878e+00
-2.372868357358582259e+00 -2.369168697923374811e+00 -2.373677104709530639e+00 -2.379846040049569567e+00
-2.395290095796437591e+00 -2.394182171346888044e+00 -2.396351716633221329e+00 -2.396742990064123280e+00
-2.405356426617243581e+00 -2.394593406930964452e+00 -2.394193221525950488e+00 -2.396081360904775526e+00
-2.372740419526474298e+00 -2.330044821298667745e+00 -2.319223831680428116e+00 -2.334880207997813706e+00
-2.291575239819196419e+00 -2.276268996705705039e+00 -2.229401969608851175e+00 -2.324465628399558614e+00
-2.243533059526950701e+00 -2.167234487403327581e+00 -2.127558344900102760e+00 -2.261088534412417417e+00
-2.212097380655558609e+00 -2.031819173235778653e+00 -2.070038172451705183e+00 -2.196382557348126596e+00
-2.090051999694738427e+00 -1.916232080379587144e+00 -2.226817773074273088e+00 -2.165896665241669794e+00
-1.907598626100074135e+00 -1.883036119885715509e+00 -1.910936952263348809e+00 -4.898622202047773655e+00
-1.822872746559851764e+00 -1.752787798445152756e+00 -2.052417388766759831e+00 -1.886456017307632793e+00
-1.667642216114198384e+00 -1.667711475137655386e+00 -1.643692314327323656e+00 -4.764493565137687625e+00
-1.657079719718367983e+00 -1.533305492248420610e+00 -1.617132726544475707e+00 -1.631141231700150573e+00
-1.590644294008811244e+00 -1.548392629970122503e+00 -1.548418901471033671e+00 -1.751807173347825097e+00
-1.497553662101706484e+00 -1.442866871970006404e+00 -1.489750539100402671e+00 -1.492017607174602079e+00
-1.491273402481194221e+00 -1.354946143559637051e+00 -1.738340740471462365e+00 -1.475073615396940596e+00
-1.422197655432320129e+00 -1.425928823772679488e+00 -1.454124276722593923e+00 -4.556853094017375483e+00
-1.477191596268261353e+00 -1.479996837334955018e+00 -1.490763689300160566e+00 -1.529826049371481034e+00
-1.526123724637626244e+00 -1.525742938533408033e+00 -1.531258448017862595e+00 -1.527394898533691814e+00
-1.565036460414227282e+00 -1.619893212469612820e+00 -1.574478553248664481e+00 -1.576959059221028081e+00
-2.337684118582279869e+00 -2.331190088289368134e+00 -2.331800534213434251e+00 -2.330064456166549114e+00
-2.327943388404685177e+00 -2.326262564641734976e+00 -2.340182981680814400e+00 -2.323634035252569507e+00
-2.341866550162142957e+00 -2.334865228475154986e+00 -2.342303914851726176e+00 -2.346566382979988319e+00
-2.326303772765124567e+00 -2.323756589160529629e+00 -2.325644277215190403e+00 -2.341154769149437875e+00
-2.275431249400885925e+00 -2.266084873769703911e+00 -2.273259569543887970e+00 -2.287219754589393084e+00
-2.276318614573994648e+00 -2.273741495783605071e+00 -2.371305937903130268e+00 -2.276848338164933594e+00
-2.161517051720770688e+00 -4.956360182159561312e+00 -2.062077627724137052e+00 -2.096581015281159033e+00
-2.115927112842376889e+00 -2.061711294558041363e+00 -1.962095961999872573e+00 -2.106125906397922076e+00
-2.075234576876254788e+00 -1.925316425899476380e+00 -1.814686287825117761e+00 -2.039917188752463861e+00
-1.937922677259132254e+00 -1.818684459927565111e+00 -1.719185483714538609e+00 -2.013711879081493183e+00
-1.823353533017082917e+00 -1.697467270234228609e+00 -1.617659554279196277e+00 -1.866724157514420224e+00
-1.748557311113208446e+00 -1.584406579124528758e+00 -1.520562671313268943e+00 -1.714884333857911392e+00
-1.644537791694873130e+00 -1.432243255189799003e+00 -1.550642223119475638e+00 -1.627803455200781624e+00
-1.512314680057151861e+00 -1.491536755779848900e+00 -1.423486722570396212e+00 -1.534396420134160222e+00
-1.459826160421938690e+00 -1.268343750909015410e+00 -1.425957665248933637e+00 -1.459568302165851428e+00
-1.416230387669942470e+00 -1.195280307691167110e+00 -1.380878377854775962e+00 -1.414106800556963695e+00
-1.395339984518970677e+00 -1.393912036661724363e+00 -1.398429500316257457e+00 -1.399732041728274590e+00
-1.425504501672468560e+00 -1.420843507669043992e+00 -1.439800091462151821e+00 -1.438250951589538751e+00
-1.474030669236710445e+00 -1.475159088492439263e+00 -1.473877682507870768e+00 -1.476412230270496506e+00
-1.461042929117287281e+00 -4.392116727047153724e+00 -1.616816038345711748e+00 -1.473853439511765728e+00
-2.302400920259326966e+00 -2.293175083924436919e+00 -2.298677532538529800e+00 -2.305783921053196295e+00
-2.279896251500651339e+00 -2.282150901184953007e+00 -2.281121412140447724e+00 -2.280009603041563082e+00
-2.278589083480575983e+00 -2.274846494794338092e+00 -2.278920212464162098e+00 -2.290640119494372851e+00
-2.252897059060579021e+00 -2.251263548351466248e+00 -2.252216104897164062e+00 -2.280010372382281769e+00
-2.202528762672580687e+00 -2.176737925732570744e+00 -2.362759058625843345e+00 -2.224561003169379436e+00
-2.085191274167020214e+00 -2.080313904294097238e+00 -4.933486026763544530e+00 -2.101213859877555823e+00
0.000000000000000000e+00 0.000000000000000000e+00 0.000000000000000000e+00 0.000000000000000000e+00
-4.933486026763544530e+00 -1.909352835047656516e+00 -1.914111752425923019e+00 -1.926079658570066133e+00
-1.988425341707397820e+00 -1.846066776275993471e+00 -1.815211968145671984e+00 -1.850606730518891130e+00
-1.801932407391240831e+00 -1.767101046650455087e+00 -1.684314398512424038e+00 -1.850213999147725108e+00
-1.747153751160955615e+00 -1.680518267768898566e+00 -1.552124445630131966e+00 -1.718445395368408679e+00
-1.660556409361539476e+00 -1.571483225712126286e+00 -1.419060748863744337e+00 -1.642041571260550503e+00
-1.561051965429951727e+00 -1.421917092432547491e+00 -1.356128410189775035e+00 -1.564345859577894959e+00
-1.507103221388826464e+00 -1.226960765260788566e+00 -1.328400394917873983e+00 -1.526842286379471725e+00
-1.388586520121492196e+00 -1.131031454295445382e+00 -1.309675930300138180e+00 -1.399230920559433322e+00
-1.331620517918617796e+00 -1.021135636527225277e+00 -1.343087674163114809e+00 -1.344736631863282961e+00
-1.324061388623910984e+00 -1.294698340380001644e+00 -1.363082257255586072e+00 -1.329411948023896617e+00
-1.354171192899585208e+00 -1.347363577817222824e+00 -1.642628886311388481e+00 -1.360096551437464996e+00
-1.129407018271975538e+00 -1.134526716625639864e+00 -4.601167784615637579e+00 -1.148559855339862823e+00
0.000000000000000000e+00 0.000000000000000000e+00 0.000000000000000000e+00 0.000000000000000000e+00
-2.252627009106978662e+00 -2.372392945219718552e+00 -2.255835960110376792e+00 -2.259821273598282776e+00
-2.240994704797297565e+00 -2.234290775425991971e+00 -2.236601294068952139e+00 -2.233612794132756818e+00
-2.224003657593500716e+00 -2.215945193110342881e+00 -2.218781855350624443e+00 -2.235706289959538573e+00
-2.187382796924525419e+00 -2.180354640896365215e+00 -2.171829144233028419e+00 -2.201218537451740342e+00
-2.144266054581226211e+00 -2.080854383768291793e+00 -2.126692635247997565e+00 -2.174899208670920014e+00
-2.038289811998674761e+00 -2.019271908316157660e+00 -2.149872825411176525e+00 -2.215589999229978790e+00
-1.891064073137369572e+00 -1.893408963177472426e+00 -1.884216604247280991e+00 -4.926095585292826762e+00
-2.115624759943922850e+00 -1.827781008481524250e+00 -1.836965930191931218e+00 -2.267836580579578154e+00
-1.808642127587001269e+00 -1.752566961114813804e+00 -1.768812164985598789e+00 -1.810946012086623202e+00
-1.712907073692080173e+00 -1.691609744846490404e+00 -1.676188886715338944e+00 -1.736377621853984143e+00
-1.631990411765364524e+00 -1.608877590045888484e+00 -1.568509780515479513e+00 -1.656249446339854714e+00
-1.600454664573746300e+00 -1.517498417985962522e+00 -1.405939177321957612e+00 -1.541323101038841292e+00
-1.545330974689755443e+00 -1.411903843374042289e+00 -1.221798890429792950e+00 -1.513920197921101884e+00
-1.392366331689555148e+00 -1.095020762105151979e+00 -1.188432770314689524e+00 -1.402588839817348720e+00
-1.297090094618497780e+00 -1.004389090685996466e+00 -1.055186506357999265e+00 -1.321930584264141562e+00
-1.235266186377609543e+00 -8.850518868358304703e-01 -1.264476200579019549e+00 -1.304903348769878013e+00
-1.261416544422843122e+00 -1.111167453394444005e+00 -1.262100917408937928e+00 -1.282500916332746987e+00
-1.268084512252502627e+00 -1.273472543444289284e+00 -1.280967478794730052e+00 -1.294569608372240221e+00
-1.271408672608424606e+00 -1.256676009969914798e+00 -1.419231848406504515e+00 -1.514681922402933312e+00
-1.091952157052914707e+00 -1.099182630366474234e+00 -1.308111824618945818e+00 -3.970544339526754563e+00
-2.121248463001728535e+00 -4.828315808985374602e+00 -2.115738829214059535e+00 -2.102849235803879058e+00
-2.212078507222647428e+00 -2.435474453389313787e+00 -2.192974864562774240e+00 -2.199110917408555022e+00
-2.163582045821264455e+00 -2.162401429922145457e+00 -2.159429501172561938e+00 -2.167575486930997997e+00
-2.111210834901565470e+00 -2.107759251569836678e+00 -2.082294339713741227e+00 -2.150395289866254167e+00
-2.052828547487214994e+00 -2.061755396789737294e+00 -1.973423779530504518e+00 -2.095879070389762511e+00
-2.030486849853762266e+00 -2.008765844990579641e+00 -1.881093407196599898e+00 -2.028630172664708020e+00
-1.970679257903265036e+00 -1.873076983003345131e+00 -1.801496323323484638e+00 -1.914120878616928145e+00
-1.845616818198537068e+00 -1.794081053969601713e+00 -1.702829381556581589e+00 -1.849710277948943160e+00
-1.776098630532496836e+00 -1.714405975586221098e+00 -1.587645165639501199e+00 -1.724063292605555908e+00
-1.693820403981211919e+00 -1.652160237148267319e+00 -1.468527075473579968e+00 -1.685449041227315758e+00
-1.607062501189333581e+00 -1.587846910749463047e+00 -1.367751159187856835e+00 -1.618182139187444468e+00
-1.519493894529768685e+00 -1.516603601294902681e+00 -1.263867011392731499e+00 -1.542659776540673322e+00
-1.413750820611495929e+00 -1.457341793872203972e+00 -1.120144254910721449e+00 -1.383916532851169112e+00
-1.368384267389457953e+00 -1.280124988704930189e+00 -1.008603594364525291e+00 -1.277381347020891234e+00
-1.188507541273165380e+00 -9.418330894402072717e-01 -9.374081218453645947e-01 -1.193631306318315932e+00
-1.038783959211252661e+00 -8.345319345490807006e-01 -1.042636801026661342e+00 -1.066405277276646579e+00
-9.014196589561564998e-01 -1.167965845753722087e+00 -1.209984900861909463e+00 -1.242769719936397843e+00
-1.174412530960242229e+00 -1.214619996534042956e+00 -1.216439084383054370e+00 -1.212448336767303125e+00
-1.222872819105391473e+00 -1.315029284358537387e+00 -1.437417136708397214e+00 -1.234881885426026171e+00
-9.325010180005086635e-01 -4.166140915016670832e+00 -1.204293341184223376e+00 -1.146860882415343896e+00
0.000000000000000000e+00 0.000000000000000000e+00 0.000000000000000000e+00 0.000000000000000000e+00
-4.917883983658696501e+00 -2.102708847034043149e+00 -2.108903060931653695e+00 -2.101714019261454069e+00
-2.129308904899001487e+00 -2.118438225836541289e+00 -2.120702983146464771e+00 -2.118051168042251131e+00
-2.095376865650658615e+00 -2.080733414053976826e+00 -2.085232921907746118e+00 -2.086576938607324294e+00
-2.058478546035881429e+00 -2.057670456856646624e+00 -2.080521853355896678e+00 -2.052483240142858989e+00
-2.012865827871825442e+00 -2.366695380087040501e+00 -2.155763825125021071e+00 -2.005247880146798334e+00
-1.837722547143201712e+00 -4.908759981842996112e+00 -1.807002914258481363e+00 -1.811784333468350550e+00
-1.748718352623697792e+00 -1.876081612764673112e+00 -1.730927650376198779e+00 -1.745016969898510739e+00
-1.700250791199395151e+00 -1.634575012511448655e+00 -1.672393108688267738e+00 -1.676880529596675773e+00
-1.630831741403936608e+00 -1.624399601336277366e+00 -1.616230172065610926e+00 -1.611235684494033871e+00
-1.553597287841009811e+00 -1.709275515345870078e+00 -1.554394686243262047e+00 -1.532896959307557649e+00
-1.508809506845076420e+00 -1.648174325425804776e+00 -1.605646188701834953e+00 -1.446592174425809896e+00
-1.357388530528925719e+00 -4.507614548908194685e+00 -1.232887332130897295e+00 -1.317287173082496432e+00
-1.283848155533603652e+00 -1.250882973906180196e+00 -1.064898608078725495e+00 -1.243872972233264651e+00
-1.251130227571507714e+00 -1.020838862471590058e+00 -7.702533195488133755e-01 -1.193743193325089713e+00
-9.667232927621469685e-01 -7.050225058592378691e-01 -1.001524066694485571e+00 -9.471518616078234976e-01
-7.933565453190931649e-01 -1.100059599818025369e+00 -1.167650632657037058e+00 -1.170383628279431543e+00
-1.086408665164415588e+00 -1.364569473950696832e+00 -1.453784340483141868e+00 -1.171695986530800315e+00
-7.941786715230539917e-01 -3.970544339526754563e+00 -3.256607799500000233e+00 -8.265375353101749312e-01
0.000000000000000000e+00 0.000000000000000000e+00 0.000000000000000000e+00 0.000000000000000000e+00
-1.908947457768165989e+00 -1.843929347512645478e+00 -1.836753375795322274e+00 -4.764493565137687625e+00
-2.218597354487160445e+00 -2.036155131147891151e+00 -2.052430752374100553e+00 -2.060899947264760002e+00
-2.070385348748891019e+00 -2.068041407476560067e+00 -2.073085925143887565e+00 -2.079296176004465924e+00
-2.063376752743931064e+00 -2.055312051848640742e+00 -2.056788043882375128e+00 -2.058373273796664460e+00
-2.060330740619750411e+00 -2.065562190729050229e+00 -2.261924822088166032e+00 -2.059897857449232372e+00
-1.950972124178480094e+00 -1.944117528715858523e+00 -4.898622202047773655e+00 -1.916146729452005593e+00
0.000000000000000000e+00 0.000000000000000000e+00 0.000000000000000000e+00 0.000000000000000000e+00
-4.709251314984799208e+00 -1.427948980059669415e+00 -1.441135427708577499e+00 -1.463802537225201483e+00
-1.814127881794129538e+00 -1.553385514344012064e+00 -1.569039102713878586e+00 -1.600042642414295280e+00
-1.576009039634285402e+00 -1.707740009673661019e+00 -1.564270659400507135e+00 -1.566360556478179511e+00
-1.501762637913841125e+00 -4.601167784615637579e+00 -1.587993276096877127e+00 -1.520055109266381876e+00
-1.713963699678283881e+00 -1.564229333715368764e+00 -4.166140915016670832e+00 -1.443743578376048609e+00
0.000000000000000000e+00 0.000000000000000000e+00 0.000000000000000000e+00 0.000000000000000000e+00
-4.507614548908194685e+00 -9.715374598258093020e-01 -9.737271323103625642e-01 -9.876398796830631044e-01
-1.631740427451413122e+00 -6.753488734272573568e-01 -9.648402585259931996e-01 -1.036963520444355691e+00
-9.492581232560941551e-01 -5.092549926961983386e-01 -8.575697486172009221e-01 -8.026244703398163205e-01
-6.664869049484577479e-01 -1.108355945826963174e+00 -1.187652882685306555e+00 -1.053344810308030066e+00
-1.088178409357470677e+00 -3.587852317594999896e+00 -3.062897555000000160e+00 -1.106189430313749833e+00
0.000000000000000000e+00 0.000000000000000000e+00 0.000000000000000000e+00 0.000000000000000000e+00
-1.354999999999999982e+00 -6.133093028933704616e-02 -1.304960475243480966e-01 -1.354999999999999982e+00
-2.005502961969365838e+00 -2.115526697036831827e+00 -2.011579130205145560e+00 -2.169633884085760300e+00
-2.023789241134151151e+00 -1.892000135631930702e+00 -2.013064223858121782e+00 -2.008630150283431615e+00
-2.028346236689189119e+00 -2.285252501975556516e+00 -2.056806201170414017e+00 -2.037041238717085090e+00
-2.031899134290283460e+00 -4.874842224750338460e+00 -2.041583994729084583e+00 -2.025493623692207645e+00
-2.230962747050759365e+00 -2.073203891236762519e+00 -2.144715138467094828e+00 -2.105671185040944415e+00
-1.794258741357511955e+00 -4.738326183486319287e+00 -1.826606729265423112e+00 -1.789880224938437125e+00
-1.682662042869718100e+00 -1.537541661605667187e+00 -1.438443841018992364e+00 -4.249526823515004104e+00
-1.432685128789471518e+00 -1.430032558657459152e+00 -1.436303184874342831e+00 -1.434456143938715567e+00
-1.476118103684343374e+00 -1.475947866803595465e+00 -1.572659339982174220e+00 -1.485174625760669720e+00
-1.400797766080502438e+00 -1.718878801816778434e+00 -4.392116727047153724e+00 -1.436683668224839394e+00
0.000000000000000000e+00 0.000000000000000000e+00 0.000000000000000000e+00 0.000000000000000000e+00
-3.256607799500000233e+00 -3.430947019550000032e+00 -1.459106898003021957e+00 -1.344866935670615105e+00
-1.111256403107161006e+00 -1.719500000000000028e+00 -1.011829517166153769e+00 -3.587852317594999896e+00
-9.682111877366372799e-01 -1.100215834647093383e+00 -8.583593466361217894e-01 -1.092915537147313154e+00
-9.782931373573430234e-01 -8.806216519139321575e-01 -5.338547701860951733e-01 -9.629271199369072720e-01
-6.889427848424806156e-01 -4.034770441900463744e-01 -7.170622261151035071e-01 -7.051974759417887206e-01
-5.255895123039353578e-01 -1.058360416900932410e+00 -4.166140915016670832e+00 -8.964505736007237768e-01
0.000000000000000000e+00 0.000000000000000000e+00 0.000000000000000000e+00 0.000000000000000000e+00
-5.000000000000000000e-01 -8.949979349358175296e-02 -1.030417008530832429e-01 -1.719500000000000028e+00
-1.970460615888878775e-01 -1.654022265706348027e-01 -1.528451555160882380e-01 -2.085402717777197767e-01
-1.982413218242060626e+00 -4.738326183486319287e+00 -1.903743497396636286e+00 -1.896531388546462971e+00
-2.163704457811598481e+00 -1.729418333998278934e+00 -1.973142316092864501e+00 -2.000479431419493359e+00
-1.925106256966442997e+00 -2.058595711433143016e+00 -4.709251314984799208e+00 -2.008121275290675634e+00
0.000000000000000000e+00 0.000000000000000000e+00 0.000000000000000000e+00 0.000000000000000000e+00
-4.073489905574079195e+00 -1.212847966011695755e+00 -4.073489905574079195e+00 -1.227843717187903527e+00
0.000000000000000000e+00 0.000000000000000000e+00 0.000000000000000000e+00 0.000000000000000000e+00
-4.166140915016670832e+00 -1.395115367274825990e+00 -1.399601925429026172e+00 -1.510942593025184522e+00
-1.397661356486131989e+00 -1.396781488558605400e+00 -1.410623449740606050e+00 -1.402804135762007132e+00
-1.410232835190483591e+00 -1.405415313347471384e+00 -1.405604296723240942e+00 -1.451762726978848006e+00
-1.370183483200250629e+00 -1.357380466140222897e+00 -4.641051006154073733e+00 -1.365020126052569838e+00
0.000000000000000000e+00 0.000000000000000000e+00 0.000000000000000000e+00 0.000000000000000000e+00
0.000000000000000000e+00 0.000000000000000000e+00 0.000000000000000000e+00 0.000000000000000000e+00
0.000000000000000000e+00 0.000000000000000000e+00 0.000000000000000000e+00 0.000000000000000000e+00
-4.249526823515004104e+00 -7.863562548845918210e-01 -7.631012985683549577e-01 -8.072491650210900094e-01
-1.037510250052515737e+00 -7.990414557793592554e-01 -3.796483615899691189e-01 -8.028025479385527685e-01
-5.654716593087446563e-01 -2.216667587779605209e-01 -7.392029125262419287e-01 -5.953345323845034009e-01
-4.741616363049304117e-01 -1.611130104462471513e-01 -4.392116727047153724e+00 -5.822971870662716487e-01
0.000000000000000000e+00 0.000000000000000000e+00 0.000000000000000000e+00 0.000000000000000000e+00
-2.047550000000000203e+00 -1.213777150284951201e-01 -1.227638105174752720e-01 -2.210367315357321394e-01
-1.600090518750948154e-01 -1.690511873434418222e-01 -1.697964728365297660e-01 -1.664369636954459997e-01
0.000000000000000000e+00 0.000000000000000000e+00 0.000000000000000000e+00 0.000000000000000000e+00
-4.709251314984799208e+00 -1.571457706445430702e+00 -1.974104383967733245e+00 -1.696998328558922964e+00
-1.803812088641791878e+00 -1.735347342030991502e+00 -4.641051006154073733e+00 -1.795261828692653161e+00
0.000000000000000000e+00 0.000000000000000000e+00 0.000000000000000000e+00 0.000000000000000000e+00
-3.729067085835499729e+00 -1.316273447259618923e+00 -1.253500099148836755e+00 -1.292288198764431018e+00
-1.234586193372071650e+00 -1.226059338436695345e+00 -1.293996275747189229e+00 -4.073489905574079195e+00
-1.438287219614155399e+00 -3.856160377251949711e+00 -1.310512694524043287e+00 -1.336530233941513490e+00
-1.330520741202015023e+00 -1.758239270570753465e+00 -1.331708621239695134e+00 -1.334895038944364343e+00
-1.337554988733449246e+00 -1.340518422124928222e+00 -1.342715828027293279e+00 -1.349265029545852146e+00
-1.309468439357078573e+00 -1.297164988503916927e+00 -1.301388104122754186e+00 -1.366950921886576076e+00
-1.258275438123080070e+00 -1.250571216277665432e+00 -1.339968248318255784e+00 -4.073489905574079195e+00
-1.263194787745723913e+00 -1.114764335248956684e+00 -1.393237801073319737e+00 -3.587852317594999896e+00
-1.183068906149771671e+00 -1.056697968303780044e+00 -1.047894999984077868e+00 -4.073489905574079195e+00
-1.092781216159095514e+00 -1.055785957983240042e+00 -1.234592490272300003e+00 -1.065008195217598486e+00
-7.793099461384185300e-01 -4.249526823515004104e+00 -2.373100341457805573e-01 -6.613853701418769271e-01
-4.885593969530288572e-01 -3.526726373678476523e-01 -3.934967221111409369e-02 -4.442096563402398446e-01
-2.941365586350722650e-01 5.188805045499526175e-02 -2.063067322774457257e-01 -3.389698192290969136e-01
-3.087905802267051358e-01 1.251036792485387961e-01 -2.942906738231727548e-01 -3.587852317594999896e+00
-4.214715642910660254e-01 -4.783303138264178439e-02 -2.220564758601417110e-01 -3.669948153892412801e-01
-1.859777605313491511e-01 -1.167586707605478002e-01 -1.827764357446279853e-01 -1.673192916108318662e-01
-1.448141648478644239e+00 -1.299524698189901795e+00 -1.646465940192949118e+00 -3.729067085835499729e+00
-1.361458240735789582e+00 -4.324574141163504137e+00 -1.510591399818359326e+00 -1.748262698935766801e+00
-1.717740749328074523e+00 -1.384849890219278956e+00 -4.166140915016670832e+00 -1.536070626691369512e+00
0.000000000000000000e+00 0.000000000000000000e+00 0.000000000000000000e+00 0.000000000000000000e+00
-3.970544339526754563e+00 -1.283070353208919823e+00 -1.396891383437286027e+00 -1.417376686037880251e+00
-1.197441823174685949e+00 -1.190419318189748887e+00 -3.970544339526754563e+00 -1.199241463665106533e+00
0.000000000000000000e+00 0.000000000000000000e+00 0.000000000000000000e+00 0.000000000000000000e+00
-4.452905054342438440e+00 -1.231749022880086697e+00 -1.241467500365717624e+00 -1.233542803460590864e+00
-1.307680879414281350e+00 -1.285297903963807720e+00 -1.287586297174888372e+00 -1.296436916719212906e+00
-1.249879439168761541e+00 -1.257194265053577675e+00 -1.251189659194973824e+00 -1.257215239421691111e+00
-1.217368740940098393e+00 -1.205037360590012874e+00 -1.195048017761330073e+00 -1.216120473768050436e+00
-1.086905105217723655e+00 -1.461360573811086194e+00 -1.061046164369489508e+00 -1.110407873331143547e+00
-1.073676171003391078e+00 -9.476117948644977584e-01 -1.069038906239181630e+00 -1.377884038149115975e+00
-1.061900619120528466e+00 -1.173148299599929834e+00 -3.587852317594999896e+00 -1.065288868210107598e+00
0.000000000000000000e+00 0.000000000000000000e+00 0.000000000000000000e+00 0.000000000000000000e+00
-2.342795000000000183e+00 -4.073489905574079195e+00 -3.946272416214700526e-03 -3.930484128265088750e-01
-3.916822138962983146e-01 7.063295842809362568e-02 2.253356307151206661e-01 -1.681387709434095379e-01
1.150723597923413236e-02 3.559213609681420309e-01 2.549080644064692369e-01 -9.213609742386590085e-02
-5.027352207170031340e-02 4.449877506224397816e-01 1.158929555579285564e-02 -2.128441717271468137e-01
-1.204735737062845868e-01 5.339254507492309232e-01 -7.817162867525585812e-02 -1.527833643378524453e-01
-1.462207358094353093e+00 -1.293913998596276871e+00 -4.073489905574079195e+00 -1.522753983311041059e+00
0.000000000000000000e+00 0.000000000000000000e+00 0.000000000000000000e+00 0.000000000000000000e+00
-4.249526823515004104e+00 -1.272540077809151349e+00 -1.255115679894567071e+00 -1.481259917252083502e+00
-1.258634899011315866e+00 -1.237625788732255483e+00 -1.244871415686240379e+00 -4.166140915016670832e+00
-1.518282085867372011e+00 -1.293299787696723824e+00 -1.282738421256130135e+00 -1.303663813401776395e+00
-1.273613878355006612e+00 -1.255509942556281233e+00 -1.457395208690360100e+00 -1.481839295823032199e+00
-1.121849023130842893e+00 -1.136031716966633409e+00 -1.135196216778222578e+00 -4.507614548908194685e+00
-1.378361296706014816e+00 -1.270139960865143136e+00 -1.257849847431503854e+00 -1.260912734446460792e+00
-1.259311457655668542e+00 -1.251256091607306997e+00 -1.255805551535794429e+00 -1.255418003438383945e+00
-1.222908938469801310e+00 -1.223728875132409577e+00 -1.218601729220374130e+00 -1.232144009538951090e+00
-1.185971463377150537e+00 -1.145115402098032531e+00 -1.307988029622100257e+00 -1.184278205251224403e+00
-7.936029956670409558e-01 -4.452905054342438440e+00 -7.568669385194779498e-01 -7.710096936931820633e-01
-1.027233450854052155e+00 -8.186386512306931262e-01 -1.005182761182912721e+00 -1.019404353171350364e+00
-7.932960205036303503e-01 -3.256607799500000233e+00 -2.847663950000000277e+00 -8.215398775285964739e-01
0.000000000000000000e+00 0.000000000000000000e+00 0.000000000000000000e+00 0.000000000000000000e+00
0.000000000000000000e+00 0.000000000000000000e+00 0.000000000000000000e+00 0.000000000000000000e+00
-3.062897555000000160e+00 -7.905951919104617365e-02 3.195415831091802383e-01 -3.482042979064398081e-01
1.606528972858286830e-01 4.915851565239780507e-01 3.911354143686016638e-01 1.152116304519184009e-01
2.568880904364156392e-01 5.966400028657735666e-01 5.318758530314011690e-01 1.843484392397298499e-01
3.128959591643965532e-01 7.395003701837594701e-01 5.078946118049627589e-01 2.781072277572176898e-01
-1.396596669265829815e+00 -1.457870736919765653e+00 -1.501480596027776171e+00 -1.368892321811751689e+00
-1.067853183297164943e+00 -2.342795000000000183e+00 -1.090655920914588517e+00 -4.073489905574079195e+00
-1.301377459867193220e+00 -1.728363551824114719e+00 -1.300964214375855299e+00 -1.592280806091471046e+00
-1.316528206644924426e+00 -1.321912460788103427e+00 -1.317835663159408588e+00 -1.314511174107131364e+00
-1.301419087035744271e+00 -1.294455944679989923e+00 -1.286115938001384906e+00 -1.289195010351191550e+00
-1.259693763910839648e+00 -1.254484978436723130e+00 -1.253370736460960977e+00 -1.251987747069538415e+00
-1.264708381105072998e+00 -1.270560147208886326e+00 -1.264848780287683327e+00 -1.264922855537671476e+00
-1.259502642625706104e+00 -1.382947814255491403e+00 -1.261833279308858913e+00 -1.277825166438336879e+00
-1.255921494787601400e+00 -1.434611096810658903e+00 -1.375914284912592489e+00 -1.261126885559626709e+00
-1.216459847501944136e+00 -3.856160377251949711e+00 -1.287887783830253818e+00 -1.218391973649945559e+00
-1.340806936159029350e+00 -9.766096685269998190e-01 -4.166140915016670832e+00 -1.184183392125075951e+00
0.000000000000000000e+00 0.000000000000000000e+00 0.000000000000000000e+00 0.000000000000000000e+00
-3.430947019550000032e+00 -7.378922407229010494e-01 -2.342795000000000183e+00 -7.822562556434469183e-01
0.000000000000000000e+00 0.000000000000000000e+00 0.000000000000000000e+00 0.000000000000000000e+00
-2.047550000000000203e+00 -1.937350509519967789e-01 -1.749891559310823297e-01 -9.499999999999999556e-01
-2.660385546185626282e-01 -1.527281424241849206e-01 7.071236257692081750e-02 -1.719500000000000028e+00
-1.427021835964767393e-01 -1.622253529800226357e-01 4.051420303202181161e-01 -1.181990296952341313e-01
1.300940865448246483e-02 1.796368233384502411e-01 6.091066041721561186e-01 -2.262687893303443748e-02
3.574919001335359892e-01 6.383004125129385642e-01 7.439197118892832972e-01 4.335918415626910383e-01
5.194933738417883973e-01 8.806465299656305312e-01 7.239796172923241846e-01 5.293514241549045485e-01
-9.561082629982178283e-01 -9.489989345568535795e-01 -3.729067085835499729e+00 -1.001449266822448836e+00
0.000000000000000000e+00 0.000000000000000000e+00 0.000000000000000000e+00 0.000000000000000000e+00
-4.166140915016670832e+00 -1.189682594021626905e+00 -1.185510777664899207e+00 -1.200402576318685410e+00
-1.427151623388896562e+00 -1.320274547937359211e+00 -1.310925561952940965e+00 -1.317967813700337887e+00
-1.300876599318471438e+00 -1.291955969504494428e+00 -1.488075173007272545e+00 -1.295966886723614264e+00
-1.222389815852607864e+00 -4.073489905574079195e+00 -1.220453369305099622e+00 -1.214405707570455517e+00
-1.280572404823731913e+00 -1.356001491092596822e+00 -1.463781951929904901e+00 -1.279804265589045809e+00
-1.175633441282586178e+00 -4.392116727047153724e+00 -1.245909693879261315e+00 -1.159107321096596754e+00
-1.478250418238799213e+00 -1.180028159364531204e+00 -3.729067085835499729e+00 -1.182034880837010471e+00
0.000000000000000000e+00 0.000000000000000000e+00 0.000000000000000000e+00 0.000000000000000000e+00
-3.587852317594999896e+00 -7.943924438275095090e-01 -7.904779334331798468e-01 -1.083386395069855901e+00
-7.399500937959345714e-01 -7.144285635927949407e-01 -7.137088599974883429e-01 -3.587852317594999896e+00
-6.722286668825934175e-01 -6.701857407094697905e-01 -7.481300682169085281e-01 -7.860607471711312799e-01
-4.492785807271608700e-01 -4.516536053046009691e-01 -4.404384963261207542e-01 -3.587852317594999896e+00
-7.567824542346035521e-01 -3.712665270750880597e-01 -3.119422006301083572e-01 -3.793237184631045311e-01
-3.366053012693372426e-01 -3.296464190803031769e-01 -7.758876531770195206e-03 -2.338010590009455825e-01
-2.146357871016713326e-01 -3.169885071020366873e-01 -2.759540674846591157e-01 2.306760556856402578e-01
-5.309768450759583605e-03 -2.608515500000000209e+00 6.840150899641005422e-01 -7.339775976205906161e-02
2.017273423288119538e-01 5.378268462306863285e-01 8.695082598023726739e-01 4.580726741227917342e-01
6.496683241464554781e-01 9.999999999999995559e-01 8.593837654865617015e-01 7.010855947691533308e-01
-9.558328668149946861e-01 -9.619368940175501148e-01 -1.187126425938177743e+00 -9.598586424570973996e-01
-7.926332010078270818e-01 -8.065160217709954615e-01 -8.267081875436101956e-01 -4.166140915016670832e+00
-1.369031147773873025e+00 -1.329213211027240993e+00 -1.331810833663033211e+00 -1.388347692719563931e+00
-1.332400397437773831e+00 -1.338652028188962451e+00 -1.506165529841266171e+00 -1.348657902163461486e+00
-1.268222294770301461e+00 -1.269121429593673689e+00 -4.073489905574079195e+00 -1.272796455553200534e+00
0.000000000000000000e+00 0.000000000000000000e+00 0.000000000000000000e+00 0.000000000000000000e+00
-2.608515500000000209e+00 -1.128840509611704235e+00 -3.430947019550000032e+00 -1.153365889928325672e+00
0.000000000000000000e+00 0.000000000000000000e+00 0.000000000000000000e+00 0.000000000000000000e+00
-2.847663950000000277e+00 -1.095084859661187959e+00 -1.119677327002785550e+00 -1.096525508208150868e+00
-7.561626382517960820e-01 -7.271807947255062299e-01 -7.339935637941340518e-01 -3.430947019550000032e+00
-7.407920253864651583e-01 -7.496591874980246262e-01 -7.420570379069493239e-01 -7.518600076851964520e-01
-6.771098020289947339e-01 -6.754778444887279409e-01 -6.767226587214885125e-01 -8.064932605767036744e-01
-6.150361267544277588e-01 -6.112826409093420343e-01 -5.923328148622557521e-01 -6.238675451669357663e-01
-5.317037486760481935e-01 -5.115987804267715378e-01 -4.595415255652324227e-01 -7.586210976371710046e-01
-4.751532184079079180e-01 -4.417980059492707667e-01 -3.211225524584015445e-01 -4.188559725363061315e-01
-3.738168406292804447e-01 -3.580199501598489986e-01 -4.801894441310815553e-01 -1.732863502482775986e-01
-1.988927806353537331e-01 -2.396052944606374968e-01 -2.608515500000000209e+00 -1.933062654704065242e-01
0.000000000000000000e+00 0.000000000000000000e+00 0.000000000000000000e+00 0.000000000000000000e+00
-1.354999999999999982e+00 -1.900000000000000300e-02 9.576088417247838880e-01 1.385839772676173975e-01
0.000000000000000000e+00 0.000000000000000000e+00 0.000000000000000000e+00 0.000000000000000000e+00
