5.404578550011489568e-01 5.794293210538410399e-01 5.794293210538410399e-01 5.404578550011489568e-01
5.404578550011489568e-01 6.204519168987800981e-01 6.204519168987800981e-01 5.794293210538410399e-01
5.794293210538410399e-01 6.636335967355579957e-01 6.636335967355579957e-01 6.204519168987800981e-01
6.204519168987800981e-01 7.090879965637453264e-01 7.090879965637453264e-01 6.636335967355579957e-01
6.636335963799351312e-01 7.569347332249951599e-01 7.479448796985349590e-01 7.090879701671379820e-01
7.090879838504997590e-01 8.063266832827771236e-01 -5.000000000000000000e+00 5.907743088560255540e-01
0.000000000000000000e+00 0.000000000000000000e+00 0.000000000000000000e+00 0.000000000000000000e+00
-5.000000000000000000e+00 -1.396124727371392815e-01 -1.390194755693698325e-01 -1.390774647885354987e-01
-1.383038666652281479e-01 -1.368856353833442507e-01 -1.371220876272919442e-01 -1.386091699623682449e-01
-1.352461150480190610e-01 -1.349355868463632535e-01 -1.342992449091850171e-01 -1.361260505951781274e-01
-1.374407641209501318e-01 -1.316481845233986592e-01 -1.308747838296267230e-01 -1.330229207418380799e-01
-1.308529202301082772e-01 -1.285970379366174476e-01 -1.277306381313979555e-01 -1.295123891559861740e-01
-1.305069372970817931e-01 -1.244758803361800392e-01 -1.246007099165258730e-01 -1.275076872686791429e-01
-1.273346589762643921e-01 -1.216143609234357770e-01 -1.223457821610880458e-01 -1.207288330453810815e-01
-1.205532128444567752e-01 -1.197445228062789246e-01 -1.192619069909513635e-01 -1.194951437853831594e-01
-1.188486425171797478e-01 -1.168831603478790726e-01 -1.155074583697655033e-01 -1.154000144200780786e-01
-1.177869069172085281e-01 -1.131798175032443649e-01 -1.121617919848314215e-01 -1.141085706847578402e-01
-1.115788535572085627e-01 -1.082360126579285653e-01 -1.097138314730300296e-01 -1.085709258077433986e-01
-1.100292997468798328e-01 -1.064327841336717567e-01 -1.059181960950291157e-01 -1.084012784566158322e-01
-1.060930864934738760e-01 -1.045413767963759566e-01 -1.063608495396316939e-01 -1.065734770289205879e-01
5.794293210538410399e-01 -5.000000000000000000e+00 6.204519168987800981e-01 5.404578550011489568e-01
5.794293210538410399e-01 -5.000000000000000000e+00 6.636335967355579957e-01 5.794293210538410399e-01
6.204519168987800981e-01 7.090879965637453264e-01 7.090879965637453264e-01 6.204519168987800981e-01
6.636335967355579957e-01 7.569347332249951599e-01 7.569347332249951599e-01 6.636335967355579957e-01
7.090879965637453264e-01 8.072997191842055109e-01 8.072997191842032905e-01 7.090879965637453264e-01
7.569347328432149968e-01 8.603149864870840435e-01 8.603154938781111261e-01 6.597078298149521292e-01
8.072800452005790550e-01 9.161215725032749724e-01 8.067002284045559080e-01 -5.000000000000000000e+00
8.602807035244574019e-01 -1.385686245433058739e-01 -1.379086225517547892e-01 -1.410465157010126203e-01
-1.409992756993406482e-01 -1.354023273545536810e-01 -1.347196929586340630e-01 -1.369954133462634172e-01
-1.366861922405158691e-01 -7.956284557175133387e-02 -1.317868227489109034e-01 -1.360482873222202405e-01
-1.321817178260648873e-01 5.999849760802755672e-01 -1.285229575612209796e-01 -1.326778886336587027e-01
-1.286846727807502977e-01 -5.000000000000000000e+00 -1.254032932700847591e-01 -1.304049767244050695e-01
-1.269108357402851106e-01 -1.216144082202865323e-01 -1.220213526692930789e-01 -1.276753932761031385e-01
-1.228596958419550939e-01 -1.188804255837373619e-01 -1.195600006490383505e-01 -1.216910108796951939e-01
-1.211630104224404453e-01 -1.170604693393814122e-01 -1.160978940452628422e-01 -1.179033450469262057e-01
-1.158028704033163825e-01 -1.128059961697510660e-01 -1.139929507539066966e-01 -1.173218270183983142e-01
-1.165496970785230707e-01 -1.096026781061845562e-01 -1.097082417798631443e-01 -1.153870358990110173e-01
-1.130238742332944080e-01 -1.050236550696021648e-01 -1.078365731535309152e-01 -1.091925154327890723e-01
-1.077933202707426485e-01 -1.049254166511725539e-01 -1.077112669302630887e-01 -1.094058533794125126e-01
-1.071449832860533052e-01 -1.040374679216437698e-01 -1.048813264452435057e-01 -1.073018328444007158e-01
0.000000000000000000e+00 0.000000000000000000e+00 0.000000000000000000e+00 0.000000000000000000e+00
0.000000000000000000e+00 0.000000000000000000e+00 0.000000000000000000e+00 0.000000000000000000e+00
-5.000000000000000000e+00 7.569347332249951599e-01 7.569347332249951599e-01 6.636335967355579957e-01
7.090879965637453264e-01 8.072997191842055109e-01 8.072997191842055109e-01 7.090879965637453264e-01
7.569347332249951599e-01 8.603154938781111261e-01 8.603154938781111261e-01 7.569347332249951599e-01
8.072997191841694287e-01 9.161215725032749724e-01 9.161215724867397547e-01 8.072997185257926311e-01
8.603154582298560005e-01 9.748648131613421031e-01 9.747349205231868874e-01 8.603154534410815124e-01
9.113110130421117061e-01 1.036693153520003685e+00 9.017016940416496817e-01 5.226211621570628907e-01
4.483273838085346519e-01 1.099309871734023503e+00 -6.746268582891860877e-02 -1.369017990452020550e-01
-9.215631204547083954e-02 -1.286066847074735509e-01 -1.044053040486833672e-02 -1.345456075623157888e-01
-1.271072757314692381e-01 1.067921749280054122e+00 -5.000000000000000000e+00 2.408501096766814675e-01
0.000000000000000000e+00 0.000000000000000000e+00 0.000000000000000000e+00 0.000000000000000000e+00
-5.000000000000000000e+00 -1.183221524233861038e-01 -1.188339470822167288e-01 -1.216110042132454716e-01
-1.166296377626760833e-01 -5.000000000000000000e+00 -1.165471989697987876e-01 -1.181301937773649030e-01
-1.152927672640984974e-01 -1.128382664563051668e-01 -1.134366163851669856e-01 -1.187323729832304442e-01
-1.161110154303837128e-01 -1.098390384433867578e-01 -1.106467279553382255e-01 -1.099857212451721827e-01
-1.095958395037236188e-01 -1.081102712139507677e-01 -1.081739800681665586e-01 -1.080919538248076434e-01
-1.110565927473348424e-01 -1.041079971428176126e-01 -1.039842077778870971e-01 -1.091618535982748078e-01
-1.068608767413545962e-01 -1.049215730474595820e-01 -1.052034353195488714e-01 -1.055458358227090720e-01
-1.063403248348487595e-01 -1.030233725559767388e-01 -1.028458181386521231e-01 -1.052615707800750172e-01
6.636282369807738890e-01 7.090879965637453264e-01 7.090318100933225010e-01 -5.000000000000000000e+00
6.636335967355575516e-01 7.569347332249951599e-01 7.569347332249951599e-01 -5.000000000000000000e+00
7.090879965637453264e-01 8.072997191842055109e-01 8.072997191842055109e-01 7.090879965637453264e-01
7.569347332249951599e-01 8.603154938781111261e-01 8.603154938781111261e-01 7.569347332249951599e-01
8.072997191842055109e-01 9.161215725032749724e-01 9.161215725032749724e-01 8.072997191842055109e-01
8.603154938781111261e-01 9.748648131613421031e-01 9.748648131613421031e-01 8.603154938781111261e-01
9.161215725024176582e-01 1.036699803327728597e+00 1.036699798757125812e+00 9.161215724623188450e-01
9.748616240746744710e-01 1.101789266660766931e+00 1.101788644671328310e+00 9.746792060400945035e-01
1.036699772113628848e+00 1.170304491074481978e+00 8.346642341169829837e-01 9.543279622256682915e-01
7.320649376723445956e-01 -5.000000000000000000e+00 1.166392172396555127e+00 -1.315827505685211729e-01
6.502771223183232419e-01 1.309845119377664568e+00 -6.458829001532673253e-02 -3.418460391178186619e-02
-3.169196517393678414e-02 -5.000000000000000000e+00 -1.177452948635435426e-01 -5.000000000000000000e+00
-6.436825582231620047e-02 -1.144965999790721334e-01 -5.000000000000000000e+00 -1.204616342732891254e-01
0.000000000000000000e+00 0.000000000000000000e+00 0.000000000000000000e+00 0.000000000000000000e+00
-4.999999999998587796e+00 -1.087062514265078605e-01 -1.091497432311643867e-01 -1.152838789179525397e-01
-1.088062329396868033e-01 1.204384473513094633e+00 -1.072444257232830073e-01 -1.137403978591060572e-01
-1.072482227136112021e-01 -4.999999999418869301e+00 -1.041771599074904214e-01 -1.086694197623622460e-01
-1.051667552566814823e-01 1.725954275495732992e-01 -1.037678635976819058e-01 -1.075166032013526590e-01
-1.042655520991001700e-01 -1.021929953050770140e-01 -1.042094252300393709e-01 -1.053204523270874771e-01
-1.031008162160554631e-01 -1.021290468189373773e-01 -1.043756020545412583e-01 -1.051352679903620468e-01
7.090866566648155178e-01 7.569259217331578693e-01 7.569347332249951599e-01 6.636335375761652777e-01
7.090879965637453264e-01 8.072997191842055109e-01 8.072997191842055109e-01 7.090879965637453264e-01
7.569347332249951599e-01 8.603154938781111261e-01 8.603154938781111261e-01 7.569347332249951599e-01
8.072997191842055109e-01 9.161215725032749724e-01 9.161215725032749724e-01 8.072997191842055109e-01
8.603154938781111261e-01 9.748648131613421031e-01 9.748648131613421031e-01 8.603154938781111261e-01
9.161215725032749724e-01 1.036699803327728597e+00 1.036699803327728597e+00 9.161215725032749724e-01
9.748648131613421031e-01 1.101789266660766931e+00 1.101789266660766931e+00 9.748648131613421031e-01
1.036699803327728597e+00 1.170304491221860088e+00 1.170304491221860088e+00 1.036699803327728597e+00
1.101789266654291888e+00 1.242425780233537003e+00 -5.000000000000000000e+00 1.101786449003966828e+00
0.000000000000000000e+00 0.000000000000000000e+00 0.000000000000000000e+00 0.000000000000000000e+00
-5.000000000000000000e+00 1.397112916891028567e+00 -5.000000000000000000e+00 1.031509340540769148e+00
0.000000000000000000e+00 0.000000000000000000e+00 0.000000000000000000e+00 0.000000000000000000e+00
-4.999999999999988454e+00 1.412661014159510842e+00 3.442500141611562481e-01 -1.180788443783276770e-01
-1.137239517855812843e-01 1.556957860238888713e+00 -1.079217234296082073e-01 -4.999999999984309440e+00
-1.109839586239510095e-01 9.729334126324130638e-01 5.709392961913170028e-01 -1.101752035392066509e-01
3.413795066598108718e-01 1.772183483883375654e+00 -4.999999760851549624e+00 3.396442284228773367e-01
0.000000000000000000e+00 0.000000000000000000e+00 0.000000000000000000e+00 0.000000000000000000e+00
-4.999999993542991739e+00 3.149375130957373647e-01 -1.016111429007210548e-01 -1.029268502774639410e-01
-9.909991957035639565e-02 3.370765798068626751e-01 -1.011763034635398406e-01 -1.065483802654950546e-01
-1.029984946977924032e-01 -9.770964619074404278e-02 -9.999667943910794943e-02 -1.030182740119377355e-01
7.569331024991808876e-01 8.062147001949170333e-01 8.072997191842055109e-01 7.089010263418306090e-01
7.569347332249951599e-01 8.603154938781111261e-01 8.603154938781111261e-01 7.569347332249951599e-01
8.072997191842055109e-01 9.161215725032749724e-01 9.161215725032749724e-01 8.072997191842055109e-01
8.603154938781111261e-01 9.748648131613421031e-01 9.748648131613421031e-01 8.603154938781111261e-01
9.161215725032749724e-01 1.036699803327728597e+00 1.036699803327728597e+00 9.161215725032749724e-01
9.748648131613421031e-01 1.101789266660766931e+00 1.101789266660766931e+00 9.748648131613421031e-01
1.036699803327728597e+00 1.170304491221860088e+00 1.170304491221860088e+00 1.036699803327728597e+00
1.101789266660766931e+00 1.242425780233537003e+00 1.242425780233537003e+00 1.101789266660766931e+00
1.170304491221860088e+00 1.318342926561618000e+00 1.318342926561618000e+00 1.170304491221860088e+00
1.242425737319817314e+00 1.398255712170124232e+00 1.398255709749584241e+00 -5.000000000000000000e+00
1.318310585406599955e+00 1.482374433863288710e+00 1.481115151805132646e+00 1.218088866856730901e+00
1.398255654471045606e+00 1.570804570659977584e+00 1.570920453880364720e+00 -5.000000000000000000e+00
1.481925449067770018e+00 1.664126796524310947e+00 1.654735364154549915e+00 1.131814730837931826e+00
1.067211220407132233e+00 1.761591084153119047e+00 1.443584608349114173e+00 1.321159792715663528e+00
1.165924596136101332e+00 1.432942192216789756e+00 1.787855040622579494e+00 -3.820339434102362763e-02
1.385979875377127524e+00 1.969821429713583427e+00 1.688083545124612339e+00 1.412769890874792544e+00
1.843375042167853195e+00 1.468615472944582390e+00 1.209428664958621891e+00 -4.999999999995292654e+00
1.066690824997085452e+00 1.575793952050805302e+00 -9.570856603134400564e-02 -9.821376370430993930e-02
1.051424145271851351e+00 -9.313141342581450488e-02 -9.674840772888138041e-02 -1.006123241862586781e-01
-9.815943808017096872e-02 -9.532365990667689137e-02 -9.833712561703482347e-02 -9.805014490997651655e-02
8.063157974929588967e-01 8.590222491991695852e-01 8.603154938781111261e-01 7.562078635497779810e-01
8.072997191842055109e-01 9.161215725032749724e-01 9.161215725032749724e-01 8.072997191842055109e-01
8.603154938781111261e-01 9.748648131613421031e-01 9.748648131613421031e-01 8.603154938781111261e-01
9.161215725032749724e-01 1.036699803327728597e+00 1.036699803327728597e+00 9.161215725032749724e-01
9.748648131613421031e-01 1.101789266660766931e+00 1.101789266660766931e+00 9.748648131613421031e-01
1.036699803327728597e+00 1.170304491221860088e+00 1.170304491221860088e+00 1.036699803327728597e+00
1.101789266660766931e+00 -5.000000000000000000e+00 1.242425780233537003e+00 1.101789266660766931e+00
1.170304491221860088e+00 1.318342926561618000e+00 1.318342926561618000e+00 1.170304491221860088e+00
1.242425780233537003e+00 1.398255712170124232e+00 1.398255712170124232e+00 1.242425780233537003e+00
1.318342926559189943e+00 1.482374433863288710e+00 1.482374433863288710e+00 1.318342926561493655e+00
1.398255712170102694e+00 1.570920456697909806e+00 1.570920456698198686e+00 1.398255712103862125e+00
1.482374433863263175e+00 1.664126796524419749e+00 1.664126796500319250e+00 1.482374317452652912e+00
1.570920444692267770e+00 1.762238733183599804e+00 1.762238725152758922e+00 1.570920456331215798e+00
1.664126661492613346e+00 1.865514455982736797e+00 1.865509576305902861e+00 1.645100434590859306e+00
1.762082446141193248e+00 1.974225743139719658e+00 1.974081304330429720e+00 8.755559388470146587e-01
1.865467569298128403e+00 2.088658676989179064e+00 2.088588625259629517e+00 1.726115820057501526e+00
1.969704465393289139e+00 2.209114395896828231e+00 1.947245091737602518e+00 1.642917768422784919e+00
1.436196556888095666e+00 2.088640879837581288e+00 7.830936502088472473e-01 -9.287016092944687384e-02
1.078032182156682506e+00 1.739811963824563490e+00 -9.116365595448783221e-02 -9.464794103655418955e-02
3.159794641633933976e-01 -4.999970475499999623e+00 -9.117200621677534755e-02 -9.351388378264267887e-02
8.603153569187935723e-01 9.142354274892818822e-01 9.161215725032748614e-01 8.072911322023446079e-01
8.603154938781016892e-01 9.748648131613371071e-01 9.748648131613421031e-01 8.603154938781111261e-01
9.161215725032749724e-01 1.036699803327728597e+00 1.036699803327728597e+00 9.161215725032749724e-01
9.748648131613421031e-01 1.101789266660766931e+00 1.101789266660766931e+00 9.748648131613421031e-01
1.036699803327728597e+00 1.170304491221860088e+00 1.170304491221860088e+00 1.036699803327728597e+00
1.101789266660766931e+00 1.242425780233537003e+00 -5.000000000000000000e+00 1.101789266660766931e+00
0.000000000000000000e+00 0.000000000000000000e+00 0.000000000000000000e+00 0.000000000000000000e+00
-5.000000000000000000e+00 1.398255712170124232e+00 1.398255712170124232e+00 1.242425780233537003e+00
1.318342926561618000e+00 1.482374433863288710e+00 1.482374433863288710e+00 1.318342926561618000e+00
1.398255712170124232e+00 1.570920456698198686e+00 1.570920456698198686e+00 1.398255712170124232e+00
1.482374433863288710e+00 1.664126796524403096e+00 1.664126796524419749e+00 1.482374433863288710e+00
1.570920456698198686e+00 1.762238733183599804e+00 1.762238733183599804e+00 1.570920456698198686e+00
1.664126796524419749e+00 1.865514455982736797e+00 1.865514455982736797e+00 1.664126796524419749e+00
1.762238733183307815e+00 1.974225743139722988e+00 1.974225743139722988e+00 1.762238733183590922e+00
1.865514455982736353e+00 2.088658676985247098e+00 2.088658676989182172e+00 1.865514455980228803e+00
1.974225743139721878e+00 2.209114396830716753e+00 2.209114396830718086e+00 1.974225743139698119e+00
2.088658676869524111e+00 2.335909891400755889e+00 2.088658676989173735e+00 2.088658644779311402e+00
2.208593904485129489e+00 2.209114396830718086e+00 1.539078829094747913e+00 1.973374451369143134e+00
2.083586894453940630e+00 1.436954658815474684e+00 -4.999999760851549624e+00 6.830419740451059152e-01
0.000000000000000000e+00 0.000000000000000000e+00 0.000000000000000000e+00 0.000000000000000000e+00
8.676369025082897313e-01 7.633181768488759289e-01 9.748648131610082590e-01 8.565140406162375930e-01
9.161215724700808583e-01 1.036692746868760340e+00 1.036699803327728597e+00 9.161215725032719748e-01
9.748648131613421031e-01 1.101789266660766931e+00 1.101789266660766931e+00 9.748648131613421031e-01
1.036699803327728597e+00 1.170304491221860088e+00 1.170304491221860088e+00 1.036699803327728597e+00
1.101789266660766931e+00 1.242425780233537003e+00 1.242425780233537003e+00 1.101789266660766931e+00
1.170304491221860088e+00 1.318342926561618000e+00 1.318342926561618000e+00 1.170304491221860088e+00
1.242425780233537003e+00 1.398255712170124232e+00 1.398255712170124232e+00 -5.000000000000000000e+00
1.318342926561618000e+00 1.482374433863288710e+00 1.482374433863288710e+00 1.318342926561618000e+00
1.398255712170124232e+00 1.570920456698198686e+00 1.570920456698198686e+00 1.398255712170124232e+00
1.482374433863288710e+00 1.664126796524419749e+00 1.664126796524419749e+00 1.482374433863288710e+00
1.570920456698198686e+00 1.762238733183599804e+00 1.762238733183599804e+00 1.570920456698198686e+00
1.664126796524419749e+00 1.865514455982736797e+00 1.865514455982736797e+00 1.664126796524419749e+00
1.762238733183599804e+00 1.974225743139722988e+00 1.974225743139722988e+00 1.762238733183599804e+00
1.865514455826998264e+00 2.088658676989182172e+00 2.088658676911240519e+00 1.865514455982734798e+00
1.974225715385114821e+00 2.209092370653837900e+00 2.209114396830718086e+00 1.974146969752847092e+00
2.088658676839395323e+00 2.335909891400355320e+00 2.335909891400755889e+00 2.088658673248168451e+00
2.209114396830718086e+00 2.469378833053426980e+00 2.209114396830718086e+00 2.209114396830718086e+00
2.335909891400755889e+00 2.335368187678677820e+00 2.088651625776352549e+00 2.088658622317958180e+00
1.493672327274809364e+00 2.209114146073269946e+00 9.250035479683393902e-01 1.779201225424907662e+00
1.089248755281950087e+00 1.935389245371561096e+00 6.939885015769764465e-01 -4.999999202838499635e+00
8.682788004184405217e-01 -5.000000000000000000e+00 1.036692755410572486e+00 7.583633704332877201e-01
9.747274686129615562e-01 1.101743310688106048e+00 1.101789266660766931e+00 9.748648117252718404e-01
1.036699803327728597e+00 1.170304491221860088e+00 1.170304491221860088e+00 1.036699803327728597e+00
1.101789266660766931e+00 1.242425780233537003e+00 1.242425780233537003e+00 1.101789266660766931e+00
1.170304491221860088e+00 1.318342926561618000e+00 1.318342926561618000e+00 1.170304491221860088e+00
1.242425780233537003e+00 1.398255712170124232e+00 1.398255712170124232e+00 1.242425780233537003e+00
1.318342926561618000e+00 1.482374433863288710e+00 1.482374433863288710e+00 1.318342926561618000e+00
1.398255712170124232e+00 1.570920456698198686e+00 1.570920456698198686e+00 1.398255712170124232e+00
1.482374433863288710e+00 1.664126796524419749e+00 1.664126796524419749e+00 1.482374433863288710e+00
1.570920456698198686e+00 1.762238733183599804e+00 1.762238733183599804e+00 1.570920456698198686e+00
1.664126796524419749e+00 1.865514455982736797e+00 1.865514455982715702e+00 1.664126796524419749e+00
1.762238733183552064e+00 1.974225743139719214e+00 1.974225743139722988e+00 1.762238733183469908e+00
1.865514455982736797e+00 2.088658676989182172e+00 2.088658676989182172e+00 1.865514455982736797e+00
1.974225743139722988e+00 2.209114396830718086e+00 2.209114396830718086e+00 1.974225743139722988e+00
2.087339617416933635e+00 2.335909891400755889e+00 2.335909716931282354e+00 2.088628840476529192e+00
2.209112580212546639e+00 2.469378679360731521e+00 2.469378833053426980e+00 2.209114159983005088e+00
2.335909891400755889e+00 2.609872455845712480e+00 2.335909891400755889e+00 2.335909891400755889e+00
2.469378833053426980e+00 2.469376654344934696e+00 2.209114339306658348e+00 2.209114339076093891e+00
2.335909891400680394e+00 2.087712668851859021e+00 2.085070814557688390e+00 2.029303344900716954e+00
2.208963914317563670e+00 -4.999901584999999926e+00 1.754788872337583072e+00 1.277445269878993761e+00
0.000000000000000000e+00 0.000000000000000000e+00 0.000000000000000000e+00 0.000000000000000000e+00
-5.000000000000000000e+00 1.033775258410099207e+00 1.170304491221860088e+00 1.034464911972635459e+00
1.101789266660766931e+00 1.212047394235960418e+00 1.242425780233537003e+00 1.101789266660766931e+00
1.170304491221860088e+00 1.318341101307236807e+00 1.318342926561618000e+00 1.170304491221860088e+00
1.242425780233537003e+00 1.398255700356782816e+00 1.398255712170124232e+00 1.242425780233537003e+00
1.318342926561618000e+00 1.482374415395889322e+00 1.482374433863288710e+00 1.318342926561618000e+00
1.398255712170124232e+00 -5.000000000000000000e+00 1.570920456698198686e+00 1.398255712170124232e+00
1.482374433863288710e+00 1.664126796524419749e+00 1.664126796524419749e+00 1.482374433863288710e+00
1.570920456698198686e+00 1.762238733183599804e+00 1.762238733183599804e+00 1.570920456698198686e+00
1.664126796524419749e+00 1.865514455982736797e+00 1.865514455982736797e+00 1.664126796524419749e+00
1.762238733183599804e+00 1.974225743139722988e+00 1.974225743139722988e+00 1.762238733183599804e+00
1.865514455982736797e+00 2.088658676989182172e+00 2.088658676989182172e+00 1.865514455982736797e+00
1.974225743139722988e+00 -5.000000000000000000e+00 2.209114396830718086e+00 1.974225743139722988e+00
2.088658676989182172e+00 2.335909891400755889e+00 2.335909891400755889e+00 2.088658676989182172e+00
2.209114396830717642e+00 2.469378833053426980e+00 2.469378833053425204e+00 2.209114395964143718e+00
2.335909891339269961e+00 2.609872450431781843e+00 2.609872455845712480e+00 2.335909889997656030e+00
2.469378833053426980e+00 2.757760479837592094e+00 2.469378833053426980e+00 2.469378833053426980e+00
2.609872455845712480e+00 2.609872453352503285e+00 2.238286831882775996e+00 2.335907076414880823e+00
2.443226804472918623e+00 -4.999991142649999887e+00 -4.999999760851549624e+00 2.209108431643226123e+00
0.000000000000000000e+00 0.000000000000000000e+00 0.000000000000000000e+00 0.000000000000000000e+00
-1.288150700993466735e-01 -1.264970230059687395e-01 6.869326570465417170e-01 -5.000000000000000000e+00
-1.294065008678999540e-01 6.897164793847823105e-01 1.101786233120340963e+00 7.323514829401538417e-01
1.035293024806432483e+00 1.030715806520746458e+00 1.314345680342069667e+00 1.170304491221860088e+00
1.101789262238171085e+00 1.234491149464425952e+00 1.398255711951956526e+00 1.242425780219237330e+00
1.318308849228576385e+00 1.315564930262599352e+00 1.482374433840609296e+00 1.318342926561618000e+00
1.398182321304026310e+00 1.570920456693865486e+00 -5.000000000000000000e+00 1.398255712170124232e+00
0.000000000000000000e+00 0.000000000000000000e+00 0.000000000000000000e+00 0.000000000000000000e+00
-5.000000000000000000e+00 1.762238733183596251e+00 1.762238733183599804e+00 1.570920456698198686e+00
1.664126796524419749e+00 1.865514455982736131e+00 1.865514455982736797e+00 1.664126796524419749e+00
1.762238733183599804e+00 1.974225743139284450e+00 1.974225743139722988e+00 1.762238733183599804e+00
1.865514455982736797e+00 -5.000000000000000000e+00 2.088658676989182172e+00 1.865514455982736797e+00
1.974225743139722988e+00 2.209114396830718086e+00 -5.000000000000000000e+00 1.974225743139722988e+00
0.000000000000000000e+00 0.000000000000000000e+00 0.000000000000000000e+00 0.000000000000000000e+00
-5.000000000000000000e+00 2.469378833053426980e+00 2.469378833053426980e+00 2.209114396830718086e+00
2.335909891400755889e+00 2.609872455845712480e+00 2.609872455845712480e+00 2.335909891400755889e+00
2.469378833053426980e+00 2.757760479837592094e+00 2.757760479823848421e+00 2.469378833053426980e+00
2.609872455845712480e+00 2.913432084039570658e+00 2.609872455845712480e+00 2.609872455845712480e+00
2.757760479837592094e+00 -4.999999999825661234e+00 -4.999999998062897077e+00 2.469212091735962566e+00
0.000000000000000000e+00 0.000000000000000000e+00 0.000000000000000000e+00 0.000000000000000000e+00
-3.500000000000000000e+00 -1.515150000000000004e-02 -6.999999999999999278e-03 -3.500000000000000000e+00
-1.252108546970044367e-01 -1.231956734155841560e-01 -1.236678677828315503e-01 -1.279164761597624544e-01
-1.266792044153338404e-01 -1.203860383106149373e-01 9.031990691438217533e-01 8.920663548472371751e-01
7.583676172140847438e-01 -1.185653414749860274e-01 1.180987516984276287e+00 -1.244370410822775719e-01
9.032369648694038577e-01 -5.000000000000000000e+00 1.086612756004278424e+00 1.317459001776676741e+00
1.077885236478521414e+00 -1.123737674808483744e-01 1.236067949022281898e+00 1.398065291176789460e+00
1.293012072026051174e+00 -5.000000000000000000e+00 1.664126796524322716e+00 1.480835668265481520e+00
1.567881547934559361e+00 -1.027629971923246788e-01 1.762238733183599360e+00 -5.000000000000000000e+00
1.664125496968388518e+00 1.663932842084812735e+00 1.865514455982736797e+00 1.664126796524419749e+00
1.762237590279451593e+00 1.974210690891336162e+00 1.974225743139722988e+00 1.762238733183599804e+00
1.865514455973418473e+00 2.088658676989182172e+00 -5.000000000000000000e+00 1.865514455982736797e+00
0.000000000000000000e+00 0.000000000000000000e+00 0.000000000000000000e+00 0.000000000000000000e+00
-5.000000000000000000e+00 -5.000000000000000000e+00 2.335909891400755889e+00 2.088658676989182172e+00
2.209114396830718086e+00 -5.000000000000000000e+00 2.469378833053426980e+00 -5.000000000000000000e+00
2.335909891400755889e+00 2.609872455845712480e+00 2.609872455845712480e+00 2.335909891400755889e+00
2.469378833053426980e+00 2.757760479837592094e+00 2.757760479837592094e+00 2.469378833053426980e+00
2.609872455845712480e+00 2.913432084039570658e+00 2.913432084039570658e+00 2.609872455845712480e+00
2.757760479837592094e+00 3.077296930567968936e+00 -5.000000000000000000e+00 2.757760479837592094e+00
0.000000000000000000e+00 0.000000000000000000e+00 0.000000000000000000e+00 0.000000000000000000e+00
-4.549999999999999822e+00 -2.470606599999999875e-02 -1.814158500000000174e-02 -4.549999999999999822e+00
-2.506257827499999702e-02 -2.765514630549999880e-02 -1.759695000000000009e-02 -9.919000000000000733e-03
-1.227557186964709363e-01 -5.000000000000000000e+00 -1.201252626903594051e-01 -1.266670191953021551e-01
-1.230364054375333582e-01 -1.166551864371682817e-01 -1.164820171562058193e-01 -1.228808192893506152e-01
-1.186558540355805297e-01 -1.144082881894283449e-01 -5.000000000000000000e+00 -1.205016017775475401e-01
0.000000000000000000e+00 0.000000000000000000e+00 0.000000000000000000e+00 0.000000000000000000e+00
-5.000000000000000000e+00 -1.083649699724445192e-01 -5.000000000000000000e+00 -1.141683346805672516e-01
0.000000000000000000e+00 0.000000000000000000e+00 0.000000000000000000e+00 0.000000000000000000e+00
-4.999999999999988454e+00 -9.925375458581914279e-02 1.547946951138628124e+00 -1.053764204937409077e-01
1.061928526818158858e+00 1.555096709168866997e+00 1.659308028667346502e+00 1.762218208056328894e+00
1.637654987326935263e+00 2.088658676886035792e+00 1.978078497830550564e+00 1.865497140290354405e+00
1.974163805754894918e+00 2.209114396830718086e+00 -5.000000000000000000e+00 1.970701705949960747e+00
0.000000000000000000e+00 0.000000000000000000e+00 0.000000000000000000e+00 0.000000000000000000e+00
0.000000000000000000e+00 0.000000000000000000e+00 0.000000000000000000e+00 0.000000000000000000e+00
0.000000000000000000e+00 0.000000000000000000e+00 0.000000000000000000e+00 0.000000000000000000e+00
-5.000000000000000000e+00 2.757760479837263912e+00 2.757760479837592094e+00 2.469378833053426980e+00
2.609872455845712480e+00 2.913432084039570658e+00 2.913432084039570658e+00 2.609872455845712480e+00
2.757760479837592094e+00 3.077296930567968936e+00 3.077296930567968936e+00 2.757760479837592094e+00
2.913432084039570658e+00 3.249786242703124994e+00 -5.000000000000000000e+00 2.913432084039570658e+00
0.000000000000000000e+00 0.000000000000000000e+00 0.000000000000000000e+00 0.000000000000000000e+00
-4.959500000000000242e+00 3.610950586011153263e+00 -2.259193299999999807e-02 -2.361880674999999874e-02
3.207936886622519967e+00 -3.241218790398749799e-02 -2.826110104824999802e-02 -1.939169085000000056e-02
0.000000000000000000e+00 0.000000000000000000e+00 0.000000000000000000e+00 0.000000000000000000e+00
-5.000000000000000000e+00 -1.126068879909209730e-01 -1.139334944473372468e-01 -1.164586522949948716e-01
-1.165108171099820816e-01 -1.099059974904812026e-01 -5.000000000000000000e+00 -1.183845344433859526e-01
0.000000000000000000e+00 0.000000000000000000e+00 0.000000000000000000e+00 0.000000000000000000e+00
-5.000000000000000000e+00 -1.041139535839936403e-01 -1.041022904369523633e-01 -1.120479860723424259e-01
-1.019343643377257080e-01 -9.978151373195046081e-02 6.383590230368414442e-01 -4.999999999947698726e+00
-1.035736022116060112e-01 -5.000000000000000000e+00 1.348400058522820189e+00 -9.624100767469150053e-02
1.081188566347007551e+00 3.743530235189629352e-01 2.074926338258427538e+00 1.007915838594516833e+00
1.915027971338612689e+00 1.918619470234187663e+00 2.209114396830672788e+00 1.972463285591667947e+00
2.088658674563036666e+00 2.088658513567806185e+00 2.335909891400755889e+00 2.088658660991396854e+00
2.209022070071522403e+00 2.206178135897326253e+00 2.469378833053426980e+00 -5.000000000000000000e+00
2.334887062955295800e+00 2.334428984771479865e+00 2.609872455845712480e+00 -4.999999993542991739e+00
2.469378627038619101e+00 2.434992972635759312e+00 2.757760479837592094e+00 -4.999999999418869301e+00
2.609870873439372740e+00 2.609822362815372276e+00 2.913432084039570658e+00 2.609872418273459171e+00
2.757760479837295886e+00 -5.000000000000000000e+00 3.077296930567968936e+00 2.757760479837592094e+00
2.913432084039570658e+00 3.249786242703124994e+00 3.249786242703124994e+00 2.913432084039570658e+00
3.077296930567968936e+00 3.431353939687499910e+00 3.431353939687499910e+00 3.077296930567968936e+00
3.249786225684412777e+00 3.622477831249999891e+00 3.622477523103591501e+00 -4.999999999947698726e+00
3.422936548768750420e+00 3.823660874959660561e+00 1.663507633226644522e+00 2.114140048787154225e+00
2.526242702301777499e+00 2.809102563735769831e+00 1.851547800232799190e+00 2.133343790759855807e+00
-1.079376439225953471e-01 -1.054204882817296463e-01 -1.118083827153573406e-01 -5.000000000000000000e+00
-1.086125646525704924e-01 -5.000000000000000000e+00 -1.092802866724493227e-01 -1.134523462966288004e-01
-1.113695815523405019e-01 -1.052632548285306474e-01 -5.000000000000000000e+00 -1.132834535431054418e-01
0.000000000000000000e+00 0.000000000000000000e+00 0.000000000000000000e+00 0.000000000000000000e+00
-4.999999999999961808e+00 -1.010144844459444635e-01 -9.921581870817461346e-02 -1.018741380637240707e-01
-1.015059060761142468e-01 -9.610407837736660575e-02 -4.999999928255465242e+00 -9.741476302309100277e-02
0.000000000000000000e+00 0.000000000000000000e+00 0.000000000000000000e+00 0.000000000000000000e+00
-4.999999999998587796e+00 -8.609204646479033662e-02 -8.687928445309278658e-02 1.487403795055827871e+00
-9.112588586165111526e-02 -8.372883074293030470e-02 2.087062518211602491e+00 -8.635289889369686389e-02
1.781900930018210039e+00 -7.815633133363054930e-02 2.190502829847334354e+00 2.209114396442227513e+00
2.044882036878090226e+00 4.672310895746644155e-01 2.098639892917354643e+00 2.335902990479588048e+00
2.125171210112843490e+00 1.568868626734064131e+00 2.468987670876269913e+00 2.240322236396981026e+00
2.149629959069406127e+00 4.174314240108958907e-03 2.486450071992817090e+00 2.609845455407036940e+00
1.972822733018746888e+00 1.207021592657743003e+00 -4.999991142649999887e+00 2.757755950796949129e+00
0.000000000000000000e+00 0.000000000000000000e+00 0.000000000000000000e+00 0.000000000000000000e+00
-5.000000000000000000e+00 -5.000000000000000000e+00 3.431353939687499910e+00 3.077296930567889444e+00
3.249786242703124994e+00 3.622477831249999891e+00 3.622477831249999891e+00 3.249786242703124994e+00
3.431353939687499910e+00 3.823660874999999848e+00 3.823660874999999848e+00 3.431353939687499910e+00
3.622472055000493185e+00 4.035432499999999756e+00 4.035143362004307122e+00 3.622176677846146831e+00
3.477213093432777402e+00 4.258349977584196644e+00 3.669395782398847672e+00 2.360110760890295367e+00
-1.019886759677206128e-01 -1.026488467900468493e-01 -4.999999999947698726e+00 -1.048572313175830661e-01
0.000000000000000000e+00 0.000000000000000000e+00 0.000000000000000000e+00 0.000000000000000000e+00
-4.999999999999576339e+00 -1.013553592869560621e-01 -1.016093657350403689e-01 -1.063536396757220892e-01
-9.767391465679024776e-02 -9.888876785487733800e-02 -1.000523957996257429e-01 -4.999999760851549624e+00
-1.018130204920178472e-01 -9.606625303701445129e-02 -9.621235243456921493e-02 -1.023844406844211102e-01
-9.866377444317875334e-02 -9.108910652779537986e-02 -9.108763180081393129e-02 -9.711305230591281423e-02
-9.604563714196263924e-02 -8.541280794870277637e-02 -8.656462546627979870e-02 -4.999999928255465242e+00
-9.076681334867517381e-02 -8.200282720750441678e-02 -8.187967705435478249e-02 -8.570430381537748332e-02
-8.583479531366131066e-02 -8.126744933520840819e-02 -7.800006054703496894e-02 -8.185276122638163177e-02
-8.276324270300321195e-02 -7.758602293735185340e-02 4.681963629342996702e-01 -8.105874258882068972e-02
-7.757800189675639890e-02 -6.975391987233600655e-02 -7.026188976821311216e-02 1.700530384929408667e+00
-6.849066433776573870e-02 -4.999901584999999926e+00 4.979611412560701611e-01 2.184234127656378366e+00
1.045874723439890186e+00 -6.201250279561049822e-02 4.713547537117873665e-02 -6.362024069996881359e-02
-6.394951512409410843e-02 -4.996355000000000324e+00 -4.999671949999999754e+00 2.383427499085286616e+00
0.000000000000000000e+00 0.000000000000000000e+00 0.000000000000000000e+00 0.000000000000000000e+00
0.000000000000000000e+00 0.000000000000000000e+00 0.000000000000000000e+00 0.000000000000000000e+00
-5.000000000000000000e+00 3.823660874999985637e+00 3.823660874999999848e+00 3.431353939687499910e+00
3.622477831249999891e+00 4.035432499999999756e+00 4.035432499999999756e+00 3.622477831249999891e+00
3.823660874999999848e+00 4.258350000000000080e+00 4.258350000000000080e+00 3.823660874999999848e+00
4.035351978374253967e+00 4.493000000000000327e+00 4.258349999382884832e+00 4.035401065064774251e+00
-1.018000094154775104e-01 -1.037445876387610433e-01 -1.009139433958431420e-01 -1.028214880433112738e-01
-9.811031440455114661e-02 -4.999671949999999754e+00 -9.953505070577674252e-02 -4.999999202838499635e+00
-1.024882834462602088e-01 -9.802021605313208930e-02 -9.795948055755539230e-02 -1.035393301273562772e-01
-9.547928492659406297e-02 -9.649848039478853279e-02 -9.485868540061731524e-02 -1.002072157093110150e-01
-9.628828051598554982e-02 -9.370952152648699685e-02 -9.103019782094315393e-02 -1.010482152541490042e-01
-8.993240247967983214e-02 -8.606154673479596284e-02 -8.548816256312949391e-02 -9.309775688825935869e-02
-9.002280099439853578e-02 -8.389199892389821722e-02 -8.229049459285059376e-02 -9.041455691725229504e-02
-8.229471177331069975e-02 -8.009275057077315518e-02 -7.744070575504022336e-02 -8.343910607705466720e-02
-7.915523753759652614e-02 -7.697656402528330055e-02 -7.705836872038819563e-02 -8.238509273064865968e-02
-7.745473876090282206e-02 -4.999999998062897077e+00 -7.243956212533832206e-02 -7.682264161758392551e-02
-7.849749076584618124e-02 -6.576094931240134001e-02 -4.999999999998587796e+00 -7.134512145740816436e-02
0.000000000000000000e+00 0.000000000000000000e+00 0.000000000000000000e+00 0.000000000000000000e+00
-4.996355000000000324e+00 8.379814308144847290e-01 -4.987849999999999895e+00 -6.160532951965616566e-02
0.000000000000000000e+00 0.000000000000000000e+00 0.000000000000000000e+00 0.000000000000000000e+00
-4.959500000000000242e+00 1.756071390034048552e+00 -3.075664472999999760e-02 -4.865000000000000213e+00
1.149358062817951609e+00 3.376180175619183377e+00 3.823658775505830665e+00 -4.999671949999999754e+00
3.622434452479665001e+00 4.035431941465932759e+00 4.035432499999999756e+00 3.622477825999836032e+00
3.823660874999999848e+00 4.258349999999992974e+00 4.258350000000000080e+00 3.823660874999999848e+00
4.035432499999999756e+00 4.493000000000000327e+00 4.493000000000000327e+00 4.035432499999999756e+00
4.258350000000000080e+00 4.740000000000000213e+00 4.493000000000000327e+00 4.258350000000000080e+00
-1.024922519995196679e-01 -1.019503039085138119e-01 -4.999671949999999754e+00 -1.006526113688412938e-01
0.000000000000000000e+00 0.000000000000000000e+00 0.000000000000000000e+00 0.000000000000000000e+00
-4.999999978476639129e+00 -9.883901663580875463e-02 -9.679371667167725735e-02 -9.892839374087966653e-02
-9.471687492903292649e-02 -9.639526339817440503e-02 -9.290478581527118751e-02 -9.858426582462706533e-02
-9.403890906145823125e-02 -9.419489939758968200e-02 -8.892411819886708590e-02 -9.517763404639441316e-02
-8.559435331981432582e-02 -4.999999998062897077e+00 -8.470433257283890849e-02 -8.853151550658577840e-02
-8.544930793575018779e-02 -8.310876955073338845e-02 -7.910981794633693831e-02 -8.488217993544784623e-02
-8.050171758077656614e-02 -4.999999998062897077e+00 -7.652584295643745371e-02 -7.904317482317813059e-02
-7.747342239810166287e-02 -7.114002659382448468e-02 -4.999999998062897077e+00 -7.975252905324549391e-02
0.000000000000000000e+00 0.000000000000000000e+00 0.000000000000000000e+00 0.000000000000000000e+00
-4.999999760851549624e+00 -6.384744684920426461e-02 -6.157603801499998003e-02 -6.004464101969272938e-02
-6.462565181502358258e-02 -5.474012206286892751e-02 1.106336276476106217e+00 -4.999970475499999623e+00
5.339068595446597731e-01 -5.270384300653603582e-02 2.200681902950521796e+00 -6.163648740399860909e-02
-5.372753379831046727e-02 -4.577742261146828390e-02 2.735113062146048435e+00 -4.999671949999999754e+00
-4.886002542176970387e-02 -3.439078735487499650e-02 3.399507986372083401e+00 -3.765437703623884108e-02
2.396403552659930103e+00 3.488606047478082672e+00 2.816365843619231146e+00 3.621548469846057383e+00
3.248804513131307914e+00 3.822619121518213703e+00 4.258349996622625255e+00 3.792230189101118309e+00
4.032859598438292892e+00 -4.999999999418869301e+00 4.493000000000000327e+00 4.035432386491435430e+00
4.258350000000000080e+00 4.739999999999886526e+00 4.740000000000000213e+00 4.258350000000000080e+00
4.493000000000000327e+00 5.000000000000000000e+00 4.740000000000000213e+00 4.493000000000000327e+00
-1.003704804083693780e-01 -1.016081206429124972e-01 -1.021447964651800849e-01 -1.016883187133021116e-01
-9.791442945511705243e-02 -9.887849611580734610e-02 -1.009890942129639813e-01 -4.999999993542991739e+00
-9.902707288141321396e-02 -9.812190984595883791e-02 -9.730198807599033106e-02 -9.948072715696845703e-02
-9.820439759798699209e-02 -9.564055257632315954e-02 -9.295992351323710545e-02 -9.595786471100122006e-02
-9.472460131892636304e-02 -9.224590480738842357e-02 -4.999997342794999966e+00 -9.230536306266007296e-02
0.000000000000000000e+00 0.000000000000000000e+00 0.000000000000000000e+00 0.000000000000000000e+00
-4.999991142649999887e+00 -8.186513385792558439e-02 -4.999970475499999623e+00 -7.714493358525120748e-02
0.000000000000000000e+00 0.000000000000000000e+00 0.000000000000000000e+00 0.000000000000000000e+00
-4.999901584999999926e+00 -6.476522729813893875e-02 -6.755148682949842220e-02 -7.581897929197667363e-02
-6.398298908090663262e-02 -6.784930381609684258e-02 -6.380024864667119266e-02 -4.999991142649999887e+00
-6.279803182118755267e-02 -6.750743052980325010e-02 -6.167221907518880691e-02 -6.417181941222552255e-02
-6.736869074917749278e-02 -5.668594953656426461e-02 -5.450065077265635327e-02 -6.131832121884515235e-02
-5.299594537559670221e-02 -5.195367465363005810e-02 -4.818713223122524786e-02 -5.148054567309751084e-02
-5.321490350935248470e-02 -4.570390175254426812e-02 1.648601647864105235e+00 -4.826710970613658225e-02
-3.796164998603774460e-02 1.648726942530670536e+00 2.507901287087106024e+00 2.207194585710630097e+00
-4.017953579176120060e-02 2.479081318550343749e+00 3.812870989154063306e+00 1.750324630685983485e-01
2.255686528500012056e+00 3.275812669132248001e+00 -4.996355000000000324e+00 4.035422664766463718e+00
0.000000000000000000e+00 0.000000000000000000e+00 0.000000000000000000e+00 0.000000000000000000e+00
-4.998906500000000364e+00 4.701386079592655420e+00 4.999999999999988454e+00 4.489033798764631378e+00
0.000000000000000000e+00 0.000000000000000000e+00 0.000000000000000000e+00 0.000000000000000000e+00
