-4.149064977449898883e+00 -3.881936217956462709e+00 -3.974440937184810618e+00 -4.188434280641017082e+00
-4.129634754503250349e+00 -4.999999932596627339e+00 -3.621256071400622556e+00 -4.011854698706539324e+00
-4.202574697821625627e+00 -3.442528645543632138e+00 -3.775322519986805681e+00 -3.527919983804856496e+00
-3.462282190408223048e+00 -4.986305362750233172e+00 -3.671605122385100284e+00 -3.395982768520239059e+00
-3.869982674745465534e+00 -2.951081143778281124e+00 -4.999994370157679668e+00 -4.108486850334639229e+00
0.000000000000000000e+00 0.000000000000000000e+00 0.000000000000000000e+00 0.000000000000000000e+00
-4.828315808985374602e+00 -1.332279254851032047e+00 -4.917883983658696501e+00 -2.953150788843916796e+00
0.000000000000000000e+00 0.000000000000000000e+00 0.000000000000000000e+00 0.000000000000000000e+00
-3.750265140332987190e+00 -4.990016609444920093e+00 -2.458355319769506497e+00 -4.047397093608129381e+00
-2.292200277403786846e+00 -7.440208903916920580e-01 -1.531772801778547022e+00 -4.788044208623919218e+00
-1.169577922022157601e+00 1.578726214091337454e-01 -4.556853094017375483e+00 -2.313912223103923083e+00
0.000000000000000000e+00 0.000000000000000000e+00 0.000000000000000000e+00 0.000000000000000000e+00
0.000000000000000000e+00 0.000000000000000000e+00 0.000000000000000000e+00 0.000000000000000000e+00
-4.073489905574079195e+00 -2.023458832334427138e-01 3.382088828103464451e-01 -1.638144424215748574e+00
-1.033944100838854796e+00 -4.723268565270923036e-02 9.892247363356940770e-01 -6.284294351954770042e-01
0.000000000000000000e+00 0.000000000000000000e+00 0.000000000000000000e+00 0.000000000000000000e+00
