-6.959343071703607553e-01 -6.272990956791613115e-01 -6.272990908294544532e-01 -6.959341421970497432e-01
-6.959341950948380040e-01 -5.550520147183990449e-01 -5.550513515000793374e-01 -6.272992149357849989e-01
-6.273007614621893824e-01 -4.790011427662497212e-01 -4.790044579709156203e-01 -5.550549042968038194e-01
-5.550599639814828290e-01 -3.989530108845048550e-01 -3.989508355306402576e-01 -4.790308270282978009e-01
-4.791478406702566750e-01 -3.146832999454177160e-01 -3.147847698924195470e-01 -3.989631436804289555e-01
-3.993355684818569173e-01 -2.260373324124416161e-01 -2.254878684931151400e-01 -3.147531689827701151e-01
-3.149220500433237424e-01 -1.313308914603392163e-01 -1.319957129976214449e-01 -2.254691817875489057e-01
-2.252521900055633186e-01 -3.269331463199593585e-02 -1.324102778172329131e-01 -1.319030798976873198e-01
-6.272993889120421773e-01 -6.959359298117914205e-01 -5.550516617045200274e-01 -6.959371871056996284e-01
-6.273011575322389177e-01 -6.273005618300276920e-01 -4.790017404511466848e-01 -6.272989973582919765e-01
-5.550535917029526534e-01 -5.550913594663821060e-01 -3.989484653486813359e-01 -5.550558659533670891e-01
-4.790113753386812667e-01 -5.000000000000000000e+00 -3.146822658289666341e-01 -4.790236637171209066e-01
-3.989497851345050194e-01 -2.282796062254328073e-01 -2.259808611323439465e-01 -3.989769232010973998e-01
-3.146920565395773806e-01 -1.333804029341376096e-01 -1.326110964050447316e-01 -3.148329361632037915e-01
-2.260004802369043331e-01 -3.432637737301465208e-02 -3.254465045177784566e-02 -2.255892607832975238e-01
-1.314133559031225584e-01 7.122995047389374390e-02 -3.265250176388406061e-02 -1.317945140250651737e-01
-6.960219124531539237e-01 -6.401696791388458152e-01 -6.273014061144359665e-01 -6.272997418953039084e-01
-6.959470277253324566e-01 -5.634042643811958406e-01 -5.550810779504842252e-01 -5.550517073147648306e-01
-6.273009694562532435e-01 -4.876201697994516637e-01 -5.000000000000000000e+00 -4.790262542827394276e-01
0.000000000000000000e+00 0.000000000000000000e+00 0.000000000000000000e+00 0.000000000000000000e+00
-5.000000000000000000e+00 -3.221440002209796094e-01 -1.350310146501220165e-01 -3.148631237330750676e-01
-2.284304006950613475e-01 -5.000000000000000000e+00 -3.455378987036800825e-02 -2.262493974019424703e-01
-1.330251382400018390e-01 6.447868753279738241e-02 6.913212979749212839e-02 -1.317901824212462103e-01
-3.432450414091334917e-02 1.802458963146800763e-01 7.037945987164415107e-02 -3.239288296204913958e-02
-6.401696665079886772e-01 -6.026897055458507735e-01 -5.637899862075692603e-01 -6.959511009050697306e-01
-6.377094635509825693e-01 -6.403621358683073694e-01 -4.875173540102805680e-01 -6.273021034492824999e-01
-5.634405651916200020e-01 -5.660753024088756025e-01 -4.063551303966007611e-01 -5.551157506463013647e-01
-4.865648776027663436e-01 -5.000000000000000000e+00 -3.218669553356031110e-01 -5.000000000000000000e+00
-4.083550831486478794e-01 -3.310180137529408206e-01 -5.000000000000000000e+00 -2.326478703542367854e-01
0.000000000000000000e+00 0.000000000000000000e+00 0.000000000000000000e+00 0.000000000000000000e+00
-5.000000000000000000e+00 1.632749027706394407e-01 1.801927794359133861e-01 -3.978690365772079296e-02
6.972936713985515567e-02 2.951458196178469717e-01 1.801924858804950513e-01 7.080088469709509835e-02
-6.026897078081885351e-01 -5.291473685430863050e-01 -6.403629217061485024e-01 -6.377248316199720657e-01
-6.026898233204673883e-01 -5.000000000000000000e+00 -5.687953702446637561e-01 -5.687730535995154657e-01
-6.427804563546432037e-01 -5.000000000000000000e+00 -5.000000000000000000e+00 -4.880443347753459227e-01
0.000000000000000000e+00 0.000000000000000000e+00 0.000000000000000000e+00 0.000000000000000000e+00
-4.999901584999999926e+00 -2.433734348059000130e-01 -2.754834731534199777e-01 -3.806679109596002308e-01
-3.145815974510054458e-01 -1.938505695000000140e-01 -2.356344897209484979e-01 -4.999999928255465242e+00
-2.836582492754160523e-01 -4.999671949999999754e+00 2.823472181508386303e-01 -1.892259108118500288e-01
1.561260569396194231e-01 4.160805769816164346e-01 2.948973241318043614e-01 1.762898486237904350e-01
-5.291468079648786738e-01 -4.517341035190958753e-01 -5.000000000000000000e+00 -6.026897725694965180e-01
0.000000000000000000e+00 0.000000000000000000e+00 0.000000000000000000e+00 0.000000000000000000e+00
0.000000000000000000e+00 0.000000000000000000e+00 0.000000000000000000e+00 0.000000000000000000e+00
-4.549999999999999822e+00 -6.999999999999999278e-02 -2.214549714999999863e-01 -4.549999999999999822e+00
-1.604931299999999839e-01 -4.987849999999999895e+00 -1.794934049999999948e-01 -1.884412064500000095e-01
-1.751158499999999896e-01 -9.992710000000000481e-02 -4.549999999999999822e+00 -2.268633902499999633e-01
0.000000000000000000e+00 0.000000000000000000e+00 0.000000000000000000e+00 0.000000000000000000e+00
-4.999970475499999623e+00 6.992654682999999149e-01 4.077265558803352952e-01 1.985605377413020567e-01
-4.514705177256274626e-01 -3.702465814941847677e-01 -4.999999999995292654e+00 -5.291453932314466035e-01
0.000000000000000000e+00 0.000000000000000000e+00 0.000000000000000000e+00 0.000000000000000000e+00
0.000000000000000000e+00 -1.930771815000000280e-01 -6.999999999999999278e-02 0.000000000000000000e+00
0.000000000000000000e+00 0.000000000000000000e+00 0.000000000000000000e+00 -1.515149999999999830e-01
0.000000000000000000e+00 0.000000000000000000e+00 0.000000000000000000e+00 0.000000000000000000e+00
-4.959500000000000242e+00 0.000000000000000000e+00 0.000000000000000000e+00 -1.763726999999999934e-01
0.000000000000000000e+00 0.000000000000000000e+00 0.000000000000000000e+00 0.000000000000000000e+00
-4.865000000000000213e+00 9.099999999999999201e-01 3.744999999999998885e-01 4.315599584694998492e-01
-3.701946057707524718e-01 -3.701897479987605877e-01 -2.844827900145471267e-01 -4.516642507001536466e-01
-3.677930682795809703e-01 -2.825591750205965758e-01 -1.946027850457604513e-01 -4.999970475499999623e+00
-2.846160299143942196e-01 -1.941516095372700090e-01 -4.996355000000000324e+00 -9.992710000000000481e-02
0.000000000000000000e+00 0.000000000000000000e+00 0.000000000000000000e+00 0.000000000000000000e+00
0.000000000000000000e+00 0.000000000000000000e+00 0.000000000000000000e+00 0.000000000000000000e+00
0.000000000000000000e+00 0.000000000000000000e+00 0.000000000000000000e+00 0.000000000000000000e+00
0.000000000000000000e+00 0.000000000000000000e+00 0.000000000000000000e+00 0.000000000000000000e+00
0.000000000000000000e+00 0.000000000000000000e+00 0.000000000000000000e+00 0.000000000000000000e+00
