-3.026648380942021710e+00 -3.052527573699958197e+00 -3.010160739704896393e+00 -3.024796929506066601e+00
-3.014160700371050439e+00 -2.962076873844051939e+00 -2.931123549107419457e+00 -2.970001804246542587e+00
-2.972402982990608233e+00 -2.855425621124648483e+00 -2.866989281184296079e+00 -2.881516839802769958e+00
-2.864385867245853756e+00 -2.783026708308710351e+00 -2.799926421642714658e+00 -2.802175515107424353e+00
-2.768290034314552006e+00 -2.713972381207938156e+00 -2.781570206369199827e+00 -2.718120386260333810e+00
-2.573832580378504709e+00 -2.570053542596209439e+00 -4.999750100209735315e+00 -2.598854501742001055e+00
0.000000000000000000e+00 0.000000000000000000e+00 0.000000000000000000e+00 0.000000000000000000e+00
-4.933486026763544530e+00 -2.276657868040475208e+00 -2.271874598803485856e+00 -2.378142862014997139e+00
-2.707392440338551864e+00 -2.256134781818966761e+00 -2.243398488758345355e+00 -2.275667786441550433e+00
-2.181439482402454111e+00 -2.191618776569419502e+00 -2.182222541774734736e+00 -2.188562414195820427e+00
-2.122750166701497410e+00 -2.113453117203322851e+00 -2.112111848451613483e+00 -2.114570085178983927e+00
-2.058979794010497244e+00 -2.044423985755341455e+00 -2.043441854571268479e+00 -2.045677017439461398e+00
-1.990167511634737263e+00 -1.992103290728689746e+00 -1.990808252096587294e+00 -1.998490874768166004e+00
-1.945594311472129911e+00 -1.942526053327021440e+00 -1.938026771967383821e+00 -1.950594749374256365e+00
-1.901150844408508123e+00 -1.892955500622654830e+00 -1.891786667580436676e+00 -1.898940305432647691e+00
-1.861262001946441424e+00 -1.852927815681760126e+00 -1.856577373662008590e+00 -1.860681802246469285e+00
-1.825234820800131663e+00 -1.821808356359343684e+00 -1.824078647095830785e+00 -1.818950909561270368e+00
-1.802753310910879536e+00 -1.800941755887828899e+00 -1.803727493295818940e+00 -1.812095669903593720e+00
-1.787841780973828287e+00 -1.787314019428541068e+00 -1.783920074212979268e+00 -1.789775471631367632e+00
-1.772106672598593891e+00 -1.777370643394563521e+00 -1.778879966000142643e+00 -1.776229953693749142e+00
-3.407044095537876238e+00 -4.999985468392919685e+00 -3.205061670624214543e+00 -2.835098470454607167e+00
-2.856618378082180332e+00 -4.999999999652617433e+00 -2.821529572622491600e+00 -2.837771352658608137e+00
-3.002091041370562596e+00 -2.902813899570474643e+00 -2.781768919129571138e+00 -2.789618651564754526e+00
-2.781134043348338025e+00 -2.705329627615275179e+00 -2.720430545022535007e+00 -2.793975605412559737e+00
-2.685938059888524965e+00 -2.641607366832945836e+00 -2.644678376875120307e+00 -2.718508533496738266e+00
-2.603668254862392839e+00 -2.568652275331809953e+00 -2.577818558926729064e+00 -2.595102435268084484e+00
-2.372954222059749707e+00 -2.370806746263763642e+00 -2.369240779063419566e+00 -4.996519006954345699e+00
-2.471553487044490183e+00 -2.337821936033471104e+00 -2.313975347687085016e+00 -2.314144023891102631e+00
-2.281315141623636578e+00 -2.271624142964362214e+00 -2.273228769378975223e+00 -2.272009427859261965e+00
-2.235500212545678433e+00 -2.232068473047265744e+00 -2.221780618880474734e+00 -2.231196790354761816e+00
-2.128861637409851681e+00 -2.446820056830628420e+00 -2.068710051694292673e+00 -2.139276103517133709e+00
-1.998598461299978535e+00 -4.917883983658696501e+00 -1.994262112246529384e+00 -1.999068356917198974e+00
-2.033758589786679671e+00 -2.190226222529733313e+00 -1.972287487396209293e+00 -1.984744616526242567e+00
-1.926010320833867029e+00 -2.166005615565140374e+00 -1.926734260994751313e+00 -1.925949193694328709e+00
-1.888981287801940745e+00 -1.887749287436678580e+00 -1.888504708779949581e+00 -1.886123100618051662e+00
-1.854824869358317363e+00 -1.856435323812141158e+00 -1.844586611409962051e+00 -1.849231690789255866e+00
-1.817334459495298260e+00 -1.819054222394377973e+00 -1.817816358162328338e+00 -1.813927563309192914e+00
-1.787715429947507539e+00 -1.787735692744631288e+00 -1.791655064950568477e+00 -1.793629265881445223e+00
-1.765174161029768651e+00 -1.770903980156421698e+00 -1.771481946501438864e+00 -1.778928255586424978e+00
-1.757897987106106674e+00 -1.764086344423826169e+00 -1.767022217459182309e+00 -1.764034367688296800e+00
0.000000000000000000e+00 0.000000000000000000e+00 0.000000000000000000e+00 0.000000000000000000e+00
0.000000000000000000e+00 0.000000000000000000e+00 0.000000000000000000e+00 0.000000000000000000e+00
-4.999986921553627894e+00 -2.573471919468306446e+00 -2.583515521891633249e+00 -2.583596300905872223e+00
-2.807025051693802009e+00 -2.627853755593304808e+00 -2.627906590933946518e+00 -2.698431321929375404e+00
-2.590194059864460385e+00 -2.567816880985768879e+00 -2.570822512982321228e+00 -2.625436533337686118e+00
-2.565690876634605377e+00 -2.494919342443020049e+00 -2.494747740387933899e+00 -2.511096292532175589e+00
-2.447082774425510365e+00 -2.421779856192341374e+00 -2.421419170260957987e+00 -2.683754147161991011e+00
-2.364218957050461256e+00 -2.351272429828946908e+00 -2.353429417755565911e+00 -2.353507404366614431e+00
-2.314470041450414683e+00 -2.310326468105900144e+00 -2.302530210001818123e+00 -2.303620384359695628e+00
-2.285095818453268368e+00 -2.418676238157705161e+00 -2.328012010416027788e+00 -2.273662456278494393e+00
-2.122493383266778277e+00 -2.104839930619189836e+00 -4.898622202047773655e+00 -2.112795513428098904e+00
0.000000000000000000e+00 0.000000000000000000e+00 0.000000000000000000e+00 0.000000000000000000e+00
-4.676945905538666182e+00 -1.909775384294508216e+00 -2.052285442166540186e+00 -1.900924405258076710e+00
-1.835609870082891559e+00 -4.601167784615637579e+00 -1.831270254108146256e+00 -1.830235165446468359e+00
-2.018855909678234806e+00 -2.033813646952870702e+00 -1.862910042169335423e+00 -1.880983797563548165e+00
-1.831479296773255383e+00 -1.830757318201926331e+00 -1.836338629606236950e+00 -1.839522820166239914e+00
-1.818000967729404671e+00 -1.832246901689978946e+00 -1.814833022853959976e+00 -1.814878974039934256e+00
-1.773881882250215591e+00 -1.779008790986324140e+00 -1.778962549241244862e+00 -1.777083718850826166e+00
-1.747227828641189751e+00 -1.747671974069795686e+00 -1.751234679399506167e+00 -1.751782320872210086e+00
-1.735833595017460151e+00 -1.736763898613050694e+00 -1.736190443868593558e+00 -1.740416775236262481e+00
-2.485812209957710461e+00 -2.263175807734680856e+00 -2.256466369789182469e+00 -4.845484228086837319e+00
-2.534239036522142108e+00 -2.328333310044011562e+00 -2.333191245722571860e+00 -4.933486026763544530e+00
-2.780528640020226039e+00 -2.522288512104692515e+00 -2.539713513860464289e+00 -2.525919978978885538e+00
-2.557387790114356019e+00 -2.556165494122197401e+00 -2.557670733738521385e+00 -2.602227839842176316e+00
-2.525567923127278736e+00 -2.496259365564388322e+00 -2.496125585911643352e+00 -2.519036018383971509e+00
-2.454815902472020195e+00 -2.425686068748167390e+00 -2.430551345378294315e+00 -2.440926880394074239e+00
-2.419700947085495546e+00 -2.354996305564057923e+00 -2.348704832645531759e+00 -2.405735105864434953e+00
-2.319574983102072441e+00 -2.266371641591967911e+00 -2.289707031628113842e+00 -2.304193616936962563e+00
-2.301082203373407520e+00 -2.443496318698804348e+00 -2.488511995753639461e+00 -2.299040880690728539e+00
-2.186073815771854889e+00 -4.898622202047773655e+00 -2.187308232422010779e+00 -2.201172509344840655e+00
-2.177573335639930718e+00 -2.226775809337854461e+00 -2.256834053768605575e+00 -2.413772352178490177e+00
-2.050901835139488316e+00 -3.856160377251949711e+00 -2.040270722522683489e+00 -3.856160377251949711e+00
-1.983181954036709493e+00 -1.912313660716908448e+00 -4.249526823515004104e+00 -2.131567815467874993e+00
0.000000000000000000e+00 0.000000000000000000e+00 0.000000000000000000e+00 0.000000000000000000e+00
-4.641051006154073733e+00 -1.680792155765627349e+00 -1.706832545007812785e+00 -1.689295547253866436e+00
-1.927161469752961764e+00 -1.799438384969031635e+00 -1.804886434877962298e+00 -1.801296822307822953e+00
-1.784240675250507113e+00 -4.709251314984799208e+00 -1.780991963347860807e+00 -1.791758953536386700e+00
-1.977242015881079062e+00 -1.778009501100470180e+00 -1.754247771859212435e+00 -1.763107394874129152e+00
-1.754363829191063484e+00 -1.707801156957732935e+00 -1.711683808231647896e+00 -1.708666908202746360e+00
-1.703015713018462440e+00 -1.697822870066992174e+00 -1.708900479736079614e+00 -1.700119340407814095e+00
-2.423129476990104170e+00 -2.415539039208393746e+00 -2.416357462071711648e+00 -2.454287182133210621e+00
-2.429643010893588251e+00 -2.429296319993574649e+00 -2.426434465274736940e+00 -2.596069421637626995e+00
-2.468080901742562894e+00 -2.464893553856012609e+00 -2.473606794620893723e+00 -2.472369598235446109e+00
-2.497342228235222006e+00 -2.482895115020909316e+00 -2.486605474799735482e+00 -2.503990432482485762e+00
-2.425874429351501771e+00 -2.423830795751516831e+00 -2.424167310089021754e+00 -2.468252628003863247e+00
-2.382138425669539483e+00 -2.358591812695658874e+00 -2.360435887291842505e+00 -2.358751739955041504e+00
-2.308462301849834475e+00 -2.266796187677483587e+00 -2.308823199522197722e+00 -2.350139720966958556e+00
-2.245614797754267755e+00 -2.172564137893085334e+00 -2.502957587138294748e+00 -2.224584812887078211e+00
-2.097988937873365156e+00 -2.083411121566061563e+00 -4.979127210410353221e+00 -2.109468640946065676e+00
0.000000000000000000e+00 0.000000000000000000e+00 0.000000000000000000e+00 0.000000000000000000e+00
-4.073489905574079195e+00 -1.912497575835685248e+00 -4.452905054342438440e+00 -1.918812245843517950e+00
0.000000000000000000e+00 0.000000000000000000e+00 0.000000000000000000e+00 0.000000000000000000e+00
-4.392116727047153724e+00 -1.685163820491101472e+00 -1.654414825719963122e+00 -1.809172184962384078e+00
-1.620553358617430106e+00 -1.618045382987404412e+00 -1.612727750673537797e+00 -4.452905054342438440e+00
-1.676704159183321385e+00 -1.614805225810723499e+00 -1.754354421807540865e+00 -1.632036382207868508e+00
-1.504487785093338692e+00 -1.503001290341946516e+00 -4.641051006154073733e+00 -1.519514592224181504e+00
0.000000000000000000e+00 0.000000000000000000e+00 0.000000000000000000e+00 0.000000000000000000e+00
-4.601167784615637579e+00 -1.446594545730282011e+00 -1.439479391218845494e+00 -1.461739168237671915e+00
-1.758023181843058280e+00 -1.630984355824223186e+00 -1.634263550280047550e+00 -1.635467012054147684e+00
-1.645765083610982282e+00 -1.645826611800719430e+00 -1.642909454725040908e+00 -1.658900175827590084e+00
-2.399120149949207192e+00 -2.394735184244571435e+00 -2.397647704481036701e+00 -2.395020691919904632e+00
-2.400488002773876861e+00 -2.397927183237707371e+00 -2.403112841683793910e+00 -2.403468515257646931e+00
-2.415061361470481671e+00 -2.410675266624402902e+00 -2.417907183105229674e+00 -2.414642621477930184e+00
-2.424797653530907038e+00 -2.411458618592751790e+00 -2.411741592150688618e+00 -2.428864104100456167e+00
-2.371065933905498913e+00 -2.351668147802524089e+00 -2.345334322590684639e+00 -2.370433140731193600e+00
-2.336350802898296664e+00 -2.301466917809094070e+00 -2.257193596623007448e+00 -2.304666561613457176e+00
-2.227151280064580963e+00 -2.264005387681719217e+00 -2.164698315068059653e+00 -2.251025497183084756e+00
-2.184600850740410660e+00 -2.081252219779098578e+00 -2.119804294625467378e+00 -2.227244713334299853e+00
-2.096015624279383260e+00 -2.003524709088570610e+00 -2.056941743036116765e+00 -2.115694634428116672e+00
-1.880029810810644575e+00 -1.884087142839667051e+00 -1.881269606736370337e+00 -4.828315808985374602e+00
-1.862735120186726823e+00 -1.856147013980858684e+00 -2.064514999072881274e+00 -1.971224008805172012e+00
-1.695722398837141265e+00 -1.687829057220222584e+00 -1.702601105237572687e+00 -4.738326183486319287e+00
-1.889211916136608327e+00 -1.645457356715067210e+00 -1.646948787081205179e+00 -1.873652863870065133e+00
-1.592903048404039623e+00 -1.578269857163144163e+00 -1.591908773056578408e+00 -1.823188318378605510e+00
-1.580451432729839345e+00 -1.526549076041959996e+00 -1.538763370481623260e+00 -1.542748372139735036e+00
-1.483165647957803035e+00 -1.442635900717936792e+00 -1.790608871908802691e+00 -1.612377170202675902e+00
-1.306151039686536786e+00 -1.289260773741754518e+00 -1.285622709175742173e+00 -4.641051006154073733e+00
-1.373774844493988123e+00 -1.503755163524924221e+00 -1.533314023152563266e+00 -1.569373785712814051e+00
-1.529937591110988260e+00 -1.567701045307529517e+00 -1.571844190729962953e+00 -1.574760264641056340e+00
-1.594230851242106617e+00 -1.592463654313295285e+00 -1.592411046081442905e+00 -1.604895095452183229e+00
-2.376768730260055307e+00 -2.364043255589292958e+00 -2.359955374476264911e+00 -2.370416723843551399e+00
-2.359510867810552970e+00 -2.361294415855130335e+00 -2.361407143239922402e+00 -2.362567315626242337e+00
-2.361213696490410907e+00 -2.356894533409559234e+00 -2.357963634888130766e+00 -2.354934028817360137e+00
-2.347570426810734912e+00 -2.341592726271827463e+00 -2.341978908055136088e+00 -2.353523401520762004e+00
-2.302793654160304460e+00 -2.284732569068674835e+00 -2.294310957260237593e+00 -2.325559587429368413e+00
-2.282324228203851835e+00 -2.446276824677048989e+00 -2.306085604542356116e+00 -2.285623320022360794e+00
-2.097060873982603102e+00 -4.984783736389148068e+00 -2.074865621091295687e+00 -2.102617425537526064e+00
-2.098004893440720497e+00 -2.273912394838618845e+00 -2.001285106017463455e+00 -2.117597767213329707e+00
-2.065639055700567717e+00 -1.904967624117883229e+00 -1.949438016438196808e+00 -2.070025818287115182e+00
-1.938552498306318261e+00 -1.865546065646772389e+00 -1.856606111139618154e+00 -1.899577522114227479e+00
-1.874374812912318999e+00 -1.775470572471399722e+00 -1.764533329187071065e+00 -1.834159483894246989e+00
-1.731457188677471892e+00 -1.653740179652532394e+00 -1.692138239463364391e+00 -1.708241971034528239e+00
-1.685337474046439299e+00 -1.611414203303042303e+00 -1.574149070909875103e+00 -1.641342566401872372e+00
-1.593854640139748646e+00 -1.437887174167612692e+00 -1.529330768133201124e+00 -1.547478778108273723e+00
-1.506345308507156755e+00 -1.418900518400816990e+00 -1.454813461457067358e+00 -1.479385645346471101e+00
-1.448793427209202678e+00 -1.276910563249081365e+00 -1.415092015761431510e+00 -1.421439086648271344e+00
-1.376263348303599754e+00 -1.356566334602101076e+00 -1.395158405618475594e+00 -1.525905788878642255e+00
-1.446858018382550792e+00 -1.446264414963106759e+00 -1.448821633896653971e+00 -1.458860304133870134e+00
-1.516342634146730095e+00 -1.582697121956746278e+00 -1.684205629152766726e+00 -1.528338165473319243e+00
-1.557023745881279897e+00 -4.324574141163504137e+00 -1.561267082175668452e+00 -1.557946227290140317e+00
-2.338080720165953696e+00 -2.337441249767696405e+00 -2.342746622573365300e+00 -2.336617983532887077e+00
-2.329364986486358369e+00 -2.326262010247785117e+00 -2.323164982280748969e+00 -2.325564775203241119e+00
-2.310596019304890003e+00 -2.302638941584240317e+00 -2.305124628743024928e+00 -2.307316165897282723e+00
-2.276586982018435901e+00 -2.271469165736486051e+00 -2.271125578999638517e+00 -2.281619594888258717e+00
-2.230741393252654525e+00 -2.218768634687525942e+00 -2.247522648854753946e+00 -2.232891592209302445e+00
-2.037622372853019836e+00 -2.034167571866962732e+00 -4.968186572794319744e+00 -2.025447556926645909e+00
0.000000000000000000e+00 0.000000000000000000e+00 0.000000000000000000e+00 0.000000000000000000e+00
-4.917883983658696501e+00 -1.921185703165451120e+00 -1.937630985088287794e+00 -1.939405244739865974e+00
-2.019434614348924129e+00 -1.867585273598931117e+00 -1.820078046851641540e+00 -1.919219306126116020e+00
-1.860859006749067790e+00 -1.778268015263864577e+00 -1.729362117617940120e+00 -1.877392002299887563e+00
-1.771569383664096220e+00 -1.619695391375010285e+00 -1.690942248989040664e+00 -1.746566696466231194e+00
-1.710967117292353956e+00 -1.517849818026152153e+00 -1.603318224100232392e+00 -1.715680125136314071e+00
-1.640340373479340030e+00 -1.439381508438107193e+00 -1.520537324181984173e+00 -1.627668086403375902e+00
-1.515650394541591339e+00 -1.301755153592970338e+00 -1.452156382450411787e+00 -1.496597686206081690e+00
-1.438500902262004333e+00 -1.378600138858399715e+00 -1.274510915664944566e+00 -1.409580693027127518e+00
-1.341475985942503391e+00 -1.078778934090688812e+00 -1.330408139789310829e+00 -1.347454865709430072e+00
-1.231032399732993721e+00 -1.314066010616685931e+00 -1.332788823113583154e+00 -1.341698459174518687e+00
-1.366584630796017441e+00 -1.371076421886897601e+00 -1.369061358603395284e+00 -1.370211099128576748e+00
-1.299775300559844915e+00 -1.292389451853118487e+00 -4.452905054342438440e+00 -1.293011987061837731e+00
0.000000000000000000e+00 0.000000000000000000e+00 0.000000000000000000e+00 0.000000000000000000e+00
-2.316413440828069881e+00 -2.326748526841564857e+00 -2.319695364273523630e+00 -2.316739944560566311e+00
-2.294395859551312977e+00 -2.288325567182325937e+00 -2.285959312645462038e+00 -2.288534538601110224e+00
-2.256954200285628431e+00 -2.246721490148124278e+00 -2.247607726671279060e+00 -2.265699853281651244e+00
-2.222222442921301777e+00 -2.198683572303122613e+00 -2.199325460969308033e+00 -2.209819716783448129e+00
-2.160534289047399081e+00 -2.146826127951407592e+00 -2.148424683112757805e+00 -2.155345271421671427e+00
-2.103569915503213927e+00 -2.069067813826901858e+00 -2.301653024528094171e+00 -2.219978583093693114e+00
-1.960287708982649146e+00 -1.939477932801945137e+00 -1.934938133167750873e+00 -4.887358002275304258e+00
-2.195455675922028060e+00 -1.869099679095503230e+00 -1.817012825584696234e+00 -1.894798044726901942e+00
-1.840734753479385866e+00 -1.794482898812931992e+00 -1.718569276438522753e+00 -1.837369458100445829e+00
-1.743972315018267105e+00 -1.720172354567256701e+00 -1.629260289172071108e+00 -1.746032914405690528e+00
-1.681044083661168864e+00 -1.610662461683960434e+00 -1.517305702850317628e+00 -1.696191292155206698e+00
-1.640356857122679202e+00 -1.509304709349258200e+00 -1.413387662821079971e+00 -1.607123383673439099e+00
-1.532699106567581460e+00 -1.352960058112911756e+00 -1.286056078426071725e+00 -1.542472936083914448e+00
-1.480325738249132383e+00 -1.187850325129802931e+00 -1.270664963105348821e+00 -1.451841673081517570e+00
-1.373434923218849857e+00 -1.259936853473998086e+00 -1.150986397373879422e+00 -1.360025352876381488e+00
-1.308574715551592549e+00 -9.877123703884743700e-01 -1.276363127621392923e+00 -1.269193569457698567e+00
-1.263358265947554848e+00 -1.206174110372074226e+00 -1.249524563811309941e+00 -1.259206926365659562e+00
-1.298519628801539483e+00 -1.295974861452702021e+00 -1.298892768487539318e+00 -1.306495002029305796e+00
-1.262589066417552086e+00 -1.268370963341519442e+00 -1.475034444111596121e+00 -1.480099299667444690e+00
-1.047201206029998666e+00 -1.020338437133645471e+00 -1.016777687737371538e+00 -4.073489905574079195e+00
-2.213190868067079986e+00 -4.908759981842996112e+00 -2.208124312570114878e+00 -2.210187377143541632e+00
-2.238795055629355879e+00 -2.397789573853103207e+00 -2.239718704482990486e+00 -2.251726544853053458e+00
-2.205324525591958462e+00 -2.188737067573319095e+00 -2.189825434642406421e+00 -2.193170873144520527e+00
-2.163547009027824153e+00 -2.137571818837999515e+00 -2.135648107392003503e+00 -2.149011020868214938e+00
-2.106949540648852537e+00 -2.077732212507882981e+00 -2.063300100115381674e+00 -2.095951931276029967e+00
-2.008737177887623293e+00 -2.022615255448752869e+00 -1.990618078767704358e+00 -2.071484299684207553e+00
-1.935273534464241552e+00 -2.029247167367383309e+00 -1.880036372032296121e+00 -1.998047809848754186e+00
-1.917190583166959117e+00 -1.831772534823415954e+00 -1.774095073134760669e+00 -1.855780978844258300e+00
-1.815540382851293044e+00 -1.753622439755352591e+00 -1.665500923922006660e+00 -1.759315964823210177e+00
-1.750435033699563103e+00 -1.697851137779213149e+00 -1.573165900640114856e+00 -1.686330507369495191e+00
-1.639341225515114964e+00 -1.604018039071743340e+00 -1.495375087084032995e+00 -1.629324336753460001e+00
-1.601754198353449565e+00 -1.596994474877014625e+00 -1.342998622690919630e+00 -1.537610956035883047e+00
-1.466727521322418681e+00 -1.941421208980642854e+00 -1.209312444742072445e+00 -1.427933289237428127e+00
-1.331752136629107186e+00 -1.201174177778362662e+00 -1.122182019509283979e+00 -1.347438478159947328e+00
-1.260765075623883735e+00 -1.014582265724317534e+00 -1.052465173914821417e+00 -1.265882347360309579e+00
-1.130807325726804535e+00 -9.130729703952710219e-01 -1.124146904686304627e+00 -1.143576627604242280e+00
-1.178885188059238143e+00 -9.382107603013003505e-01 -1.202974992722733116e+00 -1.215855489329737082e+00
-1.162275273979197276e+00 -1.229278570865162123e+00 -1.234877065197823587e+00 -1.243709025257540457e+00
-1.246640615564506671e+00 -1.343867318013140633e+00 -1.247764345197497127e+00 -1.246412968743398464e+00
-1.229269822331483297e+00 -3.856160377251949711e+00 -1.255212090252368906e+00 -1.279657266533307247e+00
0.000000000000000000e+00 0.000000000000000000e+00 0.000000000000000000e+00 0.000000000000000000e+00
-4.926095585292826762e+00 -2.032878328896427611e+00 -2.040057450751603163e+00 -2.062479893402747066e+00
-2.367733136647096615e+00 -2.136578968345513196e+00 -2.133661676368972415e+00 -2.134092738638381892e+00
-2.120577530230631336e+00 -2.105721466797052521e+00 -2.107652046957232628e+00 -2.100728646836412139e+00
-2.073934248503494171e+00 -2.068554897656462721e+00 -2.067127994932498769e+00 -2.070222865509776078e+00
-2.042976231494155304e+00 -2.026653461301227921e+00 -2.360665499632573106e+00 -2.026672274692897346e+00
-1.841275472622645459e+00 -4.933486026763544530e+00 -1.823859634394537022e+00 -1.823655800110058012e+00
-1.790504390148701885e+00 -1.865345705269407128e+00 -1.778954139841959492e+00 -1.777894155282877531e+00
-1.710272763507093785e+00 -1.710981732356406715e+00 -1.710257459563436999e+00 -1.722640080633749182e+00
-1.680314250088065453e+00 -1.644988459929567881e+00 -1.622886792493957397e+00 -1.660119811256920874e+00
-1.602689451509611063e+00 -1.507468594518720284e+00 -1.617781905215071703e+00 -1.591645835944724974e+00
-1.564978532623571228e+00 -1.627877261667258324e+00 -1.669879940667728713e+00 -1.549414385181161258e+00
-1.351114942020789300e+00 -4.709251314984799208e+00 -1.291028711647415728e+00 -1.280499621074727479e+00
-1.308317758122324870e+00 -1.480044774427028198e+00 -1.023775126393196677e+00 -1.265731025119738451e+00
-1.229234153216279157e+00 -8.237353407192392618e-01 -1.041122955419451435e+00 -1.225824161482633734e+00
-1.032526413002313959e+00 -7.090569990866751882e-01 -1.001235908053354828e+00 -1.033201359134471309e+00
-8.367143026690779806e-01 -1.079870007204440707e+00 -1.125114877739294750e+00 -1.174189597484671221e+00
-1.154407310454651947e+00 -1.166356683934181682e+00 -1.278144915041828922e+00 -1.177300703399421389e+00
-1.114188363573467289e+00 -3.256607799500000233e+00 -3.587852317594999896e+00 -1.129815541188282424e+00
0.000000000000000000e+00 0.000000000000000000e+00 0.000000000000000000e+00 0.000000000000000000e+00
-2.257448766059542589e+00 -1.970931084743312356e+00 -1.997240483801070887e+00 -4.809239787761526941e+00
-2.218243293849966324e+00 -2.068976587832846548e+00 -2.071028049937292170e+00 -2.305511789859747473e+00
-2.095851027973175462e+00 -2.099602193189562094e+00 -2.105286735753973737e+00 -2.102387917565734732e+00
-2.105967489814936755e+00 -2.178389786487247459e+00 -2.112293641859913418e+00 -2.103830758935696821e+00
-2.080124994680971451e+00 -2.076841331254211553e+00 -2.170986297100558904e+00 -2.081095751289445239e+00
-2.025078538669107697e+00 -2.270454145139375157e+00 -4.709251314984799208e+00 -2.004368783513123642e+00
0.000000000000000000e+00 0.000000000000000000e+00 0.000000000000000000e+00 0.000000000000000000e+00
-4.709251314984799208e+00 -1.517807523917520163e+00 -1.535169603414854755e+00 -1.518069194803667088e+00
-1.758384919445587169e+00 -1.644569578234658547e+00 -1.655380091447412605e+00 -1.664456194193531413e+00
-1.603263475169208085e+00 -1.589049689574128399e+00 -1.707837255329672788e+00 -1.607498255473549520e+00
-1.509528099373351084e+00 -4.601167784615637579e+00 -1.367397537456023660e+00 -1.504227725741714261e+00
-1.480191280593246894e+00 -1.178761608423947838e+00 -4.073489905574079195e+00 -1.497876989585516405e+00
0.000000000000000000e+00 0.000000000000000000e+00 0.000000000000000000e+00 0.000000000000000000e+00
-4.556853094017375483e+00 -1.042728237123890178e+00 -9.616853598075281173e-01 -1.061413681324963276e+00
-1.422555160083418979e+00 -6.403531948046907729e-01 -8.506026440930863908e-01 -1.080037078089325142e+00
-9.148245778970417463e-01 -5.828489839253446769e-01 -9.511981668723855643e-01 -9.591870822219343840e-01
-7.570730143642773191e-01 -1.343775321861879313e+00 -1.044283206437595313e+00 -1.061390946301126181e+00
-1.018413805243984172e+00 -2.608515500000000209e+00 -3.430947019550000032e+00 -1.038835595459591810e+00
0.000000000000000000e+00 0.000000000000000000e+00 0.000000000000000000e+00 0.000000000000000000e+00
-9.499999999999999556e-01 -2.421395568100000520e-02 -7.660000000000000142e-02 -1.354999999999999982e+00
-2.103330431211611007e+00 -2.254972381285287319e+00 -2.097744900077806562e+00 -2.315119638664840718e+00
-2.087629136909111338e+00 -2.088333250552254050e+00 -2.090892089834099909e+00 -2.085278117513583052e+00
-2.086658215638908853e+00 -2.128515972277500445e+00 -2.364358409249170734e+00 -2.084907564915958300e+00
-1.953413220614168111e+00 -4.933486026763544530e+00 -1.962282501632830689e+00 -1.971436174020946064e+00
-2.037857538157007209e+00 -2.106265385463988338e+00 -2.261091054214676710e+00 -2.056560098058182184e+00
-1.937908102636284324e+00 -4.738326183486319287e+00 -2.043505941945706450e+00 -1.942866806864998575e+00
-1.538062081128845238e+00 -1.526276346548648410e+00 -1.523656626657551305e+00 -4.641051006154073733e+00
-1.649026343658202443e+00 -1.545045179285295722e+00 -1.544453313702810693e+00 -1.546907284378193026e+00
-1.577204130097864532e+00 -1.579445746176398213e+00 -1.787750354997785340e+00 -1.621900404699546883e+00
-1.549490622666706674e+00 -1.764491323636105280e+00 -4.709251314984799208e+00 -1.550889905234944077e+00
0.000000000000000000e+00 0.000000000000000000e+00 0.000000000000000000e+00 0.000000000000000000e+00
-3.587852317594999896e+00 -2.847663950000000277e+00 -1.302545627655862237e+00 -1.067733364292694276e+00
-1.117634515315486077e+00 -2.608515500000000209e+00 -9.600581406221038172e-01 -3.587852317594999896e+00
-1.080351986200548842e+00 -1.204206935681773727e+00 -7.784332814571753856e-01 -1.253524690055171309e+00
-1.001760673556085557e+00 -5.596064860731508883e-01 -7.280163066897313850e-01 -9.742345392351425826e-01
-7.411486222254647371e-01 -3.616010420684676041e-01 -1.329997284808190239e+00 -8.702508364265224561e-01
-6.361963581997421846e-01 -9.750054567548284146e-01 -4.324574141163504137e+00 -9.472477631807723064e-01
0.000000000000000000e+00 0.000000000000000000e+00 0.000000000000000000e+00 0.000000000000000000e+00
-9.499999999999999556e-01 -1.256147234830000126e-01 -6.312932888153974242e-02 -9.499999999999999556e-01
-1.013713800150653765e-01 -1.008441892014958902e-01 -1.015737828615040361e-01 -1.931513836510000137e-01
-2.261498823201163688e+00 -4.676945905538666182e+00 -2.015091403878765508e+00 -2.019089352238875978e+00
-2.295133976993246172e+00 -2.160137737485180232e+00 -2.118075687137657148e+00 -2.068292652294990042e+00
-1.925585671779404429e+00 -1.903157584644539879e+00 -4.709251314984799208e+00 -1.922541771091080154e+00
0.000000000000000000e+00 0.000000000000000000e+00 0.000000000000000000e+00 0.000000000000000000e+00
-4.324574141163504137e+00 -2.040618598113849824e+00 -4.249526823515004104e+00 -1.879111192203516412e+00
0.000000000000000000e+00 0.000000000000000000e+00 0.000000000000000000e+00 0.000000000000000000e+00
-4.249526823515004104e+00 -1.504000413495477417e+00 -1.510320928834369303e+00 -1.509039601126379138e+00
-1.671187111135962411e+00 -1.507613229137972910e+00 -1.503150336555741928e+00 -1.512782394526499319e+00
-1.525855166902962301e+00 -1.524978278560555456e+00 -1.672808818592785407e+00 -1.526116995628505446e+00
-1.442379113029228943e+00 -1.439215024970162959e+00 -4.392116727047153724e+00 -1.613310491991994278e+00
0.000000000000000000e+00 0.000000000000000000e+00 0.000000000000000000e+00 0.000000000000000000e+00
0.000000000000000000e+00 0.000000000000000000e+00 0.000000000000000000e+00 0.000000000000000000e+00
0.000000000000000000e+00 0.000000000000000000e+00 0.000000000000000000e+00 0.000000000000000000e+00
-4.392116727047153724e+00 -8.772503004418984451e-01 -7.195656660280342898e-01 -8.845768523767597591e-01
-1.101669776620190166e+00 -8.437082106294420125e-01 -3.217191645141065370e-01 -8.247472919064081642e-01
-6.018267846432158175e-01 -1.874385268606924837e-01 -1.082574822074824583e+00 -5.852026324803495383e-01
-7.023395287463820580e-01 -9.131175044451922407e-02 -4.676945905538666182e+00 -7.698606536068444139e-01
0.000000000000000000e+00 0.000000000000000000e+00 0.000000000000000000e+00 0.000000000000000000e+00
-2.047550000000000203e+00 -9.928152921086594307e-02 -9.666580661898512006e-02 -9.182583858313000946e-02
-2.290587707087428648e-01 -1.267820040342918231e-01 -1.277561052323913371e-01 -1.220905669150880724e-01
0.000000000000000000e+00 0.000000000000000000e+00 0.000000000000000000e+00 0.000000000000000000e+00
-4.788044208623919218e+00 -2.092077073197653458e+00 -1.880663089747432348e+00 -1.869234310250873055e+00
-1.997309092496751814e+00 -2.021946776202427021e+00 -4.249526823515004104e+00 -1.923036493753933263e+00
0.000000000000000000e+00 0.000000000000000000e+00 0.000000000000000000e+00 0.000000000000000000e+00
-4.392116727047153724e+00 -1.642157525438935561e+00 -1.864387522491749216e+00 -1.940697021623118301e+00
-1.635071716973360179e+00 -1.784535430575377113e+00 -1.631891289568303094e+00 -3.856160377251949711e+00
-1.478662541735534353e+00 -4.249526823515004104e+00 -1.471719788270698492e+00 -1.480754379498099516e+00
-1.481048237444893223e+00 -1.468740465128155703e+00 -1.484669650909607785e+00 -1.500947538205707366e+00
-1.473717497955959077e+00 -1.464425810947460826e+00 -1.465559317501144321e+00 -1.480317740155989048e+00
-1.432194087840555685e+00 -1.415076286187107790e+00 -1.843635655518955252e+00 -1.508268684368800017e+00
-1.218701660814288878e+00 -1.199344730428492545e+00 -1.193362668638635604e+00 -4.392116727047153724e+00
-1.197729713337071678e+00 -1.203406861727946531e+00 -1.395093760804918093e+00 -3.970544339526754563e+00
-1.049561617694088733e+00 -1.014065560157971557e+00 -9.134050363623378299e-01 -3.856160377251949711e+00
-9.454923799982328791e-01 -9.425351226538521976e-01 -6.846605971695256532e-01 -1.162890601550540692e+00
-7.683442831868968481e-01 -3.970544339526754563e+00 -2.643074951971892683e-01 -7.157760403588903086e-01
-5.073400001736938503e-01 -6.846502140405031911e-01 -5.910272525454644821e-02 -4.790201615693194803e-01
-3.671312446911421112e-01 1.159803992546655366e-01 -2.219557934377296982e-01 -6.625411076093020712e-01
-3.062026041430644940e-01 1.874615097459717550e-01 -2.255329222012273649e-01 -4.166140915016670832e+00
-2.221384249950683343e-01 3.648607228918678003e-02 -1.945488371409137551e-01 -2.999933637789061747e-01
-1.449984204919446407e-01 -8.538784164645088492e-02 -1.374329876370521120e-01 -1.372545346196685223e-01
-1.584466912337974653e+00 -1.541736652085712533e+00 -1.838175334973835007e+00 -3.729067085835499729e+00
-1.559828684387249087e+00 -4.507614548908194685e+00 -1.732380110035084853e+00 -1.583034738405953545e+00
-1.571777470334882798e+00 -1.334671049730088210e+00 -4.556853094017375483e+00 -1.566370473315600531e+00
0.000000000000000000e+00 0.000000000000000000e+00 0.000000000000000000e+00 0.000000000000000000e+00
-4.166140915016670832e+00 -1.537558164538368466e+00 -1.552149952829548374e+00 -1.549330494244232970e+00
-1.486751453076077034e+00 -1.442300435730888619e+00 -4.507614548908194685e+00 -1.461512847200419740e+00
0.000000000000000000e+00 0.000000000000000000e+00 0.000000000000000000e+00 0.000000000000000000e+00
-4.556853094017375483e+00 -1.348038891287179242e+00 -1.339705324455399582e+00 -1.353115118594786725e+00
-1.401936449619009872e+00 -1.407796453954245575e+00 -1.403012410298124735e+00 -1.415201001128626679e+00
-1.360882971381188078e+00 -1.357851956613940425e+00 -1.357346262059445641e+00 -1.358738437158384382e+00
-1.302845185730676203e+00 -1.287018938094279363e+00 -1.263343979586926125e+00 -1.343743632277642375e+00
-1.223018419947052182e+00 -1.511014002229337239e+00 -1.143645816420067352e+00 -1.214122035846032066e+00
-1.211410330435343186e+00 -1.212928349498348934e+00 -1.230000701021445320e+00 -1.031752724173619518e+00
-9.899536794964197695e-01 -9.786406126510022174e-01 -4.166140915016670832e+00 -8.032196961798387935e-01
0.000000000000000000e+00 0.000000000000000000e+00 0.000000000000000000e+00 0.000000000000000000e+00
-3.856160377251949711e+00 -4.452905054342438440e+00 3.913199611519933840e-02 -4.269669813374297740e-01
-4.695704595039426610e-01 1.315892897630802083e-01 2.456715546551791196e-01 -1.415643296926918093e-01
-6.079494825421392912e-02 3.612503485054903152e-01 2.938565190248892400e-01 2.300943032567669827e-02
1.810840862367033011e-04 4.890448615215143291e-01 -8.801150707428172237e-02 -1.997745352675303621e-01
-7.131008654540631209e-02 3.073726175467733635e-01 -1.171137020705353970e-01 -1.347449305536232433e-01
-1.505648312247089171e+00 -1.508989603184364814e+00 -4.073489905574079195e+00 -1.502129706409626175e+00
0.000000000000000000e+00 0.000000000000000000e+00 0.000000000000000000e+00 0.000000000000000000e+00
-4.249526823515004104e+00 -1.492920710118206706e+00 -1.481131370609311437e+00 -1.549908698028609200e+00
-1.475114588289132334e+00 -1.470582777620929482e+00 -1.470490063392871694e+00 -4.073489905574079195e+00
-1.488530992058231250e+00 -1.499045141236914569e+00 -1.501119024386983636e+00 -1.502563082465800726e+00
-1.496652444801166215e+00 -1.495549197800083219e+00 -1.529373965428935112e+00 -1.619781059003271295e+00
-1.253548453142811381e+00 -1.229176402567289772e+00 -1.210446298975496049e+00 -4.452905054342438440e+00
-1.438664694540030986e+00 -1.379702701484117888e+00 -1.380332030073685656e+00 -1.664380694145337403e+00
-1.370101994564932424e+00 -1.373971437622516056e+00 -1.370607960028362715e+00 -1.367710186068010314e+00
-1.345972343160324103e+00 -1.530787800546776545e+00 -1.347614429019570403e+00 -1.353610710033641862e+00
-1.329980193066238492e+00 -1.428967446637274596e+00 -1.323337675195158436e+00 -1.331010647624380594e+00
-1.166186461881633774e+00 -4.392116727047153724e+00 -1.157553862221018193e+00 -1.149339655063636556e+00
-1.458341327314567337e+00 -1.406950435366921326e+00 -1.221189957522414327e+00 -1.208324152091865056e+00
-1.176486425875607145e+00 -3.062897555000000160e+00 -2.342795000000000183e+00 -1.518547712923738136e+00
0.000000000000000000e+00 0.000000000000000000e+00 0.000000000000000000e+00 0.000000000000000000e+00
0.000000000000000000e+00 0.000000000000000000e+00 0.000000000000000000e+00 0.000000000000000000e+00
-3.430947019550000032e+00 -1.243681666599129598e-01 3.379996926419003289e-01 -2.300852823572646366e-01
1.074892979341560140e-01 4.025484875552351460e-01 4.744210620676979628e-01 1.472293785780171560e-01
3.003954619170189355e-01 6.051160458375386408e-01 4.378066689600451644e-01 2.976824710253918038e-01
4.930769052893815840e-02 7.229335301937280800e-01 8.651485718062662533e-02 -8.409761414314567696e-02
-1.526536134495211527e+00 -1.507977665915804177e+00 -1.515859529911373738e+00 -1.519644561790232773e+00
-1.525636640713710745e+00 -3.256607799500000233e+00 -1.518242139625102682e+00 -3.587852317594999896e+00
-1.543259141415378899e+00 -1.817656813079620681e+00 -1.541339234586885709e+00 -1.619126708828168892e+00
-1.507984398594118147e+00 -1.506233271442871668e+00 -1.506166078166357281e+00 -1.506492904387188192e+00
-1.497603772933743471e+00 -1.487892879654511891e+00 -1.491270828117128744e+00 -1.489905731237378905e+00
-1.478614880067066650e+00 -1.615205662424655353e+00 -1.481007373415303530e+00 -1.480642626233891868e+00
-1.435759681310833091e+00 -1.439087969676862144e+00 -1.437209610245438807e+00 -1.576192531372920147e+00
-1.410903683368337935e+00 -1.465139815951875590e+00 -1.374307824953651780e+00 -1.390650114295775230e+00
-1.384460089376734038e+00 -1.362718812418964864e+00 -1.208867784226082875e+00 -1.358617123241187885e+00
-1.205414834945675029e+00 -3.970544339526754563e+00 -9.910753653973993771e-01 -1.179392427866729598e+00
-9.937501480521100383e-01 -8.052632906982021277e-01 -4.166140915016670832e+00 -9.213540965611197731e-01
0.000000000000000000e+00 0.000000000000000000e+00 0.000000000000000000e+00 0.000000000000000000e+00
-2.047550000000000203e+00 -4.514601940024136617e-01 -3.587852317594999896e+00 -5.061104872546539069e-01
0.000000000000000000e+00 0.000000000000000000e+00 0.000000000000000000e+00 0.000000000000000000e+00
-9.499999999999999556e-01 -1.320520357008439227e-01 -1.306166388101802356e-01 -1.719500000000000028e+00
-1.514168423887767567e-01 -8.759591703107566518e-02 -9.055524795566723129e-02 -1.719500000000000028e+00
-1.164323552348818236e-01 -1.280283033417475569e-01 2.118821241023496893e-01 -2.642666260938865141e-01
-1.345047378596692378e-01 1.015745941243525741e-01 6.228069484858194116e-01 5.814105744463747560e-03
4.593086165496250706e-01 7.474756794401112847e-01 6.365347192529928755e-01 4.470955727350086617e-01
3.293166574653706435e-01 8.787006194979749552e-01 3.631596787445365848e-01 1.737426982034367406e-01
-1.523003645816279450e+00 -1.422692540321573773e+00 -4.073489905574079195e+00 -1.418104939905981521e+00
0.000000000000000000e+00 0.000000000000000000e+00 0.000000000000000000e+00 0.000000000000000000e+00
-4.324574141163504137e+00 -1.346774513283819807e+00 -1.345494522246639679e+00 -1.363934744135951949e+00
-1.423659826472664536e+00 -1.471688276969642439e+00 -1.476346003144790808e+00 -1.485142282060520680e+00
-1.489847797454019407e+00 -1.572054801329197726e+00 -1.717247944958940620e+00 -1.494147334100152102e+00
-1.430782764496859816e+00 -4.324574141163504137e+00 -1.418599775375184224e+00 -1.417516205496944126e+00
-1.425902288183555244e+00 -1.602559631729025380e+00 -1.766640480977316185e+00 -1.426313090087724333e+00
-1.137572114032679105e+00 -4.166140915016670832e+00 -1.064139260531653086e+00 -1.098952590709124877e+00
-1.190427745347980570e+00 -1.213460044551166517e+00 -3.856160377251949711e+00 -1.192913388702217192e+00
0.000000000000000000e+00 0.000000000000000000e+00 0.000000000000000000e+00 0.000000000000000000e+00
-3.256607799500000233e+00 -7.271892398543713387e-01 -7.419794805718777919e-01 -8.012594885551667101e-01
-7.164222644116738925e-01 -5.319603439769740039e-01 -5.286849312080370566e-01 -3.062897555000000160e+00
-5.269230258624617580e-01 -5.304469661643429479e-01 -8.638574975597861361e-01 -5.296600782027321985e-01
-2.763787198441354787e-01 -2.958928752484579205e-01 -2.599286942605479878e-01 -3.062897555000000160e+00
-2.556667793298302849e-01 -2.552900756290408246e-01 -2.333929940528199076e-01 -2.553908209190268730e-01
-2.091391541269742027e-01 -2.798506420799874994e-01 -2.740917822552841818e-02 -2.292910220540303190e-01
-1.833800541587988220e-01 -2.019742474800062526e-01 3.092298265797562840e-01 -1.429184912597467327e-01
-8.717036905928333967e-02 -3.062897555000000160e+00 7.492301989778026305e-01 8.727760710365260743e-02
5.549694823836388569e-01 5.445948536102283022e-01 8.817819870653642589e-01 5.476428767390262298e-01
7.010513302681020686e-01 9.999999999999995559e-01 8.572176246963315593e-01 7.160220034284382473e-01
-1.490851784659052104e+00 -1.495462185971571545e+00 -1.782063641889997774e+00 -1.641097154990897256e+00
-1.447174264359122331e+00 -1.440431630463080648e+00 -1.439646252115718283e+00 -4.452905054342438440e+00
-1.445316042308207205e+00 -1.452879571066350461e+00 -1.453382634819972985e+00 -1.521905846375397608e+00
-1.449059483873231802e+00 -1.445556560750021813e+00 -1.448807235996572906e+00 -1.455206346923599181e+00
-1.420950987520432474e+00 -1.411064168048557832e+00 -4.166140915016670832e+00 -1.441501164106643751e+00
0.000000000000000000e+00 0.000000000000000000e+00 0.000000000000000000e+00 0.000000000000000000e+00
-3.062897555000000160e+00 -8.961739626054712193e-01 -3.256607799500000233e+00 -8.980682686841252593e-01
0.000000000000000000e+00 0.000000000000000000e+00 0.000000000000000000e+00 0.000000000000000000e+00
-3.430947019550000032e+00 -1.047956233697024730e+00 -8.970534913997718629e-01 -8.693288383554578225e-01
-5.758395519931267525e-01 -5.564461513577924068e-01 -5.710591347626116088e-01 -3.430947019550000032e+00
-8.205575426531713790e-01 -6.567460008661715198e-01 -6.511691120839241398e-01 -6.528457230650271947e-01
-5.879683038875455070e-01 -5.887029342752755356e-01 -5.772484651260942901e-01 -7.706365469446629923e-01
-4.929466526117560199e-01 -5.015346333053697370e-01 -4.918972388747114288e-01 -5.215335519147399346e-01
-4.162050212760000645e-01 -4.211016435555210990e-01 -4.043845442725766404e-01 -4.634614003983333896e-01
-3.250053308097676785e-01 -3.218130684900844529e-01 -3.117899382965045874e-01 -3.172748258482478989e-01
-2.886022393235477823e-01 -2.461584359990645343e-01 -2.454143675145054049e-01 -1.961575290151477691e-01
-1.681356983571102304e-01 -2.625305658847889023e-01 -1.719500000000000028e+00 -1.031500855874644684e-01
0.000000000000000000e+00 0.000000000000000000e+00 0.000000000000000000e+00 0.000000000000000000e+00
-2.047550000000000203e+00 2.202591270143193503e-01 9.966186080864773977e-01 0.000000000000000000e+00
0.000000000000000000e+00 0.000000000000000000e+00 0.000000000000000000e+00 0.000000000000000000e+00
