-3.247469304616653840e+00 -3.295883374515884867e+00 -2.875315564429099080e+00 -3.267717116424651458e+00
-3.108529678393188611e+00 -2.941890787546264541e+00 -2.745358911186613238e+00 -2.938147222558898264e+00
-2.928499904433212286e+00 -2.767519263676168073e+00 -2.636262810173701343e+00 -2.771652941845678342e+00
-2.817389530965427991e+00 -2.592605222557798239e+00 -2.459266792098405929e+00 -2.654184247592048518e+00
-2.733177620110359918e+00 -2.317820654592664731e+00 -3.103707801454641313e+00 -2.526577654697966135e+00
-2.653634328990821523e+00 -2.250759231869142951e+00 -4.999994933141911346e+00 -2.861821251807640465e+00
0.000000000000000000e+00 0.000000000000000000e+00 0.000000000000000000e+00 0.000000000000000000e+00
-4.933486026763544530e+00 -1.416863597387650220e+00 -1.388851266813318386e+00 -1.442300753275637559e+00
-1.628129981505833879e+00 -1.308837751119296566e+00 -1.281827197505143401e+00 -1.345531169358910706e+00
-1.248715586357752150e+00 -1.237919782637737054e+00 -1.200561878719679010e+00 -1.212096028261306024e+00
-1.172203996132958892e+00 -1.103153734325043267e+00 -1.125457566662542597e+00 -1.133276387649988060e+00
-1.059622831919608377e+00 -1.055799529793276514e+00 -1.100981556136381379e+00 -1.059383385210319828e+00
-3.251577886745101509e+00 -3.239692822628433611e+00 -3.027855295443500516e+00 -3.318337244545732201e+00
-3.267436606704304580e+00 -3.150856798693621563e+00 -2.725016824730654097e+00 -3.095740631832454959e+00
-3.063172803675793698e+00 -2.884229474922802794e+00 -2.467807521391032655e+00 -2.911819506491167608e+00
-2.814189549408470103e+00 -2.911095299175983975e+00 -2.357681042895678480e+00 -2.744584862440080819e+00
-2.546852546659168492e+00 -2.282894708931526129e+00 -2.170624716917529895e+00 -2.580858158461765139e+00
-2.391366549112857065e+00 -1.894869648067474710e+00 -2.254326113571614165e+00 -2.747519431875081075e+00
-2.266716084758106486e+00 -1.681128053631609998e+00 -1.439007371348398623e+00 -4.999999916785959897e+00
-1.966314066215461231e+00 -1.406879358522720613e+00 -1.308930933346236669e+00 -1.506997695243987190e+00
-1.514069698870328384e+00 -1.237406069849388279e+00 -1.175575031033780249e+00 -1.347511308611403669e+00
-1.345660743429268891e+00 -1.006803588356624646e+00 -1.105593201631549949e+00 -1.215347021473592415e+00
-1.147988929909088629e+00 -9.497487454007660368e-01 -1.051403628181986294e+00 -1.126688834433627440e+00
-1.048462046995758401e+00 -9.303162541886431658e-01 -9.975413889142648038e-01 -1.044928168770222321e+00
-3.215599082323918889e+00 -3.067875303945001519e+00 -3.170230097605271524e+00 -3.308628075335761753e+00
-3.197488843724663354e+00 -2.995173420621761728e+00 -3.119696816120968830e+00 -3.166049058180479214e+00
-3.120243891201616382e+00 -2.661413533983365109e+00 -3.056742387939282768e+00 -3.064950305068883996e+00
-2.989166624676123707e+00 -3.548909187165567136e+00 -2.617962427572568362e+00 -2.612161160098673385e+00
-2.878124277481611593e+00 -4.999982059744345619e+00 -2.311086616126375226e+00 -2.535321709276880053e+00
-2.238188017718408140e+00 -4.999996306260453771e+00 -1.528644933979344644e+00 -2.208815254815246654e+00
-2.248406804744191856e+00 -2.335866791215295279e+00 -1.294642293863058402e+00 -2.026698303182894456e+00
-1.593321909491074440e+00 -1.198870286184041456e+00 -1.167690146944913243e+00 -1.510839841507732872e+00
-1.399883862186144690e+00 -1.030465280198687328e+00 -1.075564902929069921e+00 -1.314438330677849542e+00
-1.251884631237571321e+00 -8.859034258139968365e-01 -1.008456128485854641e+00 -1.200236087358087289e+00
-1.085102785278047932e+00 -7.691741700180388941e-01 -9.575732416955817783e-01 -1.082596583903291609e+00
-9.634095399335282917e-01 -7.401806470437665153e-01 -9.298998484587741586e-01 -1.021337180512603471e+00
-3.085653536932809082e+00 -2.917574783078706435e+00 -3.021359300449122820e+00 -3.237184875030889142e+00
-3.069038252802922084e+00 -2.714431374560902555e+00 -3.050278427023756844e+00 -3.156158051339167159e+00
-2.983330508476076837e+00 -2.548261355278155005e+00 -3.457344773640459223e+00 -3.015318765925640410e+00
-2.955305950598440923e+00 -4.951511313510623680e+00 -4.988907343827689189e+00 -3.084598967799148106e+00
0.000000000000000000e+00 0.000000000000000000e+00 0.000000000000000000e+00 0.000000000000000000e+00
0.000000000000000000e+00 0.000000000000000000e+00 0.000000000000000000e+00 0.000000000000000000e+00
-4.908759981842996112e+00 -1.197858054892003921e+00 -1.223314633693614262e+00 -1.622277377388668729e+00
-2.046563667805879838e+00 -1.088982948251652871e+00 -1.068796564051669007e+00 -1.405209775510099179e+00
-1.258473259915122267e+00 -9.578337637527056803e-01 -8.620629391074234871e-01 -1.184454993329352668e+00
-1.088431829889937141e+00 -8.536822269088967241e-01 -7.210464682942148151e-01 -1.120807953240670507e+00
-8.701212902234853885e-01 -5.040711306890683918e-01 -7.232024266528759293e-01 -9.466873869225294058e-01
-8.154210181583619876e-01 -5.411520878380564614e-01 -7.846634284042018903e-01 -9.158219319600897634e-01
-2.984684525719027093e+00 -2.689642566274320856e+00 -2.818015251602051574e+00 -3.087593985141090513e+00
-2.981397953752568331e+00 -2.478642425151734940e+00 -2.778817009435503582e+00 -3.020149405620307093e+00
-2.719981576348009078e+00 -2.139744012901213299e+00 -4.999892426334505480e+00 -2.860219334459753959e+00
0.000000000000000000e+00 0.000000000000000000e+00 0.000000000000000000e+00 0.000000000000000000e+00
-2.608515500000000209e+00 -8.980802478963457736e-01 -1.265551806470244456e+00 -4.073489905574079195e+00
-1.096703058026101685e+00 -9.745779608547205930e-01 -9.709921292981898988e-01 -4.641051006154073733e+00
-1.438379674490596116e+00 -1.063389454304954906e+00 -1.059423452266989196e+00 -1.459838664975481759e+00
-1.124212705053651895e+00 -9.840592002282806394e-01 -8.580454568045068342e-01 -1.200880677516849460e+00
-1.078207456908854223e+00 -6.671836780653747079e-01 -7.999316873217435786e-01 -1.088282641921554994e+00
-9.012961322488703964e-01 -5.810053386196607494e-01 -6.871213166895554503e-01 -9.253033295739035990e-01
-7.752811201149927278e-01 -3.621702452687462492e-01 -4.725950151512580133e-01 -7.992736308702789172e-01
-6.700211238318650731e-01 -3.007487434517590041e-01 -5.972738522382234905e-01 -8.189633760507259996e-01
-2.805315383285209130e+00 -3.024557601796316941e+00 -2.396958348161046359e+00 -3.015451235282422981e+00
-2.712687072198131766e+00 -4.999921578797854593e+00 -2.204019146985057187e+00 -2.777316733815292427e+00
-2.471525376076996849e+00 -1.895861597729824988e+00 -2.484102090629820125e+00 -3.100734612166368365e+00
-2.220886590078787748e+00 -1.243046517452345512e+00 -1.215062797912007664e+00 -4.988907343827689189e+00
-1.328712687243443158e+00 -1.094078496502099762e+00 -1.091938653211947940e+00 -1.485214085040216014e+00
-1.102601570910921369e+00 -1.187328891962879496e+00 -1.044514790002944782e+00 -1.374700170196212490e+00
-1.038801938559799076e+00 -1.043034927735721373e+00 -9.273017518049320174e-01 -1.083813423875843673e+00
-1.000594705570699183e+00 -1.211038792581291101e+00 -7.518878644521876931e-01 -1.034199889267695793e+00
-9.293357701806390647e-01 -7.015030916222549928e-01 -5.781017754061368308e-01 -9.734607128255052810e-01
-8.485697242312979505e-01 -5.271887874666363327e-01 -3.633458239494794517e-01 -8.499351768533022211e-01
-6.092729116219565144e-01 -1.294691417566647962e-01 -2.399714731911030685e-01 -6.409308380704227259e-01
-4.244751951151925495e-01 3.091821625435162146e-02 -2.839259873931361255e-01 -6.095010927148899471e-01
-2.912913817228587998e+00 -2.724039389597706862e+00 -4.976808011567059431e+00 -2.686338831881273315e+00
0.000000000000000000e+00 0.000000000000000000e+00 0.000000000000000000e+00 0.000000000000000000e+00
-4.987674826475210210e+00 -9.486779577600606972e-01 -1.101857412405488068e+00 -2.133577087907071235e+00
-1.476419471262260474e+00 -8.764993836274548311e-01 -1.010436876919949212e+00 -1.351959925628316350e+00
-1.048535817603764020e+00 -1.358059397384880684e+00 -1.078127118387017136e+00 -1.041041751098342294e+00
-9.037131566477405453e-01 -4.392116727047153724e+00 -9.094763095154883015e-01 -9.026039718786935673e-01
-1.142573759917619336e+00 -9.881035685517174372e-01 -1.123515237438735381e+00 -9.496153195328482788e-01
-8.686880322631215234e-01 -4.324574141163504137e+00 -7.284387631162662080e-01 -8.279808438958873307e-01
-8.224657660681941040e-01 -9.540536503846837046e-01 -4.870105210091434933e-01 -8.403284653270021165e-01
-7.471716578795182251e-01 -3.458072967873541126e-01 -1.631104652551345624e-01 -6.023455251912872566e-01
-4.130657651561476795e-01 9.976280582911297920e-03 -7.681192805267370027e-02 -4.206825640895306417e-01
-2.865192267096670631e-01 2.499860390560144641e-01 -7.520522964789796982e-02 -3.043039928548605944e-01
-1.658457131288981312e+00 -4.764493565137687625e+00 -1.561597131183170006e+00 -1.913713805687133895e+00
-1.827573836759632364e+00 -9.298864137180440359e-01 -7.204989784312086920e-01 -4.738326183486319287e+00
-1.689849096775585480e+00 -5.929972217092648323e-01 -5.963603559678375410e-01 -1.583063138568056027e+00
-7.815790293046441795e-01 -6.767923109866000875e-01 -1.051104814283743583e+00 -9.821554469175159952e-01
-6.054162553137124592e-01 -5.909066275864781614e-01 -4.392116727047153724e+00 -5.963076556897922709e-01
0.000000000000000000e+00 0.000000000000000000e+00 0.000000000000000000e+00 0.000000000000000000e+00
-2.847663950000000277e+00 -4.804839288620501025e-01 -3.256607799500000233e+00 -4.912127323096608933e-01
0.000000000000000000e+00 0.000000000000000000e+00 0.000000000000000000e+00 0.000000000000000000e+00
-4.324574141163504137e+00 -4.188945359032918980e-01 -3.817572338816488942e-01 -4.833282308039696940e-01
-6.821955559375502132e-01 -1.881781534196846906e-01 2.636004806370339723e-02 -5.495792581803772281e-01
-2.578929317057879200e-01 1.453677894107484048e-01 1.886465745746316869e-01 -2.314338336787780392e-01
-5.583669546106372061e-02 3.763477258073624765e-01 1.673339040066313121e-01 3.413108950118284857e-02
0.000000000000000000e+00 0.000000000000000000e+00 0.000000000000000000e+00 0.000000000000000000e+00
-3.430947019550000032e+00 -5.458626592596471649e-01 -5.346715932617555067e-01 -1.763954454322148813e+00
-6.931701600554797116e-01 -5.671742485820759905e-01 -5.641134269928818057e-01 -5.712225341943572010e-01
-5.760572401885255545e-01 -5.730266186094016279e-01 -5.981973901834914953e-01 -7.708144337763538356e-01
-5.208992794478748412e-01 -5.193174996184382053e-01 -1.263202634084420684e+00 -8.539938256497037194e-01
-2.672245369823860739e-01 -2.360594246438565968e-01 -3.256972238648429552e-01 -3.970544339526754563e+00
-4.394007733604634591e-01 -3.922416222925825258e-01 -6.140977376036329538e-01 -7.040466716616065046e-01
-2.459119609089184255e-01 -2.299419615822815843e-01 -2.194484338387456268e-01 -3.430947019550000032e+00
-7.216846765047530976e-01 -2.252655769043678258e-01 -2.763884222695813797e-01 -6.921410887970097514e-01
-3.881820245544286285e-01 -6.708198961977704378e-02 1.428859487888153312e-01 -4.176995899798676692e-01
-1.845677185132802156e-01 4.042448511758156560e-01 2.395951592070524327e-01 -1.078257282352217683e-01
8.717753662472883802e-02 6.017048311516576264e-01 3.381431450721637533e-01 1.151676242194920596e-01
-8.719389378442581329e-01 -4.898021889908560911e-01 -4.786676304372746160e-01 -3.729067085835499729e+00
-8.220833665513940236e-01 -5.487058758052764107e-01 -5.424131281589650300e-01 -6.601515441710830157e-01
-5.614035616458890043e-01 -5.434928447013882558e-01 -5.406784626517979753e-01 -5.427205261895610144e-01
-5.358191687491989930e-01 -5.272122217303267799e-01 -5.255485179494254755e-01 -5.414957054754550025e-01
-5.030159059293448642e-01 -4.918594201335553806e-01 -5.004586578542054021e-01 -5.551272717715687310e-01
-3.844015988148375973e-01 -3.684020390068212247e-01 -3.792412160049415948e-01 -8.555904537517489139e-01
-3.666368358428668817e-01 -3.575222687283999279e-01 -3.392725774737948563e-01 -3.835790842814419399e-01
-2.881116947681390816e-01 -2.428258827950533771e-01 -2.176565243401376859e-01 -4.161985362246987674e-01
-2.862830423186863427e-01 5.597055938279694998e-02 -1.455476847455199896e-01 -3.202346115101256108e-01
-1.938277442441548870e-01 2.492343140475081487e-01 1.596986598479605557e-01 -2.775158351221345687e-01
3.300199786666338508e-02 4.673951300040162793e-01 6.555366166124507732e-01 9.685134704173815889e-02
4.246302544242543386e-01 8.530645823702927011e-01 6.448938912170883997e-01 3.676747063968802132e-01
-5.081805436661298581e-01 -5.035842867680768720e-01 -5.183658207499284298e-01 -5.097998887572238180e-01
-5.245167208625463040e-01 -5.216852777350597936e-01 -5.266173336880577427e-01 -5.507460132290303845e-01
-5.211147704539738079e-01 -5.228490787573907284e-01 -5.223303893095544437e-01 -5.156899772335816756e-01
-5.084791688633901741e-01 -4.933844343424403367e-01 -4.894952109795643880e-01 -4.921326116230080316e-01
-4.495622867417065072e-01 -4.455783385007917041e-01 -4.413531331052437112e-01 -4.701232315801309181e-01
-4.023764242038458949e-01 -3.775915655175184904e-01 -3.735106595043173883e-01 -3.795490577217928152e-01
-3.448528884592086952e-01 -3.203614533059582214e-01 -2.774146750789220350e-01 -3.361277803405802178e-01
-3.223161026751020231e-01 -1.974705062680131851e-01 -5.322973017341757485e-02 -2.726783303756429300e-01
-2.848715747365346829e-01 9.499319115345952746e-02 2.863459861703276932e-01 -2.379374235869594900e-01
2.339309721886752291e-02 3.734834627585652544e-01 5.730175685813392317e-01 -9.421178339850207195e-02
2.996118647952836778e-01 7.077946441245200893e-01 8.368512294113162886e-01 2.837491835912745453e-01
5.588616226667444398e-01 9.999999999999995559e-01 7.861303333949498651e-01 4.616609147601130614e-01
-5.033049199993108180e-01 -5.146080221509646835e-01 -5.076937216749887183e-01 -5.086608712329123705e-01
-5.193611823834600738e-01 -5.173503951813747115e-01 -5.137478655213715273e-01 -5.124780506368130650e-01
-5.134841368612588219e-01 -5.136316724269043288e-01 -5.083945039648455344e-01 -5.063781253431264284e-01
-4.883303777305090798e-01 -4.794478089912379559e-01 -4.806819056866232232e-01 -4.806691712813092598e-01
-4.762225642382316715e-01 -4.294322995783084185e-01 -4.186103893702197709e-01 -4.198331475065249507e-01
-4.158893726435263227e-01 -3.542183952145284698e-01 -3.292996474220099001e-01 -3.423198342445629705e-01
-3.489867235935839029e-01 -2.950766537617085516e-01 -1.365711498937585699e-01 -2.719343730895831257e-01
-2.602446343055957456e-01 -2.411150470322817319e-01 1.021120670773038447e-01 -2.683381205776547151e-01
-1.563278400447291328e-01 2.206706411330528958e-02 3.561960370703365908e-01 -1.053697126477650819e-01
5.159125782584532416e-02 3.084971261058399028e-01 6.684571252097586402e-01 1.773069459522773617e-01
3.610975140654132387e-01 6.681334208563212140e-01 9.999999999999995559e-01 4.697610358880036086e-01
0.000000000000000000e+00 0.000000000000000000e+00 0.000000000000000000e+00 0.000000000000000000e+00
