-2.853002657036645573e+00 -2.849940705035205912e+00 -2.839322772203816569e+00 -2.852442498385106884e+00
-2.885827924090820673e+00 -2.766495521244477285e+00 -2.771678756443820113e+00 -2.804975186465461512e+00
-2.802493098916228220e+00 -2.692447858002712024e+00 -2.693081599267565185e+00 -2.728751611087414819e+00
-2.652736154540106028e+00 -2.629218805475395548e+00 -2.627782292905137318e+00 -2.641816373047180200e+00
-2.576935885265703163e+00 -2.565695289132305490e+00 -2.771368690549052882e+00 -2.570260556991406098e+00
-2.419606876223202807e+00 -2.410054004002844419e+00 -4.999657201933793260e+00 -2.428763251920768251e+00
0.000000000000000000e+00 0.000000000000000000e+00 0.000000000000000000e+00 0.000000000000000000e+00
-4.828315808985374602e+00 -1.708779191724130397e+00 -1.698102048403946185e+00 -1.702237863572222620e+00
-1.964803379951006512e+00 -1.651838713603672959e+00 -1.653723496621275268e+00 -1.654626725685225397e+00
-1.603080977821421893e+00 -1.912338131074453385e+00 -1.603537177172742245e+00 -1.615108878451786856e+00
-1.576588172934836996e+00 -1.556687805862266183e+00 -1.558822298355658775e+00 -1.559247388086509867e+00
-1.531655671798117124e+00 -1.531601224548589713e+00 -1.524615478146803982e+00 -1.530301939279070655e+00
-1.495858949846241126e+00 -1.500454441399136307e+00 -1.499959908675744025e+00 -1.506685938836574090e+00
-1.484578225804298768e+00 -1.470761558126956858e+00 -1.477503505173058507e+00 -1.485381909885916007e+00
-1.457548087039446827e+00 -1.463338266780230157e+00 -1.456588254645955649e+00 -1.461099858223005699e+00
-1.448774108626710300e+00 -1.455499956177835230e+00 -1.467470437962059560e+00 -1.455501381916305403e+00
-2.802887630295485266e+00 -2.763164474060069598e+00 -2.765356226948644469e+00 -2.885984588062380674e+00
-2.757720164826257925e+00 -2.697523007331489975e+00 -2.697885582755086276e+00 -2.798570211924416906e+00
-2.735055110988163118e+00 -2.633658401998038023e+00 -2.633547535928824956e+00 -2.659396395656296708e+00
-2.647924732199038012e+00 -2.783417237578901027e+00 -2.584015745924283625e+00 -2.616482618462782739e+00
-2.592156082783833249e+00 -2.503269350475177291e+00 -2.486399551642585415e+00 -2.584116084794127577e+00
-2.451465598201107543e+00 -2.397480585933628561e+00 -2.496740592553930327e+00 -2.426501394040790238e+00
-2.263234265241508059e+00 -2.309127339433660886e+00 -2.252582484862321266e+00 -4.991913453650385080e+00
-2.225412628274279214e+00 -2.491683023484727588e+00 -2.261892258630004093e+00 -2.314301138288979764e+00
-1.764872025217748108e+00 -4.809239787761526941e+00 -1.672670240707420986e+00 -1.722627931820499336e+00
-1.479797099894758050e+00 -4.641051006154073733e+00 -1.489096947143142557e+00 -1.472836978968538935e+00
-1.769305952071266175e+00 -1.740107644230748596e+00 -1.540927723659271997e+00 -1.543580950752858616e+00
-1.526736084610764266e+00 -1.520440086885071374e+00 -1.515245048342302780e+00 -1.523244681561056080e+00
-1.491103694916528610e+00 -1.487309602023627164e+00 -1.491112358159838003e+00 -1.492301757788256467e+00
-1.476843240037783334e+00 -1.474002220475442382e+00 -1.470100644223909736e+00 -1.468029577402668817e+00
-1.466718630133641454e+00 -1.453934871606990198e+00 -1.441300867863649859e+00 -1.449388066706308598e+00
-1.441399801638721057e+00 -1.433983412740372998e+00 -1.429195623443400676e+00 -1.446853891842295292e+00
-2.728179411109274533e+00 -2.690757968851188231e+00 -2.691968551645331775e+00 -2.785594097452631868e+00
-2.668435964451248310e+00 -2.630225771284037339e+00 -2.630368388824488868e+00 -2.676463260994785820e+00
-2.598590277777428792e+00 -2.977397502317341793e+00 -2.566884282827091912e+00 -2.603796604990985752e+00
-2.583675732923833568e+00 -4.999867193005561816e+00 -2.496399922294243012e+00 -2.516039396681585050e+00
-2.490981595974886442e+00 -2.653344558107433304e+00 -2.408160669343765825e+00 -2.517749762524967405e+00
-2.423504690633775382e+00 -2.304827398515934433e+00 -2.351256942768963576e+00 -2.454022011703940187e+00
-2.252408477855474267e+00 -2.232946203746493996e+00 -2.560474874123679356e+00 -2.241387663210315573e+00
-2.207480418954057555e+00 -2.210698269075177080e+00 -4.976808011567059431e+00 -2.205814609462799947e+00
0.000000000000000000e+00 0.000000000000000000e+00 0.000000000000000000e+00 0.000000000000000000e+00
0.000000000000000000e+00 0.000000000000000000e+00 0.000000000000000000e+00 0.000000000000000000e+00
-4.676945905538666182e+00 -1.443294046000135555e+00 -1.449394584823330501e+00 -1.457448023529065217e+00
-1.793254474800686449e+00 -1.501413887028644201e+00 -1.487343794446919443e+00 -1.490620238978092038e+00
-1.502748149431089475e+00 -1.481805793667481996e+00 -1.472962013700140904e+00 -1.469530930085374054e+00
-1.453010851796340930e+00 -1.458936080449306560e+00 -1.453752378411875323e+00 -1.461770653346851967e+00
-1.437921862270220119e+00 -1.437341932211039008e+00 -1.433764893448166378e+00 -1.436523774751227389e+00
-1.429286785676838534e+00 -1.415849608603706233e+00 -1.417059193658256611e+00 -1.420633933414990890e+00
-2.623264279965152213e+00 -2.627930421056612786e+00 -2.620117979491136229e+00 -2.681077214683502241e+00
-2.594213956378341734e+00 -2.560114403698259267e+00 -2.559516758944901049e+00 -2.631856161125252669e+00
-2.505289427872924968e+00 -2.498277756380491876e+00 -4.999962491382119012e+00 -2.614548431453162625e+00
0.000000000000000000e+00 0.000000000000000000e+00 0.000000000000000000e+00 0.000000000000000000e+00
-4.998150057574823890e+00 -2.219515841763427755e+00 -2.215368742853889739e+00 -2.219946236423811836e+00
-2.367188037399067024e+00 -2.219277064164536739e+00 -2.245304415606347526e+00 -2.336748068666622657e+00
-2.224151129881029920e+00 -2.151995247690921431e+00 -2.214152206174323734e+00 -2.246603950564747709e+00
-2.098758383005530970e+00 -2.072641626899933698e+00 -2.206786954120075528e+00 -2.686345327253856663e+00
-1.873742737419901161e+00 -1.880198935254400405e+00 -2.050738969663677747e+00 -4.788044208623919218e+00
-1.729893424071797137e+00 -4.324574141163504137e+00 -1.632532292190511214e+00 -3.729067085835499729e+00
-1.845546922426864356e+00 -1.627501322998734956e+00 -1.523616425065559721e+00 -1.740125477686868649e+00
-1.499730938582832573e+00 -1.616527579667230263e+00 -1.503564678884760752e+00 -1.506006378779875421e+00
-1.468533820796328548e+00 -1.478841627183504981e+00 -1.472439973987907713e+00 -1.464835922258846068e+00
-1.447725606902755757e+00 -1.435285725400338608e+00 -1.432415699587684443e+00 -1.440617331589786776e+00
-1.415228514997546094e+00 -1.413413389866786218e+00 -1.410430487916968012e+00 -1.409448189854637823e+00
-1.398750870924453382e+00 -1.401098953113304013e+00 -1.406338109102313938e+00 -1.397965192234125631e+00
-2.540626291055490427e+00 -2.792188871643201953e+00 -2.538512214691078572e+00 -2.553551295706215640e+00
-2.544284850644060736e+00 -2.494975459328454992e+00 -2.535416599048427422e+00 -2.573079115831387931e+00
-2.486415466775333538e+00 -2.431933353180792956e+00 -2.455763491346610650e+00 -2.680054113337136723e+00
-2.271848129590003929e+00 -2.268723862046413853e+00 -2.257772303969880490e+00 -4.999115178272860227e+00
-2.456253049174696557e+00 -2.210108939176523624e+00 -2.207214691036539111e+00 -2.216634984480749360e+00
-2.205816409065796790e+00 -2.150200989599932555e+00 -2.150650398045935940e+00 -2.247610238955851436e+00
-2.120069987308070836e+00 -2.062472836777904384e+00 -2.073692135746481036e+00 -2.137493899394639296e+00
-2.033353493826303371e+00 -1.983967231700074496e+00 -2.015992850622005061e+00 -2.017681965129201060e+00
-1.908923935596478660e+00 -2.151991485189101105e+00 -4.860935805278153943e+00 -2.045706566473253663e+00
0.000000000000000000e+00 0.000000000000000000e+00 0.000000000000000000e+00 0.000000000000000000e+00
-4.073489905574079195e+00 -1.165101226255858879e+00 -1.415077927201676689e+00 -1.389788810696238608e+00
-1.290436944052927526e+00 -4.556853094017375483e+00 -1.230138588210069717e+00 -1.226899040323111922e+00
-1.562634991796562955e+00 -1.512308390090659316e+00 -1.429941635904520503e+00 -1.437784968479879133e+00
-1.397136808637870820e+00 -1.395359105021659385e+00 -1.399032424065011160e+00 -1.401701986421556967e+00
-1.378155657676040313e+00 -1.380340376688414805e+00 -1.383510513237108164e+00 -1.377947030357056235e+00
-1.376094023921250242e+00 -1.370138819180753531e+00 -1.368569399469693249e+00 -1.373255113903462776e+00
-2.457597743671746660e+00 -4.999657201933793260e+00 -2.399166569852408948e+00 -2.402809138137736333e+00
-2.766810574402046363e+00 -2.749719488072368989e+00 -2.390248710423736878e+00 -2.414911812463220286e+00
-2.456405505311866300e+00 -2.302428525726600839e+00 -2.306439454159312064e+00 -2.411499649780131094e+00
-2.220684012505142135e+00 -2.212034599602811014e+00 -2.214409245716909336e+00 -2.416420806696035317e+00
-2.233256578009474858e+00 -2.135711314782501979e+00 -2.140633334982530389e+00 -2.231048654036505763e+00
-2.172453729261296651e+00 -2.055315681359126234e+00 -2.065136519405975868e+00 -2.090075305601625910e+00
-2.054346135267116402e+00 -1.957853164481239805e+00 -1.993256134121023093e+00 -2.046331405012194349e+00
-1.950531022980073415e+00 -1.875090616500412866e+00 -2.185025341591909864e+00 -1.967720197205761190e+00
-1.820282889840975526e+00 -1.798732812649941115e+00 -4.874842224750338460e+00 -2.028743655441008098e+00
0.000000000000000000e+00 0.000000000000000000e+00 0.000000000000000000e+00 0.000000000000000000e+00
-4.166140915016670832e+00 -1.019689868737025495e+00 -2.847663950000000277e+00 -1.313024707306827743e+00
0.000000000000000000e+00 0.000000000000000000e+00 0.000000000000000000e+00 0.000000000000000000e+00
-4.556853094017375483e+00 -1.243138313953456864e+00 -1.286002087436827646e+00 -1.252819974110287449e+00
-1.366040692056446515e+00 -1.335636119708498715e+00 -1.337892279136335461e+00 -1.350646305507709588e+00
-1.343948615899490884e+00 -1.337003583527789807e+00 -1.335746871289033466e+00 -1.335037098019930202e+00
-1.340833712483095352e+00 -1.340508853838100034e+00 -1.347430871283248566e+00 -1.334297438362012533e+00
0.000000000000000000e+00 0.000000000000000000e+00 0.000000000000000000e+00 0.000000000000000000e+00
-4.999477521618341136e+00 -2.151718587036241193e+00 -2.161365981403420733e+00 -2.171124934074602830e+00
-2.221927781332486251e+00 -2.222642942039715575e+00 -2.221723705853905884e+00 -2.303074548133942745e+00
-2.209670442756646036e+00 -2.143650351801856591e+00 -2.142593744025092839e+00 -2.199825826336040180e+00
-2.120910776411552678e+00 -2.059139585525529892e+00 -2.056541667867721301e+00 -2.143372776055515239e+00
-2.065744242702853395e+00 -1.977123628949231104e+00 -1.983710205150478245e+00 -2.046513709161447814e+00
-2.026152508242979877e+00 -1.881903152797765877e+00 -1.894073106087299285e+00 -1.989153351288529104e+00
-1.927399919618299151e+00 -1.771844534568297380e+00 -1.823109838471113076e+00 -1.970296842381599411e+00
-1.781689640126962848e+00 -1.659650757900950513e+00 -1.835664759737646534e+00 -1.985664398772626349e+00
-1.481567469110472990e+00 -1.485836470818801436e+00 -1.467901522180693918e+00 -4.917883983658696501e+00
-1.597438334117015968e+00 -1.409709809345225606e+00 -1.396839265940139407e+00 -1.404245725839620151e+00
-1.351607318632448429e+00 -1.329785324264536106e+00 -1.342025679507434122e+00 -4.452905054342438440e+00
-1.388769407372905995e+00 -1.263189688353986151e+00 -1.281389111308977924e+00 -1.279151193262785036e+00
-1.273748049912808655e+00 -1.261093457941303342e+00 -1.283744319276039159e+00 -1.300459320329564017e+00
-1.283579014748825742e+00 -1.285345061736416827e+00 -1.284821509494781910e+00 -1.296784687913575373e+00
-1.296016674457999951e+00 -1.300249351880486515e+00 -1.301690018429197071e+00 -1.321401306591708957e+00
-1.977911808411450867e+00 -1.982246148150840215e+00 -1.982323309750410489e+00 -4.845484228086837319e+00
-2.215682531595720040e+00 -2.116698338855843797e+00 -2.098370037959330858e+00 -2.365848373803863147e+00
-2.143166184760257664e+00 -2.506628585793605701e+00 -2.130760748659241699e+00 -2.143744148747199763e+00
-2.107674767206096700e+00 -2.119780835375093098e+00 -2.069361927494390407e+00 -2.078925390463071565e+00
-2.063490697840244081e+00 -1.992325668728118782e+00 -1.982501466521311428e+00 -2.048629918526207128e+00
-2.023224762818708999e+00 -1.903422311997984062e+00 -1.878755922926196309e+00 -2.002751304778592978e+00
-1.963788551299997964e+00 -1.767980383510059372e+00 -1.804350752829766646e+00 -1.958375232538963173e+00
-1.868858169273822645e+00 -1.694157569528542684e+00 -1.674216824409344939e+00 -1.870504425968986917e+00
-1.792731991761723931e+00 -1.518269598738015924e+00 -1.632190396873038685e+00 -1.770690471147200462e+00
-1.669292193268408830e+00 -1.500456360064083450e+00 -1.441111945092358404e+00 -1.760791513102905492e+00
-1.593705857138131066e+00 -1.404145317285590222e+00 -1.298525614114516280e+00 -1.424660113285156848e+00
-1.409197639303952698e+00 -1.288960741413137656e+00 -1.197650792963202759e+00 -1.375892220002251198e+00
-1.320488418382294915e+00 -1.109899000227723365e+00 -1.237883067442587359e+00 -1.310732809710195346e+00
-1.251553324262711042e+00 -1.080059392562163989e+00 -1.242257016395672542e+00 -1.257865052537129102e+00
-1.229446304477651353e+00 -1.245603746066155537e+00 -1.241557520553740357e+00 -1.240194891556469337e+00
-1.261516277164468347e+00 -1.350161731168935120e+00 -1.266256848733485540e+00 -1.255977638954497877e+00
-1.986772883166805670e+00 -1.984813968166169840e+00 -1.989081725328647021e+00 -1.986557935257542651e+00
-2.036826414209914393e+00 -2.188781838423319304e+00 -2.304765342122924388e+00 -2.058075217888887032e+00
-2.029845712279630288e+00 -4.933486026763544530e+00 -2.053715332357596512e+00 -2.028104269333520282e+00
-2.015895035769142751e+00 -2.342409156624120747e+00 -1.966261586212023627e+00 -1.995855136354669934e+00
-1.958777587544227483e+00 -1.940625444238658126e+00 -1.892140896839073161e+00 -1.955658950411159891e+00
-1.928214178753945296e+00 -1.826710291581622680e+00 -1.770743323516253964e+00 -1.905894809159912606e+00
-1.824150381008427191e+00 -1.742412110946288450e+00 -1.642992043528344270e+00 -1.830647938370186800e+00
-1.778250326534946080e+00 -1.650977425948952693e+00 -1.528862231074536560e+00 -1.787580523437009461e+00
-1.686064956801441417e+00 -1.484734394183836237e+00 -1.417579819337793978e+00 -1.676873255299142551e+00
-1.558969981954530626e+00 -1.333493399454781958e+00 -1.264066126793617961e+00 -1.565272362560900410e+00
-1.453439676977614559e+00 -1.238139512981061952e+00 -1.145591903855949001e+00 -1.424400301700714078e+00
-1.379198723832712137e+00 -1.016326322422624218e+00 -1.136783140510595480e+00 -1.328389092184973030e+00
-1.266343422651818429e+00 -9.653287870150324412e-01 -1.130358089627733875e+00 -1.283121236995546921e+00
-1.183521862549753667e+00 -8.478233179551025733e-01 -1.221512842763762929e+00 -1.222896372579400204e+00
-1.196098252931417694e+00 -1.249818850616700061e+00 -1.204976562996931122e+00 -1.204775926314098022e+00
-1.186275240184811564e+00 -4.392116727047153724e+00 -1.246258164433920568e+00 -1.192007850499101185e+00
-1.950984196117092173e+00 -1.924865498268770736e+00 -2.070968510187627842e+00 -1.938402714018660156e+00
-1.811309588503358103e+00 -1.799917975692784555e+00 -4.908759981842996112e+00 -1.823352604852659153e+00
0.000000000000000000e+00 0.000000000000000000e+00 0.000000000000000000e+00 0.000000000000000000e+00
-4.960724163943605269e+00 -1.747953431622665921e+00 -1.771277191047013089e+00 -1.761513133675839615e+00
-2.211598166187640047e+00 -1.826625249734423306e+00 -1.826727259582944907e+00 -1.852627194554886891e+00
-1.805379125731344292e+00 -1.753074671026172426e+00 -1.754697866721729449e+00 -1.763914340825781135e+00
-1.761589143622865894e+00 -1.663126935329330092e+00 -1.641080233874272931e+00 -1.743636113101810103e+00
-1.676552491032326175e+00 -1.592264865256417750e+00 -1.488407481846375280e+00 -1.649546838519416303e+00
-1.630230250293521754e+00 -1.449323983384992465e+00 -1.305314757363735145e+00 -1.588345250158675448e+00
-1.517701901323768254e+00 -1.315898742717299452e+00 -1.160725317171556359e+00 -1.482997032719869823e+00
-1.435667052636251162e+00 -1.142616010226664702e+00 -1.066084968453190118e+00 -1.346100605116632432e+00
-1.228593865026531784e+00 -9.136842796027804248e-01 -9.949653604252446382e-01 -1.216629913868766844e+00
-1.093432058039386146e+00 -8.831204202870858166e-01 -8.434951195018500769e-01 -1.129270178216650544e+00
-1.060436114650659345e+00 -6.497250679103420135e-01 -9.913555373373607038e-01 -1.132916337352181113e+00
-9.997977054913337325e-01 -7.365059909294207063e-01 -4.166140915016670832e+00 -1.005744410782045906e+00
0.000000000000000000e+00 0.000000000000000000e+00 0.000000000000000000e+00 0.000000000000000000e+00
-1.866068338949725680e+00 -1.865672472355118350e+00 -1.863867014635281150e+00 -1.869161217265456587e+00
-1.808844230404485831e+00 -1.815365181237815762e+00 -1.809986752309155289e+00 -1.821269939571951157e+00
-1.777546462473334810e+00 -1.776840369813882603e+00 -1.783286464311447217e+00 -4.556853094017375483e+00
-1.791102856605442328e+00 -1.772703649946992588e+00 -1.774896105803590141e+00 -1.771330428882605723e+00
-1.758136716889320939e+00 -1.755981522641643755e+00 -1.750716711457923180e+00 -1.767760429599737337e+00
-1.722378899421690202e+00 -1.698627357635795976e+00 -1.666863230633023329e+00 -1.681155498512827418e+00
-1.642654365234070823e+00 -1.646516110664582033e+00 -1.572860437543655676e+00 -1.680837135529183790e+00
-1.635172024351450926e+00 -1.603591020163937841e+00 -1.465038124619893800e+00 -1.614497209910670472e+00
-1.528370783598409055e+00 -1.737097393378599586e+00 -1.270206348899989734e+00 -1.520084956659793374e+00
-1.446540627194701223e+00 -1.281103277278745622e+00 -1.073419417042330570e+00 -1.444472348132076478e+00
-1.320631688760184330e+00 -1.105713704410820064e+00 -9.180782190662559739e-01 -1.333305100668901177e+00
-1.064083338796183442e+00 -8.719678988679162579e-01 -8.258275636562258937e-01 -1.082940451356952716e+00
-9.868109427876625706e-01 -7.031066489109334405e-01 -7.756797452528905179e-01 -9.699585089986930697e-01
-8.729673463546945289e-01 -5.562576737545109617e-01 -8.458434617014120027e-01 -1.032529340356379333e+00
-7.717503858950705009e-01 -3.658112863505723067e-01 -1.089485226353335001e+00 -1.042025582089471492e+00
-7.360589475208717536e-01 -3.001752944867563389e-01 -9.822882514493010975e-01 -4.556853094017375483e+00
-1.830914469136493805e+00 -1.829570332678655875e+00 -1.830835736038150863e+00 -1.832705154859444630e+00
-1.811760111999409339e+00 -1.811407462086225051e+00 -1.803010240386846208e+00 -1.804077512860392973e+00
-1.786470563400248013e+00 -1.778236389777135829e+00 -1.779719896091382925e+00 -1.781486552097522713e+00
-1.761187145633996476e+00 -1.751124090775007636e+00 -1.753826696908836524e+00 -1.761237929503913557e+00
-1.731711749350661078e+00 -1.723392788224304084e+00 -1.723153340438128289e+00 -1.724443994863413598e+00
-1.691329467553714494e+00 -1.682091150642156752e+00 -1.674633588532631112e+00 -1.695202703751231610e+00
-1.636358349442065041e+00 -1.641240948322841842e+00 -1.606256011047787258e+00 -1.628007193675522712e+00
-1.573267679607644354e+00 -1.765631137678545848e+00 -1.441094965256157101e+00 -1.563247762969970589e+00
-1.339106475948941277e+00 -4.860935805278153943e+00 -1.238727558782666716e+00 -1.323467886425763851e+00
-1.569782637351970322e+00 -1.323929651188985313e+00 -1.040147705382592935e+00 -1.298257153432509359e+00
-1.203517014965325149e+00 -1.227112292442643859e+00 -7.995698685818808382e-01 -1.184385622958440631e+00
-1.092393210445556484e+00 -1.297196238560119008e+00 -6.577497443998449045e-01 -1.043677589535747297e+00
-8.123609588169207196e-01 -7.804808679856900522e-01 -5.272098084843789279e-01 -8.163071840914435384e-01
-6.512942755919046700e-01 -6.853540748645824410e-01 -3.958485009375409813e-01 -6.602054501975781475e-01
-5.210912304429027309e-01 -2.160126691546996602e-01 -4.305129543643780865e-01 -5.774294852720242011e-01
-4.480547279840700337e-01 -1.774412832705178911e-01 -4.811908666989423988e-01 -7.273057230110652194e-01
-1.819457340994880212e+00 -1.810910441798373016e+00 -1.808691145084832419e+00 -1.808886324056499184e+00
-1.800512248017222205e+00 -1.794361789176057043e+00 -1.823854434155966819e+00 -1.795030987419284463e+00
-1.767694864449738779e+00 -2.011046207746222780e+00 -1.767953052550928383e+00 -1.779516750741793496e+00
-1.760413187468901519e+00 -1.744131745871920769e+00 -1.732188190511219084e+00 -1.733640266772511929e+00
-1.704527754958122365e+00 -1.699351925402214469e+00 -1.706545315805201524e+00 -1.698446464586704563e+00
-1.670817741944442547e+00 -1.672225492159992832e+00 -1.671666174543996242e+00 -1.680312067036711099e+00
-1.641580356840263821e+00 -1.642940061155896858e+00 -1.938606180754661068e+00 -1.644309978635191349e+00
-1.582072117647695730e+00 -1.585691683016205111e+00 -4.845484228086837319e+00 -1.561696391490342339e+00
0.000000000000000000e+00 0.000000000000000000e+00 0.000000000000000000e+00 0.000000000000000000e+00
-4.507614548908194685e+00 -1.149143044528144531e+00 -1.134035081429490166e+00 -1.114529526482593402e+00
-1.646950074473283232e+00 -1.410232327804185282e+00 -1.191261075847709350e+00 -1.137555486208475131e+00
-1.064190825888145620e+00 -4.556853094017375483e+00 -8.097688974066546974e-01 -9.013724399931670739e-01
-1.179475021456001915e+00 -1.022464672702700028e+00 -6.415587557320575618e-01 -8.133925501165893968e-01
-8.422869262665952927e-01 -9.081761443002480672e-01 -6.411384273919750187e-01 -5.838465810440065518e-01
-6.628987012491565078e-01 -5.184178883235732727e-01 2.487691782263649204e-02 -4.040764366209571579e-01
-2.885158559626349595e-01 3.922111019960176637e-01 -3.102853943083518917e-01 -3.776916720130238381e-01
-1.818151848352965505e+00 -1.802218683752128126e+00 -1.799549377885167001e+00 -1.797885423894216794e+00
-1.806426525176829667e+00 -1.828544761136667418e+00 -2.026613604638913824e+00 -1.799452579499710936e+00
-1.649571022727419622e+00 -4.845484228086837319e+00 -1.625637107406287862e+00 -1.636458934179813252e+00
-1.831110398240852088e+00 -1.917260453373194062e+00 -1.683664268017787791e+00 -1.694657455978507477e+00
-1.674853316658315938e+00 -1.680523550649987596e+00 -1.678608471650463674e+00 -1.679184489240864719e+00
-1.658965514034219879e+00 -1.659424117377646279e+00 -1.654089229943250805e+00 -1.659279328887694138e+00
-1.623212832372368686e+00 -1.632608792236935891e+00 -1.586812867960979645e+00 -1.627808093115519217e+00
-1.558654293429688087e+00 -1.497428852337969962e+00 -1.963141829002939431e+00 -1.579723561937323772e+00
-1.127357926123481402e+00 -3.729067085835499729e+00 -1.093471399737021343e+00 -4.166140915016670832e+00
-1.473699023490495197e+00 -1.168306719900050750e+00 -1.195011166810633130e+00 -1.147443593185090593e+00
-1.000232570900722706e+00 -9.312312200630488146e-01 -3.970544339526754563e+00 -1.012050177843113019e+00
0.000000000000000000e+00 0.000000000000000000e+00 0.000000000000000000e+00 0.000000000000000000e+00
-4.392116727047153724e+00 -6.476933986971272761e-01 -6.720739160870876638e-01 -6.800691270130231336e-01
-9.682214114265630389e-01 -1.038319793073140929e+00 -1.116855779098394175e+00 -7.315760488700771003e-01
-6.781518738893181908e-01 -4.960724163943605269e+00 9.188002919537061053e-02 -3.774482354192598699e-01
-3.142484287203308746e-01 8.091505527236484419e-01 -3.426379473027191258e-01 -2.258860157018590664e-01
-1.769445252068875707e+00 -1.768677278127116281e+00 -1.929103731170273006e+00 -1.769797938117335434e+00
-1.481482699321936991e+00 -1.463795269706149371e+00 -4.788044208623919218e+00 -1.504065736000281372e+00
0.000000000000000000e+00 0.000000000000000000e+00 0.000000000000000000e+00 0.000000000000000000e+00
-4.828315808985374602e+00 -1.600579109864632477e+00 -1.605625415637446540e+00 -1.595779448597163697e+00
-1.869113361981111998e+00 -1.677728352586951077e+00 -1.680098007173753460e+00 -1.684938570951894921e+00
-1.662967177913963868e+00 -1.671578567968141638e+00 -1.666610967046788794e+00 -1.663426359067151195e+00
-1.655741840388566199e+00 -1.660245196743401319e+00 -1.702562014407767998e+00 -1.651337309806902187e+00
-1.482870948277505985e+00 -1.474772966638807414e+00 -4.709251314984799208e+00 -1.454061691526609357e+00
0.000000000000000000e+00 0.000000000000000000e+00 0.000000000000000000e+00 0.000000000000000000e+00
-3.856160377251949711e+00 -1.159683663181848567e+00 -1.312090897696473579e+00 -1.086300634566945034e+00
-8.021658503393257478e-01 -3.970544339526754563e+00 -7.488618837032801068e-01 -7.980685325030348887e-01
-6.480694126148796030e-01 -9.782976689893523314e-01 -6.350437689394131668e-01 -3.062897555000000160e+00
-8.776242073731821414e-01 -6.531008220393307306e-01 -6.625371902149314041e-01 -9.624073014642138268e-01
-4.464304102926043294e-01 -4.455486873872986364e-01 -4.249526823515004104e+00 -4.344779886001607361e-01
0.000000000000000000e+00 0.000000000000000000e+00 0.000000000000000000e+00 0.000000000000000000e+00
-4.999958323757909717e+00 9.999999999999995559e-01 6.733427385731024506e-01 1.592302540251545051e-01
-1.752030932911140759e+00 -1.748861842714812154e+00 -1.766565455811462293e+00 -1.776317952797373589e+00
-1.728963200662279487e+00 -1.732168930518338978e+00 -1.832859748124445520e+00 -1.704969594654450527e+00
-1.473939093536895450e+00 -1.487117700980864266e+00 -1.497236175278684911e+00 -4.641051006154073733e+00
-1.716266879986939164e+00 -1.648527873837299040e+00 -1.657061546883472847e+00 -1.893863734315799574e+00
-1.674109181393947932e+00 -1.675429119360260621e+00 -1.664963830079559948e+00 -1.670012791333692181e+00
-1.667399754402317136e+00 -1.664164634106375829e+00 -1.666327470876037609e+00 -1.659921588621845912e+00
-1.660115408540169035e+00 -1.656716374058364138e+00 -1.663393640561549480e+00 -1.663113443494788068e+00
-1.669461651699728932e+00 -1.672745311715690963e+00 -1.555521505804630111e+00 -1.687598550080958493e+00
-1.338736431985597441e+00 -1.294238562551051741e+00 -1.210758006532173470e+00 -4.392116727047153724e+00
-1.456079266956028073e+00 -1.049658176963168099e+00 -3.587852317594999896e+00 -9.706879221280576564e-01
0.000000000000000000e+00 0.000000000000000000e+00 0.000000000000000000e+00 0.000000000000000000e+00
-3.430947019550000032e+00 -3.093843784739438441e-01 -3.696493824075385848e-01 -3.292583239246192339e-01
-6.415076138042868914e-01 -6.373989514383187061e-01 -6.303183567761102557e-01 -6.370275896336989874e-01
-6.242649075213776433e-01 -6.541048709605139511e-01 -3.922134314528293864e-01 -7.708092698556390232e-01
-3.727842210567872822e-02 -6.540006857826722309e-01 9.982029897000856966e-01 -4.166140915016670832e+00
0.000000000000000000e+00 0.000000000000000000e+00 0.000000000000000000e+00 0.000000000000000000e+00
