-1.029482982564605464e+00 -9.784019290922008061e-01 -9.783999476260941686e-01 -1.029482318164169685e+00
-1.029481648865810284e+00 -9.246277831138252079e-01 -9.246305519289392816e-01 -9.783998271439592331e-01
-9.783987133070304321e-01 -8.680314583140039675e-01 -8.680273491188317259e-01 -9.246347862511739013e-01
-9.246265720077878614e-01 -8.084497595839085227e-01 -8.084496635913361873e-01 -8.680273724133055202e-01
-8.680275558397706481e-01 -7.457362900707851239e-01 -7.457368796233557751e-01 -8.084507670120165690e-01
-8.084505506208958803e-01 -6.797224623670126142e-01 -5.000000000000000000e+00 -7.457402366026495422e-01
0.000000000000000000e+00 0.000000000000000000e+00 0.000000000000000000e+00 0.000000000000000000e+00
-5.000000000000000000e+00 -5.373829092290069998e-01 -5.393998176959010626e-01 -6.110746916944952423e-01
-6.147504562626374680e-01 -4.605274123803120845e-01 -4.745581724704419635e-01 -5.380413025254184856e-01
-5.379475477831205943e-01 -3.938660491921023854e-01 -4.214814969364834574e-01 -4.804841346152914916e-01
-4.837237182751931153e-01 -3.058556660674842664e-01 -3.165131187044434302e-01 -4.826531311761697585e-01
-4.827934591829341482e-01 -2.138169676051044077e-01 -3.644824120733689554e-01 -3.469546410609708476e-01
-9.784030100103665584e-01 -9.246470171015345185e-01 -9.246285037543340302e-01 -1.029483153514206384e+00
-9.783980944782008082e-01 -8.680404397882627299e-01 -8.680283138561266654e-01 -9.783994227140748734e-01
-9.246336922063160824e-01 -8.084613625045524721e-01 -8.084496593996127745e-01 -9.246274407699190956e-01
-8.680281577730344367e-01 -7.457486190139902549e-01 -7.457362246842379472e-01 -8.680274857162433300e-01
-8.084494437428756397e-01 -6.797350567012120370e-01 -6.797223382552332049e-01 -8.084497248456833374e-01
-7.457362640852697178e-01 -6.102340114373551172e-01 -6.102481696838983893e-01 -7.457364716051188003e-01
-6.797503187938389591e-01 -5.371017935065621751e-01 -5.371075693685001262e-01 -5.000000000000000000e+00
-6.103813909508847280e-01 -4.600749804275092725e-01 -4.611953358774630307e-01 -6.105789682164237675e-01
-5.372007384090726756e-01 -3.792631936243088808e-01 -3.910167526259987758e-01 -5.380426154491240176e-01
-4.604602452735728768e-01 -2.950786573284425729e-01 -2.990143086345417034e-01 -4.744494109605572052e-01
-3.934878807617631091e-01 -2.050603079639946313e-01 -3.040549766101530160e-01 -4.368079098689920947e-01
-3.286718587987164653e-01 -1.133086444656689340e-01 -2.183941480880253749e-01 -3.463948526674524575e-01
-9.246456028242023839e-01 -8.831821476663126447e-01 -8.680432711816934432e-01 -9.784063117053189984e-01
-9.246456049784542719e-01 -8.242406285365532215e-01 -8.084615057133043292e-01 -9.246368903087521796e-01
-8.680418666190213850e-01 -7.624694375968218418e-01 -7.457485732837006998e-01 -8.680295691819573944e-01
-8.084650294751565269e-01 -8.084710475677286956e-01 -6.797353079980343882e-01 -8.084496910735156083e-01
-7.457504421976525188e-01 -5.000000000000000000e+00 -6.102379926593025639e-01 -7.457373468977528397e-01
-6.797386246406675880e-01 -5.000000000000000000e+00 -5.370884000743330056e-01 -6.797229569596963117e-01
-6.102351489265223083e-01 -4.600973234284098656e-01 -4.600929661318809982e-01 -6.102573677871665492e-01
-5.371143754692669914e-01 -3.790533370756387632e-01 -3.790009135251881101e-01 -5.371257071013110229e-01
-4.601668017669287014e-01 -2.937135831018254373e-01 -2.936802847664662930e-01 -4.603669285443159898e-01
-3.790049639876924004e-01 -2.038736398994532573e-01 -2.041467462030569224e-01 -3.815983399518869668e-01
-2.936818716132404972e-01 -1.094656621954089026e-01 -1.130156643858984400e-01 -2.982761351960261376e-01
-2.051337741469028975e-01 -1.161057610298539718e-02 -1.228190789455890497e-01 -2.096157131863956302e-01
-8.841118324474021017e-01 -8.253173429077893530e-01 -8.241383618141210343e-01 -9.246472984786039406e-01
-8.835729725260550449e-01 -7.627181487282369554e-01 -7.621989603969475668e-01 -8.680419613940343337e-01
-8.249021763736660295e-01 -6.969280643118981322e-01 -8.084805859703200204e-01 -8.084624232275143818e-01
-7.638293251865496680e-01 -5.000000000000000000e+00 -5.000000000000000000e+00 -7.457503870250595801e-01
0.000000000000000000e+00 0.000000000000000000e+00 0.000000000000000000e+00 0.000000000000000000e+00
0.000000000000000000e+00 0.000000000000000000e+00 0.000000000000000000e+00 0.000000000000000000e+00
-5.000000000000000000e+00 -3.792988926977227115e-01 -3.790467265038470202e-01 -5.372751442779952757e-01
-4.603286311455608848e-01 -2.937409646506665140e-01 -2.937164330999056938e-01 -4.601141522393155103e-01
-3.790879316235771790e-01 -2.039025283233590335e-01 -2.038788254324988558e-01 -3.790610755763778039e-01
-2.937551853055596629e-01 -1.093178335738241580e-01 -1.105519785172830866e-01 -2.936920629222654067e-01
-2.042226932172807874e-01 -9.823508108650891996e-03 -1.682586987539423304e-02 -2.040690261893905177e-01
-1.095803077028066341e-01 9.376533992423899400e-02 -1.439431566083303020e-02 -1.118664252769338147e-01
-8.265640274099027573e-01 -7.753240520003645830e-01 -7.625425062717485769e-01 -8.842648657870505469e-01
-8.249785884252274215e-01 -6.972693059119231540e-01 -6.986683290496831233e-01 -8.246189840689747141e-01
-7.642766280320855143e-01 -6.277318329476344605e-01 -5.000000000000000000e+00 -7.635575002382282150e-01
0.000000000000000000e+00 0.000000000000000000e+00 0.000000000000000000e+00 0.000000000000000000e+00
-4.987849999999999895e+00 -4.687317730216378764e-01 -4.689646544848715126e-01 -4.999999978476639129e+00
-5.760614725247040768e-01 -3.813484140265063771e-01 -3.792848295340201514e-01 -4.999999999999961808e+00
-4.610221163654005250e-01 -2.950966417892337823e-01 -2.937474782516654725e-01 -4.601988812759281178e-01
-3.790869048996932666e-01 -2.047200851436827285e-01 -2.039040942808631740e-01 -3.790702120150560295e-01
-2.937220148683103993e-01 -1.097463334045519490e-01 -1.093687374138361812e-01 -2.937450719227463480e-01
-2.039332692706672667e-01 -9.785479759235427705e-03 -9.979848307500038818e-03 -2.038839268024513207e-01
-1.093649961382326952e-01 9.498927671296253372e-02 9.444776309342942100e-02 -1.112918760399223828e-01
-1.009686817147786679e-02 2.050225208923930342e-01 9.417385845578761516e-02 -1.518659473037224997e-02
-7.961912237376733703e-01 -7.755042308289418207e-01 -7.106969429614468092e-01 -8.302747137492907381e-01
-7.820815238541691805e-01 -5.000000000000000000e+00 -6.285728248882789249e-01 -7.634459041214664010e-01
-7.107071026551732285e-01 -5.940185823473290716e-01 -5.470208594728259710e-01 -7.081145913997666241e-01
-6.280642805122483852e-01 -5.200858452208458882e-01 -4.671355570105679145e-01 -5.000000000000000000e+00
-5.951866633044371468e-01 -4.425728658095142709e-01 -3.807774135518366965e-01 -5.501191723279021950e-01
-4.649675938648512030e-01 -3.581330941164062032e-01 -2.952720321039510321e-01 -4.605301164759421639e-01
-3.806614678474108393e-01 -2.277865991006840507e-01 -2.045895518311362515e-01 -3.798275365405902604e-01
-2.950367053257334504e-01 -1.112608785986287652e-01 -1.097568701124705948e-01 -2.937232366908085757e-01
-2.045665202541545324e-01 -1.049079593543883644e-02 -9.788964047351722195e-03 -2.057732104920859950e-01
-1.093937789283049578e-01 9.498427659163984071e-02 9.499075346297168598e-02 -1.093379396247418783e-01
-9.762496188369367695e-03 2.052675198293063275e-01 2.051312275979488842e-01 -1.002071136179610335e-02
9.378160591776402155e-02 3.213122648742234855e-01 2.005995708586212067e-01 9.429235931728173481e-02
-7.754433818981133486e-01 -7.110588464592884073e-01 -5.000000000000000000e+00 -7.812729808332468107e-01
0.000000000000000000e+00 0.000000000000000000e+00 0.000000000000000000e+00 0.000000000000000000e+00
-5.000000000000000000e+00 -6.457034304584003959e-01 -5.200167054076488826e-01 -6.392777436067551555e-01
-5.949529962113009329e-01 -5.886182520644362981e-01 -4.411539368888580115e-01 -5.667151524360957149e-01
-5.198440834466395710e-01 -5.317272692803107770e-01 -3.586744977472902662e-01 -4.745132179730887634e-01
-4.458335798289363439e-01 -4.999999998062897077e+00 -2.407853821197259991e-01 -3.878097306427016333e-01
-3.584782242047939715e-01 -3.775624311479787720e-01 -1.181292076837332367e-01 -2.984759941247136505e-01
-2.317213001190184807e-01 -4.999999928255465242e+00 -1.067895395667163745e-02 -2.044857441413891197e-01
-1.116995495430193192e-01 9.023745481010633784e-02 9.494158124489839035e-02 -1.097071681374962582e-01
-1.028419802632389926e-02 2.052658302383112143e-01 2.052127891256695369e-01 -9.785681252730478105e-03
9.497067594421108871e-02 3.213354815552045829e-01 3.211920542365400144e-01 9.499699484135007421e-02
2.052448524060776491e-01 4.435134002276481247e-01 3.210813769679197738e-01 2.036400908715995661e-01
-7.110550329333499286e-01 -5.000000000000000000e+00 -6.446643033550200075e-01 -7.754724130551240435e-01
-7.109728247131584800e-01 -5.739824192271630876e-01 -6.474984957875925540e-01 -5.000000000000000000e+00
-6.434038336312382089e-01 -5.775088150791269914e-01 -5.873051615923777780e-01 -5.990335314085741825e-01
-6.455915163858229056e-01 -5.142868357731311679e-01 -5.313093978832963415e-01 -5.258810319401505673e-01
-5.782874579402107473e-01 -4.552162186683734735e-01 -4.999999999999872990e+00 -5.287562397648839507e-01
0.000000000000000000e+00 0.000000000000000000e+00 0.000000000000000000e+00 0.000000000000000000e+00
-4.999970475499999623e+00 -2.921800252339932236e-01 -4.999901584999999926e+00 -2.639165184624015503e-01
0.000000000000000000e+00 0.000000000000000000e+00 0.000000000000000000e+00 0.000000000000000000e+00
-4.999999760851549624e+00 2.019479405192514676e-01 2.047266989021808425e-01 -1.217019417668576894e-02
9.411438817836911830e-02 3.212430958544444382e-01 3.213367368823265013e-01 9.451243477461113152e-02
2.052422047551858975e-01 4.435175223586894644e-01 4.435049095055100254e-01 2.052239978669536113e-01
3.213299084408460793e-01 5.721245272888394462e-01 4.435137996337129573e-01 3.212920511847711658e-01
0.000000000000000000e+00 0.000000000000000000e+00 0.000000000000000000e+00 0.000000000000000000e+00
-4.999999999999988454e+00 -5.018685567805379888e-01 -5.784119194961850896e-01 -6.349096079856435537e-01
-5.739636967563245262e-01 -5.056315817635548271e-01 -5.040304355790453661e-01 -6.441888962197532820e-01
-5.781864154242918330e-01 -4.607987556622505920e-01 -4.272648090106024865e-01 -5.753892770230365494e-01
-5.142759691209266570e-01 -3.893772464644277842e-01 -3.415659722005219834e-01 -5.227091176758723590e-01
-4.354181621448343087e-01 -2.981462587949999521e-01 -2.505772028829629239e-01 -4.999999202838499635e+00
-3.354561061553624768e-01 -2.487195609765857629e-01 -1.399291548651255546e-01 -3.765190435750671583e-01
-2.690301677606509734e-01 -1.685057499999999542e-01 1.812798259049494820e-01 -4.999671949999999754e+00
1.306982722322519441e-02 7.574699915855979959e-02 3.202429780872226295e-01 9.160048496810015151e-02
1.911670419890211248e-01 4.433321556479214443e-01 4.435167191416725663e-01 2.048879883238291233e-01
3.213142949856901964e-01 5.721245171231439386e-01 5.718148658814594665e-01 3.213288643985627857e-01
4.434696512757037579e-01 7.074999170663242021e-01 5.721129337186137143e-01 4.435136788602074276e-01
-4.206225745600571386e-01 -3.416165802378327565e-01 -4.979507849538667985e-01 -4.999970475499999623e+00
-4.243630850175404978e-01 -4.940276234730625604e-01 -5.049027803699301931e-01 -5.707890619702062907e-01
-4.584499303371702972e-01 -4.781174683830933247e-01 -4.618247249321161818e-01 -5.672363544304404037e-01
-5.311833606315630174e-01 -3.855783935080764335e-01 -3.927692820002817720e-01 -5.029123554211556435e-01
-4.664286636236589234e-01 -3.085287895305966477e-01 -3.118878207442934425e-01 -4.302700416315896614e-01
-3.783992470689471754e-01 -2.075187186487884305e-01 -2.476167557499999727e-01 -3.750141275964864462e-01
-3.138852172672674246e-01 -1.424659307768592065e-01 -1.299720504012729094e-01 -2.950065520252094786e-01
-2.193116504166113812e-01 8.037630081556022821e-02 2.653377238687857909e-01 -1.488412141364484076e-01
7.295451737680799797e-03 4.196740388984025460e-01 4.393256238194992447e-01 1.082203124256021221e-01
3.032233375107583617e-01 5.721167448528156063e-01 5.713923132171920827e-01 3.176536937589778953e-01
4.423815495238682116e-01 7.074996729772344839e-01 7.073181063140756564e-01 4.435159187268358782e-01
5.721219811915321252e-01 8.499999734762739845e-01 7.074994772326813619e-01 5.721212190454108004e-01
-4.781576483772961295e-01 -5.010771530970778986e-01 -4.234120997126892272e-01 -4.227784647880325486e-01
-4.222589133001103390e-01 -4.915654144443064033e-01 -4.452725026854790213e-01 -5.012251766953083054e-01
-4.203197204890590788e-01 -4.180413942641210134e-01 -3.902988930954274238e-01 -4.526298620060190681e-01
-4.826254042051379978e-01 -3.271037682211820896e-01 -2.986442608896694439e-01 -4.617549311079053309e-01
-3.848766195554556568e-01 -2.472853501544468591e-01 -2.084748970898408493e-01 -3.948281806903379265e-01
-2.990332215236827795e-01 -7.324710871866832451e-02 -1.122385016646157696e-01 -3.068626669043105215e-01
-2.260644587742028644e-01 -1.289483715087207105e-02 1.575481767446615736e-02 -2.282006128548466350e-01
-1.024696529245179705e-01 1.735314398674410175e-01 2.794914216296581766e-01 6.071105699170062375e-03
-1.380003868057522731e-01 5.712760300262675894e-01 5.613703741558522253e-01 2.988608036223952547e-01
3.296654227353271738e-01 7.045951880827029390e-01 7.074991851992307179e-01 4.415659496660753747e-01
5.717701959870833406e-01 8.499098712149499857e-01 8.499999158167322877e-01 5.711662053626496149e-01
7.056371991478549432e-01 9.999999996125794599e-01 8.407594879224205009e-01 7.072656989599930277e-01
-4.634304027807761295e-01 -4.675226854186208536e-01 -4.819747967255275101e-01 -4.513001607734349330e-01
-5.045913898439791101e-01 -4.708608914500295728e-01 -4.088950363786352793e-01 -4.929540066999010817e-01
-4.851524446259560253e-01 -4.489124605980669425e-01 -2.920719404077360415e-01 -4.550012428967559197e-01
-3.938613465798438407e-01 -4.152063963261279911e-01 -1.583724472594240928e-01 -4.003459088931482501e-01
-3.065729083134417499e-01 -2.230723559195021966e-01 -4.768745593700694091e-02 -3.086191666897202257e-01
-2.469386589153870215e-01 -9.273231804225018360e-02 7.586555006016949820e-02 -2.069759960471068139e-01
-1.487779750619936392e-01 7.054364477546312684e-02 3.140557193699729521e-01 -1.194092906889480249e-01
7.602633174929007698e-02 4.135764254973151588e-01 5.646627292472002901e-01 5.740882040962592275e-02
3.828842588668921465e-01 5.057220197151002239e-01 7.073268733380727591e-01 4.391388260016416689e-01
5.715863781609165084e-01 7.038753974320284268e-01 8.499493936902072777e-01 5.625682630280338659e-01
7.067267791025151347e-01 7.665697794999999370e-01 9.999982285299999774e-01 6.438091690375017384e-01
0.000000000000000000e+00 0.000000000000000000e+00 0.000000000000000000e+00 0.000000000000000000e+00
