-2.840926320612286116e+00 -2.834865552002137967e+00 -2.810476453360855498e+00 -2.837000902770226762e+00
-2.852503225475205628e+00 -2.756570284541068450e+00 -2.736888807792921430e+00 -2.785728070590228533e+00
-2.762487212512979351e+00 -2.670786425669147146e+00 -2.653458068935722114e+00 -2.681814126300762435e+00
-2.662021735012819690e+00 -2.591861673602129379e+00 -2.608288177201758096e+00 -2.608857552479734387e+00
-2.563865354801251772e+00 -2.490675303165573951e+00 -2.789179344977637420e+00 -2.551127625648122788e+00
-2.329576056532421724e+00 -2.326425057772570248e+00 -4.999750100209735315e+00 -2.607846472956148354e+00
0.000000000000000000e+00 0.000000000000000000e+00 0.000000000000000000e+00 0.000000000000000000e+00
-4.764493565137687625e+00 -1.826339124463300712e+00 -1.828436525541252466e+00 -1.979822592853708763e+00
-1.817807520968067525e+00 -1.837312799145337960e+00 -1.807182307322099168e+00 -1.807890148510259420e+00
-1.758481684082600749e+00 -2.065256083304197077e+00 -1.744024305065786873e+00 -1.742428613617447386e+00
-1.684460643080351927e+00 -1.679365098075996432e+00 -1.679704798045291048e+00 -1.689068086236682920e+00
-1.638620967569748732e+00 -1.630582943837778576e+00 -1.628299079055253618e+00 -1.640679437498267168e+00
-1.606455082570368953e+00 -1.581914045815999703e+00 -1.576804368230374509e+00 -1.577398124991456152e+00
-1.554400741994668600e+00 -1.548505870281600139e+00 -1.548810031824727318e+00 -1.553161495101365031e+00
-1.533825322759636123e+00 -1.531609126660583797e+00 -1.533296024046801431e+00 -1.533550544366155677e+00
-1.523161938850029928e+00 -1.524881032437586770e+00 -1.523204960929982033e+00 -1.532088111341294523e+00
-2.784658411652655818e+00 -2.752257572026580057e+00 -2.758704624855420562e+00 -2.856843357988544607e+00
-2.753388905224409378e+00 -2.694094604948929828e+00 -2.683424620166448449e+00 -2.755389170940285570e+00
-2.670825700436649353e+00 -2.617944758224128865e+00 -2.583742511772759709e+00 -2.679391756868216845e+00
-2.619691793675295255e+00 -2.735455290078840473e+00 -2.491927473876947463e+00 -2.615049064856001415e+00
-2.571031354712049577e+00 -2.442653929509625232e+00 -2.422152219601122702e+00 -2.546344125457897789e+00
-2.437882454407265698e+00 -2.368287599140486144e+00 -2.337494987878279584e+00 -2.431748639677424162e+00
-2.280292272699589340e+00 -2.262519731403866974e+00 -2.288490140529836125e+00 -4.984783736389148068e+00
-2.386474722226150647e+00 -2.707841736814286193e+00 -2.418666426108477818e+00 -2.361081609427881034e+00
-1.989494932011426354e+00 -4.860935805278153943e+00 -1.984840529178163226e+00 -1.858663569813819194e+00
-1.578596318967049550e+00 -4.641051006154073733e+00 -1.586947766766003687e+00 -1.606564992546634540e+00
-1.621129024954859110e+00 -1.622621509432158771e+00 -1.619518149706675958e+00 -1.633792837663337938e+00
-1.601163209607163518e+00 -1.597196923671627244e+00 -1.595533968361737109e+00 -1.600275251395740339e+00
-1.575568693443001544e+00 -1.563391595199306483e+00 -1.566991591316535093e+00 -1.565030165870131551e+00
-1.540643183802755889e+00 -1.539345390700347371e+00 -1.535138289793447131e+00 -1.536901729486608970e+00
-1.522307562972444295e+00 -1.517594399101687364e+00 -1.514806883132387538e+00 -1.526200142252819747e+00
-1.506942057173347171e+00 -1.507655727873167928e+00 -1.512587768048135661e+00 -1.510000663813402699e+00
-2.705551996472027376e+00 -2.696392312209766384e+00 -2.668798736288011231e+00 -2.751695907006329378e+00
-2.642189227410677521e+00 -2.562483138973281616e+00 -2.658050027836810880e+00 -2.703466250483995026e+00
-2.609075848540435949e+00 -2.693129892657051716e+00 -2.885142965634004408e+00 -2.607685178063328113e+00
-2.611865166930794846e+00 -4.999966242243907288e+00 -2.428846301401651253e+00 -2.435226184686592799e+00
-2.487459838934353407e+00 -2.474998905209390809e+00 -2.367810510930986823e+00 -2.412500223347297190e+00
-2.381257779096128235e+00 -2.290670991144348356e+00 -2.302441574085237974e+00 -2.349659583033458787e+00
-2.268414606480363194e+00 -2.178645761742596498e+00 -2.292675321012952239e+00 -2.349760355715044380e+00
-2.060771434977778149e+00 -2.044972340149332268e+00 -4.971367915514887770e+00 -2.031247006141445599e+00
0.000000000000000000e+00 0.000000000000000000e+00 0.000000000000000000e+00 0.000000000000000000e+00
0.000000000000000000e+00 0.000000000000000000e+00 0.000000000000000000e+00 0.000000000000000000e+00
-4.507614548908194685e+00 -1.580100751211509280e+00 -1.576104331559789351e+00 -1.579966534635224518e+00
-1.649833073143379236e+00 -1.559944774560064751e+00 -1.566297669236059953e+00 -1.569916530126328480e+00
-1.532416576214322035e+00 -1.532294178336573776e+00 -1.529940443542776585e+00 -1.552234822997585306e+00
-1.512266689674111930e+00 -1.509334414221983778e+00 -1.512771164789552536e+00 -1.509433056754962976e+00
-1.496337083027528436e+00 -1.499405635556998462e+00 -1.497583966021360347e+00 -1.503961148845164075e+00
-1.495153410567740426e+00 -1.488566327668330525e+00 -1.493516625155140165e+00 -1.486226417033047920e+00
-2.618005166805145834e+00 -2.590879318135312914e+00 -2.599176592241806194e+00 -2.697850010920797903e+00
-2.619734757965981320e+00 -2.474482532737375617e+00 -2.601148886351808187e+00 -2.622710097463481382e+00
-2.378720241815314829e+00 -2.374019030600719837e+00 -4.999982059744345619e+00 -2.547592681411948501e+00
0.000000000000000000e+00 0.000000000000000000e+00 0.000000000000000000e+00 0.000000000000000000e+00
-4.998150057574823890e+00 -2.205912282005162428e+00 -2.207166497606559030e+00 -2.255645312448427475e+00
-2.607056497297497888e+00 -2.190423087040903383e+00 -2.193854608434731013e+00 -2.299960727661315651e+00
-2.160055615674960183e+00 -2.096820332348144245e+00 -2.147466119696390230e+00 -2.187890833578678862e+00
-2.123263051169322235e+00 -2.038109831707529906e+00 -2.329266691401271849e+00 -2.199572678009019455e+00
-2.044264495507044810e+00 -2.196762133769633252e+00 -1.945126443330696064e+00 -4.764493565137687625e+00
-1.632382788700351250e+00 -2.847663950000000277e+00 -1.594497562224126641e+00 -4.392116727047153724e+00
-1.567015817566007829e+00 -1.559661738582573953e+00 -1.569383256244629044e+00 -1.567507467990204795e+00
-1.567199438490888941e+00 -1.462642671347324619e+00 -1.524387996434197756e+00 -1.531694075158006818e+00
-1.491135392999785259e+00 -1.488493764112130524e+00 -1.502618117294931110e+00 -1.497931598854312041e+00
-1.476896933831351122e+00 -1.477657038901713404e+00 -1.477468497152811810e+00 -1.476638081706189931e+00
-1.474595626600365250e+00 -1.465848015692950757e+00 -1.468720985847605132e+00 -1.472992232795453882e+00
-1.465840924553878377e+00 -1.461416603504698486e+00 -1.459286198602297580e+00 -1.465033991094681687e+00
-2.552091019756335122e+00 -2.564830416410509795e+00 -2.496415023467797312e+00 -2.558076615127999442e+00
-2.571115203735389709e+00 -2.360391804881495581e+00 -2.476717958596381663e+00 -2.584254926490302307e+00
-2.404915340242685051e+00 -2.364826577489469450e+00 -2.528336541067492060e+00 -2.715597868293148753e+00
-2.217275484770040883e+00 -2.213350748742808793e+00 -2.211365118688023212e+00 -4.998907627497358064e+00
-2.202357315600777632e+00 -2.168036369042430689e+00 -2.170344099148201256e+00 -2.306849226459971813e+00
-2.153560761158888059e+00 -2.084015455777143089e+00 -2.110338336038189322e+00 -2.191654076924691719e+00
-2.112408263379179640e+00 -2.045583207266388648e+00 -1.994672772083438739e+00 -2.111663589511811434e+00
-2.052165598415907510e+00 -1.898909202285408160e+00 -2.156147401018241094e+00 -2.043978431061007850e+00
-2.012243482310260401e+00 -2.018062963173596458e+00 -4.809239787761526941e+00 -2.017859556622566775e+00
0.000000000000000000e+00 0.000000000000000000e+00 0.000000000000000000e+00 0.000000000000000000e+00
-4.249526823515004104e+00 -1.645695691844040187e+00 -1.766951335638408116e+00 -1.457607054175873884e+00
-1.681078812537144307e+00 -4.601167784615637579e+00 -1.374182510766277066e+00 -1.357457586526841897e+00
-1.812937282248297421e+00 -1.442402236761035850e+00 -1.444510470494343446e+00 -1.453744582585936751e+00
-1.427892919051349629e+00 -1.414442186606745810e+00 -1.432881528890487699e+00 -1.421343070826409649e+00
-1.429825723188013598e+00 -1.433460924186225283e+00 -1.433105748127173618e+00 -1.432456682909474477e+00
-1.430436701419714574e+00 -1.431091842519642165e+00 -1.427755767035040257e+00 -1.429612307835197438e+00
-2.502258047247271300e+00 -4.999836040747607235e+00 -2.390271416669000004e+00 -2.410247752012745881e+00
-2.420241082196416649e+00 -2.292595396829812948e+00 -2.350789495037520549e+00 -2.459348147632448800e+00
-2.390893997058264109e+00 -2.297090100704816340e+00 -2.274894451780370641e+00 -2.408987361022382423e+00
-2.276389647559389662e+00 -2.197187457103251251e+00 -2.185759786728226572e+00 -2.219096408175311286e+00
-2.190325124132219692e+00 -2.114975743566023247e+00 -2.090541271525559353e+00 -2.163024860390436288e+00
-2.099008484407629105e+00 -1.972666014265276324e+00 -2.028142430585559985e+00 -2.091524264100117048e+00
-2.027239901513027576e+00 -1.908635364962696812e+00 -1.961086483782136236e+00 -2.012505048900620430e+00
-1.966878910208167852e+00 -1.783955930327538963e+00 -1.956920614652712498e+00 -1.997044680599225241e+00
-1.790755158527189694e+00 -1.752919451453143651e+00 -4.860935805278153943e+00 -1.836075557873588338e+00
0.000000000000000000e+00 0.000000000000000000e+00 0.000000000000000000e+00 0.000000000000000000e+00
-3.729067085835499729e+00 -1.214073460034240659e+00 -3.729067085835499729e+00 -1.228962874516150938e+00
0.000000000000000000e+00 0.000000000000000000e+00 0.000000000000000000e+00 0.000000000000000000e+00
-4.452905054342438440e+00 -1.402609913342032666e+00 -1.396587319763364032e+00 -1.402722959166202488e+00
-1.434330869853641000e+00 -1.301025266568245353e+00 -1.388015184771138388e+00 -1.375803937691951973e+00
-1.395077788023440624e+00 -1.392182922123458733e+00 -1.391687460491806583e+00 -1.395180881154019392e+00
-1.399794027795971729e+00 -1.392629509000682386e+00 -1.392297899334951072e+00 -1.393419209172031437e+00
0.000000000000000000e+00 0.000000000000000000e+00 0.000000000000000000e+00 0.000000000000000000e+00
-4.999016864747622080e+00 -2.225487801471840221e+00 -2.231706130152077083e+00 -2.247056019066056010e+00
-2.482137459594190965e+00 -2.198386645182137222e+00 -2.172207341541374515e+00 -2.278950020546245625e+00
-2.222760509198468792e+00 -2.107264894543578126e+00 -2.078219762406041227e+00 -2.196761905745867605e+00
-2.130768357768522137e+00 -2.025289599383390815e+00 -1.973560998596183280e+00 -2.149405954463030177e+00
-2.052744580036294231e+00 -1.942860492485508406e+00 -1.886416936008243006e+00 -2.066524491270304686e+00
-1.992246492923547940e+00 -1.855166587928352318e+00 -1.775120193203727492e+00 -2.009843304275401366e+00
-1.873070688667422212e+00 -1.660817746665014250e+00 -1.750989697383706689e+00 -1.911832530017395282e+00
-1.716960999816074640e+00 -1.609298048024646377e+00 -1.852180609435132297e+00 -1.876714556549344604e+00
-1.656641146371592654e+00 -1.575065978922174370e+00 -1.570691446997821927e+00 -4.828315808985374602e+00
-1.485383220400949611e+00 -1.476808998223692049e+00 -1.863817368299433452e+00 -1.495119914524142057e+00
-1.348543330890986436e+00 -1.326084379706592653e+00 -1.335750514832856783e+00 -4.452905054342438440e+00
-1.580641628397887688e+00 -1.281681716751710054e+00 -1.339275676874047027e+00 -1.363461641290032444e+00
-1.338327692296158000e+00 -1.126483757709767053e+00 -1.323646242885254676e+00 -1.360284855978028062e+00
-1.320240621511734824e+00 -1.337655471773885996e+00 -1.338237538213626454e+00 -1.348051554288689058e+00
-1.354130278384982899e+00 -1.356691391761805532e+00 -1.358261712929266229e+00 -1.357018668353277668e+00
-2.039605994100290864e+00 -2.043531503991922182e+00 -2.039735021972203910e+00 -4.845484228086837319e+00
-2.462878530714576186e+00 -2.139698891300933159e+00 -2.140232506027391235e+00 -2.405596843328279277e+00
-2.108231808107234873e+00 -2.254098126329909135e+00 -2.101400023093069169e+00 -2.125888585290955923e+00
-2.104253203707029396e+00 -2.014850861824332817e+00 -2.027805281941858162e+00 -2.049685718904220355e+00
-1.983935520743283609e+00 -1.946119688087403876e+00 -1.940678658526916456e+00 -2.029685654912108284e+00
-1.955915183829258774e+00 -1.862931549359154726e+00 -1.830365316643372653e+00 -1.911778343799702240e+00
-1.906721419376148363e+00 -1.799018612393283867e+00 -1.686889793951966476e+00 -1.863203819628972857e+00
-1.813933433113284366e+00 -1.519981415943185254e+00 -1.656449157094854518e+00 -1.857004476751784594e+00
-1.726755711540463700e+00 -1.460878379025243756e+00 -1.649651036844685281e+00 -1.718036048290469742e+00
-1.568726114667436056e+00 -1.516594283728592174e+00 -1.496892929766427294e+00 -1.868705353813847170e+00
-1.498129034829791539e+00 -1.347029574013971942e+00 -1.432737467025968492e+00 -1.454945394849846974e+00
-1.400705886245833920e+00 -1.275787219924470417e+00 -1.348509102997954789e+00 -1.418016649718883304e+00
-1.335022698208949699e+00 -1.098747201282277430e+00 -1.285272200041161827e+00 -1.315404480093864459e+00
-1.266529088588913554e+00 -8.862177832974506009e-01 -1.287656333611949533e+00 -1.288941100092834358e+00
-1.202719790146306700e+00 -1.280833629127470008e+00 -1.296100850733039156e+00 -1.288280609420666245e+00
-1.314667375263513849e+00 -1.358493284926624023e+00 -1.314848241406954665e+00 -1.316452884963901004e+00
-2.050843563492734223e+00 -2.051199188015190966e+00 -2.058065311116268337e+00 -2.049300867548935923e+00
-2.077505796145428185e+00 -2.078278213545775799e+00 -2.164723692204607364e+00 -2.087525667321608491e+00
-1.976426675607472205e+00 -4.956360182159561312e+00 -1.968775824463698587e+00 -1.965334697500685790e+00
-1.966011661362341068e+00 -2.143308091921572345e+00 -1.922397805316349961e+00 -1.982950289840713420e+00
-1.906589247823129218e+00 -1.871251701266766876e+00 -1.815748418484296023e+00 -1.891748817419713680e+00
-1.846373431892297523e+00 -1.684379375236088494e+00 -1.800989690782393460e+00 -1.848994380569607632e+00
-1.801771414629399271e+00 -1.594581220804987876e+00 -1.713748515727302246e+00 -1.809473121413140539e+00
-1.758004925665565210e+00 -1.395793864717088884e+00 -1.535272698742659925e+00 -1.698172605906125510e+00
-1.650963645204354124e+00 -1.342317528923007375e+00 -1.504901272780224897e+00 -1.655502027945600974e+00
-1.537454491469286699e+00 -1.435381568455613488e+00 -1.261845730075082939e+00 -1.555364689889626506e+00
-1.421579167648697073e+00 -1.230785168141723229e+00 -1.101682574399502013e+00 -1.429936662652457002e+00
-1.337893798539960821e+00 -9.203309560639940656e-01 -1.207620014259243701e+00 -1.377264769095460695e+00
-1.295517814608814211e+00 -8.823277540114219386e-01 -1.186412607527769669e+00 -1.313804584699948430e+00
-1.203527101624737528e+00 -6.813078974176222102e-01 -1.252596598692973906e+00 -1.237126057361040310e+00
-1.037603659606610496e+00 -1.417666223331768061e+00 -1.548766545230169323e+00 -1.240018576847273790e+00
-1.126931178828320501e+00 -4.392116727047153724e+00 -1.196124223667334174e+00 -1.122479839907584598e+00
-2.038022598641673788e+00 -2.031436789943072974e+00 -2.057398841696834069e+00 -2.034857802554017603e+00
-2.027813030209517198e+00 -2.033842393035190987e+00 -4.788044208623919218e+00 -2.032005519932131410e+00
0.000000000000000000e+00 0.000000000000000000e+00 0.000000000000000000e+00 0.000000000000000000e+00
-4.926095585292826762e+00 -1.783969956630318210e+00 -1.782277633908117664e+00 -1.802423707285617516e+00
-1.978126358596337342e+00 -1.789569952165416478e+00 -1.767119275259589228e+00 -1.849713190963064857e+00
-1.759633340455609485e+00 -1.710253367866514607e+00 -1.584753154785836893e+00 -1.801631860655779516e+00
-1.718742381338648428e+00 -1.613326225758577426e+00 -1.407981689864865160e+00 -1.728236800394452155e+00
-1.592924679996650994e+00 -1.409928144813158202e+00 -1.324285193230844371e+00 -1.609690565934295270e+00
-1.476549187713606770e+00 -1.280915449574783649e+00 -1.111960564153310127e+00 -1.534860003496373304e+00
-1.386237329943353913e+00 -1.129112918538702326e+00 -9.823650090612305874e-01 -1.453784669605029389e+00
-1.224115504691031031e+00 -8.768151501497288836e-01 -9.737034873326252393e-01 -1.328602816862092251e+00
-1.203325850240080319e+00 -1.024318017263434077e+00 -8.019025143392434218e-01 -1.271489258822385615e+00
-1.105434425341215388e+00 -6.247492416391791092e-01 -9.395922353894664569e-01 -1.092431232305196120e+00
-1.054182947953168803e+00 -4.932742794602215097e-01 -1.131222512912243072e+00 -1.170522581646009197e+00
-9.034039308133632318e-01 -6.989296382385521422e-01 -4.709251314984799208e+00 -1.090745201576045043e+00
0.000000000000000000e+00 0.000000000000000000e+00 0.000000000000000000e+00 0.000000000000000000e+00
-1.988492962596290825e+00 -1.992596022416733614e+00 -1.996160176574951706e+00 -1.992345499226652050e+00
-1.978521121756144918e+00 -1.971462565710004444e+00 -2.066289397872762557e+00 -1.972768952563950684e+00
-1.760052660893773213e+00 -1.746081780949685136e+00 -1.728088571478091140e+00 -4.898622202047773655e+00
-1.917516192855643675e+00 -1.764390482637630653e+00 -1.764087188723327149e+00 -2.081116034719714847e+00
-1.735878019603523503e+00 -1.729046574907441736e+00 -1.686385133615730725e+00 -1.775337750765886291e+00
-1.686184787781680461e+00 -1.667250546811081868e+00 -1.578370559314979715e+00 -1.653967578927441062e+00
-1.667589516682514095e+00 -1.623928162234453021e+00 -1.423582323786442894e+00 -1.639153684185223003e+00
-1.577198218354447068e+00 -1.671203988355100867e+00 -1.235634253531871396e+00 -1.534793142581805991e+00
-1.492375041768435162e+00 -1.483699224268629990e+00 -1.089240038260652632e+00 -1.438068455515042920e+00
-1.369450029760027610e+00 -1.251199099095058775e+00 -9.343692286897206101e-01 -1.217409210518836105e+00
-1.127625385232529975e+00 -9.566466237216793012e-01 -7.705430580661986051e-01 -1.067698715790657449e+00
-1.048954822979219603e+00 -7.527589855028862242e-01 -6.258749006323162112e-01 -9.488268019267134257e-01
-8.752429700948143321e-01 -5.731958236814643781e-01 -4.710632124836768297e-01 -8.589247303384547338e-01
-6.844815660493884790e-01 -3.122099137913827427e-01 -6.804244142777777782e-01 -6.896751439608561629e-01
-7.162908149279922920e-01 -2.737439914858596501e-01 -8.266020862266716396e-01 -1.270059278870063313e+00
-7.146252174742363517e-01 -3.192751006137313219e-01 -1.522116983261098788e+00 -4.452905054342438440e+00
-1.957100120487256012e+00 -1.955242542973524511e+00 -1.954867511970663552e+00 -1.960761748248577296e+00
-1.938830348247250202e+00 -1.920150711854114345e+00 -1.917580790415715608e+00 -1.922107535980033699e+00
-1.865077977824322497e+00 -1.881449621560095098e+00 -1.854387967528859926e+00 -1.910597069272003345e+00
-1.804639968182342846e+00 -1.796251497841908629e+00 -1.798004897558937998e+00 -1.798955143041637950e+00
-1.749101297890504725e+00 -1.747200924492551044e+00 -1.738769117792084984e+00 -1.738068743246285353e+00
-1.690459670928106339e+00 -1.680464511627523194e+00 -1.661993973649549039e+00 -1.675123271730165619e+00
-1.630693335648844222e+00 -1.639866597092084932e+00 -1.661095866685023514e+00 -1.544010223965459838e+00
-1.596355472674389597e+00 -1.714882649138384618e+00 -1.715116409561322941e+00 -1.534293631078395448e+00
-1.373478884718452697e+00 -4.860935805278153943e+00 -1.284566025696612046e+00 -1.249102155108711587e+00
-1.435797700418419476e+00 -1.304803616900839014e+00 -1.063115828963426157e+00 -1.240062110219508851e+00
-1.278138592866228329e+00 -1.214776956191663038e+00 -8.024631097151256887e-01 -1.150878250520943835e+00
-1.042167439706015886e+00 -1.000402743807895733e+00 -5.860083175508487008e-01 -1.053555395051572585e+00
-8.358926157215569308e-01 -7.686754886956060906e-01 -4.042054267560548086e-01 -7.795019429507190623e-01
-6.190870519906824798e-01 -2.722947454802251976e-01 -1.997210220214071241e-01 -5.106283777168623139e-01
-3.881689455190364124e-01 1.643743092155491858e-02 -1.908555808977157875e-01 -5.893851300356128808e-01
-4.117117193558714194e-01 5.375491941630873571e-03 -2.270842439001276858e-01 -1.222649361998023210e+00
-1.932594470744411819e+00 -1.930404313938377081e+00 -1.927744859295003721e+00 -1.934305231954551063e+00
-1.907046886207371728e+00 -1.898116651850087155e+00 -1.896644359127996449e+00 -1.899834466317045889e+00
-1.848581446362590697e+00 -2.017456656954462080e+00 -1.838504689813114767e+00 -1.846604479870780802e+00
-1.790601453052699243e+00 -1.788795220565265298e+00 -1.789485514038305025e+00 -1.796095210720299651e+00
-1.754282284671995207e+00 -1.744707415456856259e+00 -1.741921328495190879e+00 -1.745512148424967824e+00
-1.702562614871362401e+00 -1.702913546059625416e+00 -1.701242817845210364e+00 -1.699432278757710968e+00
-1.675632762381289886e+00 -1.672016780885508869e+00 -1.748198690357354534e+00 -1.661895740935301014e+00
-1.485728667779494971e+00 -1.463894938459321615e+00 -4.738326183486319287e+00 -1.475141796868834509e+00
0.000000000000000000e+00 0.000000000000000000e+00 0.000000000000000000e+00 0.000000000000000000e+00
-4.324574141163504137e+00 -1.070022996017882866e+00 -1.070880159955534427e+00 -1.066828542212569175e+00
-1.114090990044998009e+00 -1.167651063498603481e+00 -1.446752021460835369e+00 -1.148926404456936057e+00
-9.070810944899551087e-01 -4.452905054342438440e+00 -6.056021154731131562e-01 -9.077804986278315003e-01
-1.071254906462808520e+00 -1.020576702615666687e+00 -3.140323377074486499e-01 -9.356572601769220787e-01
-6.143577630797489864e-01 -6.437500812159494545e-01 -1.818555304261694483e-02 -4.545161026918318470e-01
-2.460157878820269095e-01 -1.614830432051213016e-01 1.694732950167820718e-01 -2.524974529877573315e-01
-1.491809379699798876e-01 4.947941384860512493e-01 -1.736530495831682674e-02 -1.493396659263151183e-01
-1.929154639762304946e+00 -1.927579404496637672e+00 -1.924260112294972291e+00 -1.924745436575651336e+00
-1.904091954918593288e+00 -2.217836772447277394e+00 -2.000538309319381369e+00 -1.895482395364655126e+00
-1.752300205670225708e+00 -4.738326183486319287e+00 -1.745199045775765345e+00 -1.742882575720786642e+00
-1.963412492312381685e+00 -1.810650369211352917e+00 -1.755672289879616876e+00 -1.765404939403978135e+00
-1.732120231188964077e+00 -1.725482572716062535e+00 -1.726655236888427591e+00 -1.732329495728644808e+00
-1.699979667872088651e+00 -1.692634014764891726e+00 -1.696314350231798107e+00 -1.694356959372911309e+00
-1.667545898969451379e+00 -1.670322355630687206e+00 -1.673856027208893815e+00 -1.671728289795394007e+00
-1.637489065375015151e+00 -1.871926538915975824e+00 -1.752032134212751613e+00 -1.527665564356846195e+00
-1.125640189098308319e+00 -4.324574141163504137e+00 -1.067077154586504983e+00 -2.847663950000000277e+00
-1.298617855239663887e+00 -8.762918785357988183e-01 -1.143689568823259339e+00 -1.174991843491032695e+00
-9.310564243971604093e-01 -7.387033736919736970e-01 -4.166140915016670832e+00 -9.350556439287285304e-01
0.000000000000000000e+00 0.000000000000000000e+00 0.000000000000000000e+00 0.000000000000000000e+00
-4.166140915016670832e+00 -2.065532878589698140e-01 -6.160180786059855640e-01 -4.916482161807118056e-01
-8.147016645701988802e-01 -5.528927254749799181e-01 -1.045093352143815713e+00 -7.695111701354534484e-01
-7.113633692955674270e-01 -4.887358002275304258e+00 3.295451901976362841e-01 -2.662371810179171572e-01
-3.864897520477245663e-01 7.083690692697316438e-01 -2.561448198026688994e-02 -2.846152897549886554e-02
-1.922946900834908934e+00 -1.923098533784064257e+00 -2.189065342200894104e+00 -1.920941958068827615e+00
-1.803792086927796579e+00 -1.795231651801532546e+00 -4.887358002275304258e+00 -1.791524590264392591e+00
0.000000000000000000e+00 0.000000000000000000e+00 0.000000000000000000e+00 0.000000000000000000e+00
-4.887358002275304258e+00 -1.538976368963884234e+00 -1.538252501563214469e+00 -1.556662967398169783e+00
-1.723579905071853213e+00 -1.704542892116715169e+00 -1.699059701868443684e+00 -1.707566287476886657e+00
-1.687142732061107431e+00 -1.688492519128620861e+00 -1.684483069212485251e+00 -1.688096713829525308e+00
-1.673344727200518633e+00 -1.663354721902085220e+00 -1.798674728704924952e+00 -1.662617811393722445e+00
-1.585077138330271529e+00 -1.552975350453519088e+00 -4.809239787761526941e+00 -1.550048484625385470e+00
0.000000000000000000e+00 0.000000000000000000e+00 0.000000000000000000e+00 0.000000000000000000e+00
-3.970544339526754563e+00 -8.129971752107785221e-01 -5.856700232320830590e-01 -8.639215870143822640e-01
-5.313111176019733595e-01 -3.587852317594999896e+00 -4.293360730367438149e-01 -1.027412048873654227e+00
-3.997388947115296798e-01 -5.424216703178810217e-01 -3.175286957903794560e-01 -3.062897555000000160e+00
-5.000215634585445379e-01 -9.122651994096457606e-02 -5.690463839532435841e-01 -7.262617588272464175e-01
-1.913763027705689679e-01 2.098564886479453440e-01 -3.430947019550000032e+00 -1.567255693553268603e-01
0.000000000000000000e+00 0.000000000000000000e+00 0.000000000000000000e+00 0.000000000000000000e+00
-4.999836040747607235e+00 9.999999999999995559e-01 2.964846941061747287e-01 2.613929852739548254e-01
-1.940445658735008516e+00 -1.938414789451822440e+00 -1.940584516655447178e+00 -1.940419998554899550e+00
-1.940924689214635901e+00 -1.935917926425171798e+00 -2.376880224646045647e+00 -1.950351002772450659e+00
-1.687474870273759198e+00 -1.650039846888146311e+00 -1.647053443931475458e+00 -4.556853094017375483e+00
-1.652177983192472110e+00 -1.686025760804918061e+00 -1.646407206994259909e+00 -1.907289809107486578e+00
-1.700608790971320339e+00 -1.683004592646722308e+00 -1.688192310433519916e+00 -1.682700967113045065e+00
-1.675755835601357102e+00 -1.682356052700877402e+00 -1.679835973636376378e+00 -1.678511235265151669e+00
-1.660806161673788361e+00 -1.655161354999011181e+00 -1.645376833963861474e+00 -1.655075529484142605e+00
-1.616400992952293780e+00 -1.604831671439774343e+00 -1.537173546288155279e+00 -1.632363625595627976e+00
-1.538462573573189163e+00 -1.549220446848644128e+00 -1.265685290663949081e+00 -4.392116727047153724e+00
-1.437838655413022471e+00 -1.166840143079260761e+00 -3.729067085835499729e+00 -8.208162963577194660e-01
0.000000000000000000e+00 0.000000000000000000e+00 0.000000000000000000e+00 0.000000000000000000e+00
-3.062897555000000160e+00 -4.300391392158255943e-01 -9.813766831376491417e-02 -4.242095122464983326e-01
-5.104096537384681387e-01 -7.543197030841855555e-02 4.571803587088228427e-01 -3.365281505255141026e-01
-2.470898801104380871e-01 1.728543490454900744e-02 7.726061202295917418e-01 -2.134752901343631992e-01
5.185860277012343394e-02 1.146574888536958103e-01 9.997815254994715239e-01 -3.256607799500000233e+00
0.000000000000000000e+00 0.000000000000000000e+00 0.000000000000000000e+00 0.000000000000000000e+00
