-4.250475148176318108e+00 -4.138516074278300927e+00 -4.320912033512787076e+00 -4.283742406551953152e+00
-4.093982265544193311e+00 -4.999999734827181186e+00 -3.587596415853078646e+00 -4.111385827795677628e+00
-3.995589293611790715e+00 -3.241695030845058945e+00 -3.739747861494965964e+00 -3.746475842088599073e+00
-3.527536910959705896e+00 -4.974231123963399170e+00 -3.794762546165783679e+00 -3.505092765656407039e+00
-3.792173747804369555e+00 -3.477049743621186906e+00 -4.999997576537484001e+00 -4.214510537006701085e+00
0.000000000000000000e+00 0.000000000000000000e+00 0.000000000000000000e+00 0.000000000000000000e+00
-4.738326183486319287e+00 -1.387836922731942035e+00 -4.860935805278153943e+00 -2.817521246689054237e+00
0.000000000000000000e+00 0.000000000000000000e+00 0.000000000000000000e+00 0.000000000000000000e+00
-3.257022736509203042e+00 -4.994694416940018478e+00 -2.315931227728343700e+00 -3.898458368106830996e+00
-3.015570462742793278e+00 -1.763197367156487338e+00 -1.981758842968522893e+00 -4.974231123963399170e+00
-2.222671869727386618e+00 1.156199440079143381e-02 -4.676945905538666182e+00 -1.302843629024593053e+00
0.000000000000000000e+00 0.000000000000000000e+00 0.000000000000000000e+00 0.000000000000000000e+00
0.000000000000000000e+00 0.000000000000000000e+00 0.000000000000000000e+00 0.000000000000000000e+00
-4.392116727047153724e+00 -4.445444216892094347e-01 5.214953466664355719e-02 -1.690652234166641010e+00
-1.022379596185029715e+00 2.697329285199197291e-02 9.576088417247838880e-01 -8.635277345419889450e-01
0.000000000000000000e+00 0.000000000000000000e+00 0.000000000000000000e+00 0.000000000000000000e+00
