-1.029407577547839514e+00 -9.783237658876896559e-01 -9.783237657736886250e-01 -1.029407577555001563e+00
-1.029407577503117066e+00 -9.245513323846066278e-01 -9.245513327149667004e-01 -9.783237668246812513e-01
-9.783238438791892477e-01 -8.679487709259493533e-01 -8.679487787340861571e-01 -9.245513338933243341e-01
-9.245513574102958154e-01 -8.083671294902349258e-01 -8.083671340188296472e-01 -8.679488078998450762e-01
-8.679494496816234639e-01 -7.456496037544332323e-01 -7.456496216830941215e-01 -8.083672277538345163e-01
-8.083671887487386964e-01 -6.796311672597296072e-01 -5.000000000000000000e+00 -7.456496184780385672e-01
0.000000000000000000e+00 0.000000000000000000e+00 0.000000000000000000e+00 0.000000000000000000e+00
-4.999999999999988454e+00 -5.369868448640722214e-01 -5.370328618340828308e-01 -6.101754217715802397e-01
-6.104515647172542581e-01 -4.602239106370012989e-01 -4.599889308891761397e-01 -5.371577772309444887e-01
-5.370703756859710465e-01 -3.789317842229239508e-01 -3.789349500809324756e-01 -4.599983198718242128e-01
-4.599980577029416651e-01 -2.936115347460831471e-01 -2.937947898459782881e-01 -3.792769563395407273e-01
-3.800391870772826253e-01 -2.038216588055488943e-01 -2.943767806536861653e-01 -2.957697235062778374e-01
-9.783237661125592233e-01 -9.245561083026161420e-01 -9.245513323826964891e-01 -1.029407585854780427e+00
-9.783237664115039811e-01 -8.679537981760586662e-01 -8.679487681678627053e-01 -9.783237699898263973e-01
-9.245513768154782763e-01 -8.083679021659253561e-01 -8.083670450452480338e-01 -9.245513323987716303e-01
-8.679487709253971284e-01 -7.456499300633767646e-01 -7.456494858677761295e-01 -8.679487837937818195e-01
-8.083671241644510008e-01 -6.796306683336245102e-01 -6.796311587615531113e-01 -8.083672990645388579e-01
-7.456496038245353786e-01 -6.101373255501969517e-01 -6.101380586330455991e-01 -7.456496179193410345e-01
-6.796329595528665113e-01 -5.369876205944845715e-01 -5.369861028697651140e-01 -5.000000000000000000e+00
-6.101374770273102488e-01 -4.599850400010050411e-01 -4.599947218353569456e-01 -6.101394599464042834e-01
-5.370353687751514560e-01 -3.789330737546090511e-01 -3.789490640027211033e-01 -5.370535834860953317e-01
-4.599892673684758404e-01 -2.936212761458713016e-01 -2.936117306622363365e-01 -4.599923775938282167e-01
-3.789330672097606101e-01 -2.038013763317192140e-01 -2.038188662330240597e-01 -3.789313318949742437e-01
-2.936113981078572466e-01 -1.092714266284568608e-01 -2.038264464063926917e-01 -2.944255504617970809e-01
-9.245561082829386601e-01 -8.770499198329985147e-01 -8.679537981879755781e-01 -9.783283051435268662e-01
-9.245561082861476487e-01 -8.163624049781844638e-01 -8.083697463677755879e-01 -9.245513402545777470e-01
-8.679537981821018322e-01 -7.534702200489793444e-01 -7.456491849809133710e-01 -8.679487684244977519e-01
-8.083681427138628139e-01 -8.083679999260471316e-01 -6.796300737836736827e-01 -8.083671386816571047e-01
-7.456497187993296194e-01 -5.000000000000000000e+00 -6.101367104855652812e-01 -7.456496503935841069e-01
-6.796300488378406168e-01 -5.000000000000000000e+00 -5.369858933353603980e-01 -6.796308500780663397e-01
-6.101367583594198285e-01 -4.599859512953082818e-01 -4.599851210545559677e-01 -6.101379812916281065e-01
-5.369867174732657622e-01 -3.789316874852938777e-01 -3.789315025584889529e-01 -5.369861044333945621e-01
-4.599858064936769297e-01 -2.936117180539459803e-01 -2.936118379568412040e-01 -4.599963087803951578e-01
-3.789364127751155276e-01 -2.038049178759732405e-01 -2.038014797840065340e-01 -3.789689556729508024e-01
-2.936192679644369918e-01 -1.092655977681049329e-01 -1.092644648778469674e-01 -2.936119676548976654e-01
-2.038017373900686824e-01 -9.752056519816601488e-03 -1.092645621365420927e-01 -2.038141238030211355e-01
-8.793967861492725246e-01 -8.166416869618098318e-01 -8.178138310926508225e-01 -9.245561084070579305e-01
-8.794298149197209424e-01 -7.537419499929818301e-01 -7.534570297160764207e-01 -8.679537983047235228e-01
-8.160940014233457607e-01 -6.878254300190079773e-01 -8.083691284269277633e-01 -8.083687040044240657e-01
-7.543459418509119718e-01 -5.000000000000000000e+00 -5.000000000000000000e+00 -7.456500168182077504e-01
0.000000000000000000e+00 0.000000000000000000e+00 0.000000000000000000e+00 0.000000000000000000e+00
0.000000000000000000e+00 0.000000000000000000e+00 0.000000000000000000e+00 0.000000000000000000e+00
-5.000000000000000000e+00 -3.790497217364038884e-01 -3.789312810154007449e-01 -5.370308185502161713e-01
-4.599875734091715129e-01 -2.936113454914698329e-01 -2.936114518713154875e-01 -4.599904798441815101e-01
-3.789309101996889417e-01 -2.038013057857495369e-01 -2.038012882392357950e-01 -3.789337714039943683e-01
-2.936160583933765111e-01 -1.092644126351637601e-01 -1.092653209422901339e-01 -2.936145920856141345e-01
-2.038045501181262320e-01 -9.761281768468649950e-03 -9.752387345210387568e-03 -2.038168236264323863e-01
-1.092675201390611583e-01 9.499800077680656263e-02 -9.754291610952085800e-03 -1.092651015206168585e-01
-8.165473813973317396e-01 -7.589553897942846739e-01 -7.534053242060220201e-01 -8.774847034330358619e-01
-8.166293711480896444e-01 -6.928755790704693718e-01 -6.876314200015757327e-01 -8.174829861532748598e-01
-7.533135162962176778e-01 -6.185389806962361403e-01 -5.000000000000000000e+00 -7.538499931319274650e-01
0.000000000000000000e+00 0.000000000000000000e+00 0.000000000000000000e+00 0.000000000000000000e+00
-4.999991142649999887e+00 -4.699204723099013048e-01 -5.477823654782476570e-01 -4.999901584999999926e+00
-5.676185875123128666e-01 -4.144373307177801058e-01 -3.843394358043515924e-01 -4.999999993542991739e+00
-4.652577274214561576e-01 -3.032493622849978809e-01 -2.936154023032358507e-01 -4.603247788751120284e-01
-3.796789962884964398e-01 -2.038138401410394540e-01 -2.038012916784480155e-01 -3.789315368428243791e-01
-2.939209438995470935e-01 -1.092703717523116624e-01 -1.092644651468150097e-01 -2.936129215186151220e-01
-2.038013215054713945e-01 -9.760903672753857424e-03 -9.751953172193192701e-03 -2.038013654955947995e-01
-1.092644119148892118e-01 9.499781783813354696e-02 9.499795587912060468e-02 -1.093089380006586342e-01
-9.752014340273595580e-03 2.052610896828171161e-01 9.499452778094732985e-02 -9.752252008679457643e-03
-7.602884820536005561e-01 -7.737869790620647281e-01 -6.928908273411649166e-01 -8.220456656665788842e-01
-7.585702823664551842e-01 -5.000000000000000000e+00 -6.240781080916103507e-01 -7.582858427386894862e-01
-6.948278472729371158e-01 -5.717291856959944019e-01 -5.456761102065206259e-01 -6.883422322211094624e-01
-6.189705520867218036e-01 -4.969056303435128719e-01 -4.689641327807257953e-01 -5.000000000000000000e+00
-5.465947654087238705e-01 -3.982492956838212805e-01 -3.877011072992300744e-01 -5.535976404231809367e-01
-4.700966158117242388e-01 -3.138178255096223390e-01 -3.021527760329238976e-01 -4.964188441791426154e-01
-3.888142699560722670e-01 -2.170638895265794843e-01 -2.064886482932048739e-01 -3.790906939594710923e-01
-3.021410268419081890e-01 -1.120592224290244548e-01 -1.092640812770495490e-01 -2.939608804020124033e-01
-2.038206983612805279e-01 -1.014238565285156823e-02 -9.750224107500732318e-03 -2.038052029385013231e-01
-1.092720416504601999e-01 9.500577140651755848e-02 9.498826882774213942e-02 -1.092644672095330061e-01
-9.758919892385559125e-03 2.052610244401597561e-01 2.035367633382280939e-01 -9.754951072791194500e-03
9.491032356073852982e-02 3.213274797542736705e-01 2.052610951039763876e-01 9.499485514112766815e-02
-7.735080805162438677e-01 -7.092512062158710107e-01 -5.000000000000000000e+00 -7.606452286298173160e-01
0.000000000000000000e+00 0.000000000000000000e+00 0.000000000000000000e+00 0.000000000000000000e+00
-5.000000000000000000e+00 -5.815415111395770831e-01 -4.847529504207533368e-01 -6.214583153924855274e-01
-5.894714004377248351e-01 -5.012821195170475974e-01 -3.997304126062656282e-01 -5.466372091486372264e-01
-5.157548628923609435e-01 -4.284581674721437139e-01 -3.064690320546525903e-01 -4.723305508110188788e-01
-4.195769691210731178e-01 -4.999999999998587796e+00 -2.155183503248045418e-01 -3.921001127644870854e-01
-3.319191130048884109e-01 -3.973420458662024757e-01 -1.154796730216938738e-01 -3.029994884911035302e-01
-2.159179173529944817e-01 -4.999997342794999966e+00 -1.125055630053472568e-02 -2.038221360468424892e-01
-1.154735307988627169e-01 9.481237539896825162e-02 9.466431394873434102e-02 -1.092721912531758738e-01
-1.037437826196058524e-02 2.052718243479159099e-01 2.051423117650674199e-01 -9.757840893769187396e-03
9.499310251996363752e-02 3.213265547968578439e-01 3.213274634202919477e-01 9.488824014726787714e-02
2.052395387453369302e-01 4.435026108956332536e-01 3.213274636787835092e-01 2.052610978337838232e-01
-6.901672579143801611e-01 -5.000000000000000000e+00 -6.423742970385721840e-01 -7.701314754999635248e-01
-7.068004793387798745e-01 -5.890947749301327363e-01 -6.026591241051839631e-01 -5.000000000000000000e+00
-6.471213997385549810e-01 -5.126810197827768034e-01 -5.018524388419599580e-01 -6.068802898131218093e-01
-5.927079793624501214e-01 -4.217425475773024512e-01 -4.243642634762757604e-01 -4.901008427588501859e-01
-5.009851126149376110e-01 -3.393979010894108139e-01 -4.999999999998587796e+00 -4.611627801553163097e-01
0.000000000000000000e+00 0.000000000000000000e+00 0.000000000000000000e+00 0.000000000000000000e+00
-4.998906500000000364e+00 -1.223990474815601637e-01 -4.959500000000000242e+00 -3.699917693306062905e-01
0.000000000000000000e+00 0.000000000000000000e+00 0.000000000000000000e+00 0.000000000000000000e+00
-4.999999999418869301e+00 1.988730993633294752e-01 2.051741090102741083e-01 -1.379808171640768862e-02
9.394294894820211239e-02 3.213410438235205224e-01 3.213325021306335794e-01 9.500454448965406362e-02
2.052546026448006100e-01 4.435119927816761343e-01 4.435025134105108902e-01 2.052607265971974349e-01
3.213272395855456542e-01 5.721155268865533161e-01 4.435025957448506806e-01 3.213270020818885797e-01
0.000000000000000000e+00 0.000000000000000000e+00 0.000000000000000000e+00 0.000000000000000000e+00
-4.999999999999961808e+00 -5.161771713022361707e-01 -5.269833739650093829e-01 -6.449458850472853388e-01
-5.633806454077439074e-01 -4.311634270988147777e-01 -4.407530011092224420e-01 -5.950126436425011711e-01
-5.231240541232535790e-01 -3.378344271152634581e-01 -3.711960839000281176e-01 -5.037402609582044555e-01
-4.222219148011084333e-01 -2.513454379935088356e-01 -2.727394971910083177e-01 -4.330028408682500274e-01
-4.329040768691679308e-01 -9.514588038509899648e-02 -3.027521390456324735e-01 -4.998906500000000364e+00
-3.525081132754757096e-01 -2.957889251631831695e-03 9.003427691753564110e-02 -3.664111318228133740e-01
-4.969956214948109685e-02 1.148896937258153117e-01 2.036183854944069171e-01 -4.998906500000000364e+00
-1.744644426732434514e-02 3.186176967523409731e-01 3.206324424958276187e-01 9.342952462748112252e-02
2.025754805883222265e-01 4.432063212914619243e-01 4.435178285446392255e-01 2.046461388833717143e-01
3.202448179543115891e-01 5.721249081921837565e-01 5.721158803718222607e-01 3.213327309588197012e-01
4.435163165464427459e-01 7.074995754222587196e-01 5.721079460881759449e-01 4.434995588678673495e-01
-4.314635052670581228e-01 -3.863676414565607176e-01 -4.765253680531505998e-01 -4.999999760851549624e+00
-4.602669522885844966e-01 -4.832897414896869526e-01 -4.865341348869750560e-01 -5.656899945557315457e-01
-5.129968869363550343e-01 -4.739880934083050557e-01 -3.481581172402950508e-01 -5.165336060853915612e-01
-4.490518344131880224e-01 -2.106799449175604799e-01 -2.501871128222135088e-01 -4.216563784003851678e-01
-3.425838613570220126e-01 -1.685876822163794586e-01 -9.216981231642377981e-02 -3.457284204238265657e-01
-2.505431589240573187e-01 -5.653403611807233942e-02 4.001971275629871705e-02 -3.373936743295562479e-01
-8.071812964092926757e-02 1.126761977263918413e-01 1.857389386555749478e-01 -6.026032130765056338e-02
6.189603248158311033e-02 3.200810476886392641e-01 3.132323912239489694e-01 6.444928497437103776e-02
1.997068074603502719e-01 4.432575687026126809e-01 3.410456066355854743e-01 2.043210872068075834e-01
3.196122636144034801e-01 5.719517219623699855e-01 5.694944782493044366e-01 3.208596155579362952e-01
4.414361024777282982e-01 7.074999923823090953e-01 7.066882322709689968e-01 4.435012030008849138e-01
5.721249266648376075e-01 8.499998361065658203e-01 7.074993558601041510e-01 5.721158200732979759e-01
-4.855697916249824275e-01 -4.164158058093164749e-01 -4.461111856115960173e-01 -4.369516930481359696e-01
-4.671439306081722198e-01 -4.083660237600639231e-01 -4.202460247058125709e-01 -4.761423205094720279e-01
-4.457922204437197444e-01 -4.406097397019579365e-01 -3.005577231764275381e-01 -4.179103037140904919e-01
-4.205189065658030967e-01 -5.928270458994023412e-02 -1.733850828859337945e-01 -3.129117505616416106e-01
-2.087394462749248003e-01 4.874538372670733644e-02 -2.710372467985293354e-02 -2.806484646860150090e-01
-1.329982710478057883e-01 2.041435057547087706e-01 6.826660152296046280e-02 -8.862148965973370984e-02
8.046446085820783967e-02 2.346040656338249653e-01 3.079271084157251259e-01 1.852446037510781240e-02
1.786389803426387535e-01 4.432889194479920913e-01 4.432339458140827637e-01 1.935654783896166298e-01
3.196303299066325931e-01 5.720372641079702891e-01 5.721218626995308032e-01 2.805049642030909007e-01
4.408618430672615052e-01 7.074971223057481273e-01 7.074993403503186951e-01 4.430888514636632247e-01
5.721087504720887562e-01 8.499999985237439715e-01 8.499945714174564904e-01 5.720709936617200952e-01
7.061979493689308773e-01 9.999999956953279368e-01 8.477207378613236255e-01 6.986348724280682099e-01
-4.816226987984926766e-01 -4.719594701957806060e-01 -4.749353803750289149e-01 -4.847794335733138782e-01
-5.201244872638142169e-01 -4.073299731934666434e-01 -1.866357317571290531e-01 -4.459293071003400666e-01
-3.138369749367425077e-01 -2.390824139305983975e-01 -6.329125153320123987e-02 -4.153359908337269091e-01
-2.164805571302167719e-01 -1.315100706567212119e-01 7.959882482728333764e-02 -2.373692506513259692e-01
-1.896245254571292671e-01 -1.084513506701701574e-02 2.034946572517345453e-01 -7.309318172595781482e-02
8.381717526539947394e-02 1.112749832530059158e-01 3.211582418199346312e-01 8.015506541783729011e-02
1.453507177943526574e-01 3.125765559076475464e-01 4.435040549151720857e-01 -5.958105641935201868e-02
3.200504691664816659e-01 4.433368328667720570e-01 5.721246236264591056e-01 3.200979330482751073e-01
4.435006841401215594e-01 5.721247016468272717e-01 7.074999296068962273e-01 4.434313618632800824e-01
5.721243402611773110e-01 7.074949169994129150e-01 8.499999835114220303e-01 5.719942054887626748e-01
7.074918203096455249e-01 8.499808087507126908e-01 9.999999999651321136e-01 7.074268183577057112e-01
0.000000000000000000e+00 0.000000000000000000e+00 0.000000000000000000e+00 0.000000000000000000e+00
