-2.009491263095263547e-01 -2.093232445600299585e-01 -1.062493857228254540e-01 -2.009461356579098079e-01
-2.009529292822822832e-01 -5.000000000000000000e+00 -6.577007773240818762e-03 -1.062948931546765230e-01
-1.067364141636798769e-01 9.834373492656905968e-02 -1.063639929943820117e-01 -7.534463001538056932e-03
-6.637360116741210583e-03 -4.999999999984309440e+00 -1.088890846720092231e-01 -1.121484357067791537e-01
-2.274746931734867861e-01 -1.094640487921170330e-01 -5.000000000000000000e+00 -2.009754360188683031e-01
0.000000000000000000e+00 0.000000000000000000e+00 0.000000000000000000e+00 0.000000000000000000e+00
-4.865000000000000213e+00 4.494486974949998825e-01 -4.999901584999999926e+00 -7.506687726261266139e-03
0.000000000000000000e+00 0.000000000000000000e+00 0.000000000000000000e+00 0.000000000000000000e+00
-1.311150184001482200e-01 -4.999999999999576339e+00 -9.329558164061391157e-03 -2.122991769610142465e-01
-1.818662570535944656e-01 4.785392709999999328e-01 -1.886605349999999903e-01 -4.998906500000000364e+00
2.784613929999996129e-02 6.869379999999999376e-01 -4.865000000000000213e+00 -2.751241563174999794e-01
0.000000000000000000e+00 0.000000000000000000e+00 0.000000000000000000e+00 0.000000000000000000e+00
0.000000000000000000e+00 0.000000000000000000e+00 0.000000000000000000e+00 0.000000000000000000e+00
-4.987849999999999895e+00 -1.578149999999999831e-01 7.288329999999999531e-01 1.830178297149999689e-01
4.583728449999999732e-01 5.141499999999999959e-01 9.729999999999999760e-01 2.454633999999999427e-01
0.000000000000000000e+00 0.000000000000000000e+00 0.000000000000000000e+00 0.000000000000000000e+00
