-3.437293151810371317e+00 -3.594976850704960647e+00 -2.894638610751352203e+00 -3.482204412309731545e+00
-3.311394758000727467e+00 -3.306707208038511148e+00 -2.629472684944095473e+00 -2.975087170278404081e+00
-2.955423734032730732e+00 -3.105836992765784732e+00 -2.516235342818657017e+00 -2.723854264513136947e+00
-2.798613748256465250e+00 -2.655667648836591788e+00 -2.369642056257319052e+00 -2.626693980690491426e+00
-2.673585545750273074e+00 -2.615934771616372334e+00 -2.141753110384914116e+00 -2.454823257719893626e+00
-2.499485359432163545e+00 -2.321758254012906697e+00 -1.899323204695375411e+00 -2.194857997366944424e+00
-2.290561006554203249e+00 -2.054163344005563996e+00 -1.682770834208547450e+00 -2.064594993791255106e+00
-2.067840238158928035e+00 -1.537902646057324407e+00 -1.887443041838291258e+00 -1.857190386371932789e+00
-3.605786612756823661e+00 -3.598239611528507353e+00 -3.474227763540333580e+00 -3.565495606274887930e+00
-3.611931773997548056e+00 -3.563045044830270847e+00 -3.092952979278011050e+00 -3.245434018996625092e+00
-3.450552852787251101e+00 -3.625765318239666080e+00 -3.209895076249877022e+00 -2.861429411462572681e+00
-3.238729356902505963e+00 -4.999999960198982407e+00 -2.489601486413335785e+00 -2.867938337932769421e+00
-3.472051352767000942e+00 -3.066152375227311655e+00 -2.276100309264380339e+00 -2.515481100903835809e+00
-2.656991766180019976e+00 -3.186918201221226266e+00 -1.978027758343338105e+00 -2.464895240431456358e+00
-2.473659834071906261e+00 -2.056104983428576283e+00 -1.705870196869694100e+00 -2.163448472643250575e+00
-2.087110187746568979e+00 -1.493674894729668079e+00 -1.671227739769228782e+00 -1.996351803184628571e+00
-3.543204234182131263e+00 -3.429807561180563624e+00 -3.564437736456126160e+00 -3.602677598074611520e+00
-3.539341828142617441e+00 -3.545730651890184326e+00 -3.599911148556079965e+00 -3.388009625630800326e+00
-3.501709635412570076e+00 -3.491908465831180752e+00 -4.999983853769911057e+00 -3.305135374708140006e+00
0.000000000000000000e+00 0.000000000000000000e+00 0.000000000000000000e+00 0.000000000000000000e+00
-4.996132229949273196e+00 -2.622920274342879665e+00 -2.956198093962302487e+00 -2.876408503732717392e+00
-2.986993347145280087e+00 -4.999283294401016597e+00 -2.123542815990003163e+00 -2.722335696138594052e+00
-2.832799653250718031e+00 -2.435995556518513183e+00 -1.476553043089192885e+00 -2.242184041479736933e+00
-2.066659029428604910e+00 -1.122593769251791107e+00 -1.532414308529615132e+00 -1.626166134614449366e+00
-3.441441195149988364e+00 -3.323989915004057494e+00 -3.525498473613996708e+00 -3.544421693758119218e+00
-3.471927643486507620e+00 -3.551975999330851508e+00 -3.508334852540015092e+00 -3.522334807713561666e+00
-3.499877748729603333e+00 -3.614405887693437958e+00 -3.496907787101515730e+00 -3.496717155953886547e+00
-2.942878236237256750e+00 -4.874842224750338460e+00 -2.210388027947561174e+00 -4.860935805278153943e+00
-2.757713870453314620e+00 -2.315450267729495248e+00 -4.898622202047773655e+00 -3.075411914573167316e+00
0.000000000000000000e+00 0.000000000000000000e+00 0.000000000000000000e+00 0.000000000000000000e+00
-4.999836040747607235e+00 -1.872535033942411165e+00 -1.140427763016070184e+00 -2.141778611577517477e+00
-1.757618555273995797e+00 -8.658679499406239932e-01 -1.397020115659993289e+00 -1.459238334865446740e+00
-3.341934087568392719e+00 -2.972315699390594812e+00 -3.836630437098981883e+00 -3.472732003484343188e+00
-3.332415366777444543e+00 -4.999354964960915026e+00 -3.568893437113678235e+00 -3.419552534344968198e+00
-3.322211985986372795e+00 -4.940137424087190254e+00 -4.828315808985374602e+00 -3.265055866549137153e+00
0.000000000000000000e+00 0.000000000000000000e+00 0.000000000000000000e+00 0.000000000000000000e+00
-4.908759981842996112e+00 -1.706092322888083768e+00 -1.867054415413298196e+00 -2.191530458004209869e+00
-1.900916234662379356e+00 -1.460859419485881716e+00 -1.750056586782329227e+00 -4.828315808985374602e+00
-1.773554118513992695e+00 -4.995702477721414958e+00 -1.128734604549826548e+00 -1.896557806042131089e+00
-1.557939271823237659e+00 -4.893502709423532271e-01 -1.164436218587759919e+00 -1.415861331961568936e+00
-2.732150109277790673e+00 -2.286649651488913193e+00 -4.998150057574823890e+00 -2.992486954060000759e+00
0.000000000000000000e+00 0.000000000000000000e+00 0.000000000000000000e+00 0.000000000000000000e+00
0.000000000000000000e+00 0.000000000000000000e+00 0.000000000000000000e+00 0.000000000000000000e+00
-3.430947019550000032e+00 -1.198339001259276282e+00 -1.409109515265551504e+00 -3.856160377251949711e+00
-1.926723592786964367e+00 -4.507614548908194685e+00 -1.149433277678918452e+00 -1.894863976275084294e+00
-1.522466546439301460e+00 -9.292708436657459714e-01 -4.392116727047153724e+00 -1.389275451154541985e+00
0.000000000000000000e+00 0.000000000000000000e+00 0.000000000000000000e+00 0.000000000000000000e+00
-4.999999999193010858e+00 1.530024570068579948e-01 -9.785341695298115372e-01 -9.490444790653911333e-01
-2.430295478889804350e+00 -2.006750605756269401e+00 -4.976808011567059431e+00 -3.113678276282414004e+00
0.000000000000000000e+00 0.000000000000000000e+00 0.000000000000000000e+00 0.000000000000000000e+00
-3.430947019550000032e+00 -1.358885887942786974e+00 -1.574695152261324615e+00 -2.608515500000000209e+00
-1.314131363840748357e+00 -2.047550000000000203e+00 -3.729067085835499729e+00 -1.476600726798949825e+00
0.000000000000000000e+00 0.000000000000000000e+00 0.000000000000000000e+00 0.000000000000000000e+00
-3.062897555000000160e+00 -7.118772253642413617e-02 -3.430947019550000032e+00 -2.992403060762692246e-01
0.000000000000000000e+00 0.000000000000000000e+00 0.000000000000000000e+00 0.000000000000000000e+00
-4.999988229398264927e+00 9.999999999999995559e-01 -3.650020768268327775e-02 -1.349923228854468915e+00
-2.183422721741842487e+00 -2.204415150167720494e+00 -2.550105809435362136e+00 -2.195895039246914315e+00
-1.778046379807500799e+00 -1.946298246908845675e+00 -1.977662375214473078e+00 -4.788044208623919218e+00
-1.735099372126297501e+00 -1.914879061330864385e+00 -4.507614548908194685e+00 -1.470631751622657468e+00
0.000000000000000000e+00 0.000000000000000000e+00 0.000000000000000000e+00 0.000000000000000000e+00
-1.719500000000000028e+00 -1.040500000000000036e-01 -3.933208938841050578e-02 -5.000000000000000000e-01
-1.868628644062625965e-01 -1.769945436660735338e-01 1.526977000025966091e-01 -2.419958802997874414e-01
-3.461267794323143188e-02 -2.332782999999999940e-01 8.649148282327008275e-01 -2.342795000000000183e+00
0.000000000000000000e+00 0.000000000000000000e+00 0.000000000000000000e+00 0.000000000000000000e+00
