1.414597310711002143e-01 2.594121820436066095e-01 2.533066722614134569e-01 1.426845380335809710e-01
1.308323502606619504e-01 -5.000000000000000000e+00 3.792149498592484180e-01 2.531425690768015491e-01
2.252235098047413453e-01 5.157076204927892871e-01 1.888282138936610843e-01 3.382238653452547261e-01
3.637759907748422950e-01 -4.999999993542991739e+00 1.794085106109531980e-01 1.886587171507215499e-01
2.574797952726980421e-01 3.812460561199271236e-01 -5.000000000000000000e+00 1.221200083504632855e-01
0.000000000000000000e+00 0.000000000000000000e+00 0.000000000000000000e+00 0.000000000000000000e+00
-4.999997342794999966e+00 6.654478103202611239e-01 -4.999997342794999966e+00 3.870892588538046297e-01
0.000000000000000000e+00 0.000000000000000000e+00 0.000000000000000000e+00 0.000000000000000000e+00
3.814759590327969629e-01 -4.999999999999872990e+00 5.073827175993661509e-01 2.552011702462145815e-01
3.790658651130959789e-01 6.184117464716422097e-01 6.399298959445000046e-01 -4.996355000000000324e+00
4.822004107705225029e-01 8.134381254999999422e-01 -4.996355000000000324e+00 5.121639295947071346e-01
0.000000000000000000e+00 0.000000000000000000e+00 0.000000000000000000e+00 0.000000000000000000e+00
0.000000000000000000e+00 0.000000000000000000e+00 0.000000000000000000e+00 0.000000000000000000e+00
-4.999671949999999754e+00 -6.999999999999999278e-02 8.043161349999999876e-01 4.427501949554845662e-01
6.229904495500000472e-01 7.731849999999999001e-01 9.729999999999999760e-01 6.369174286299998933e-01
0.000000000000000000e+00 0.000000000000000000e+00 0.000000000000000000e+00 0.000000000000000000e+00
