-2.957520762907490663e+00 -3.123591871514026952e+00 -2.948529906110128440e+00 -2.973715718847127931e+00
-2.979658584237207641e+00 -3.056430840616528588e+00 -2.877281069754256126e+00 -2.902576532947794163e+00
-2.927933255680102764e+00 -2.810618138885178308e+00 -2.804428803517970969e+00 -2.821046954554716546e+00
-2.821935830728599992e+00 -2.733325491343263636e+00 -2.731164442183304342e+00 -2.754530144429228500e+00
-2.678069617183451268e+00 -2.656759859860776452e+00 -2.674197368169631606e+00 -2.685795687909795060e+00
-2.455775017360712908e+00 -2.461081334207481319e+00 -4.999619113259770486e+00 -2.498556377954438190e+00
0.000000000000000000e+00 0.000000000000000000e+00 0.000000000000000000e+00 0.000000000000000000e+00
-4.845484228086837319e+00 -2.157845048305765623e+00 -2.140368798866484568e+00 -2.145913347427173434e+00
-2.294773852604294895e+00 -2.171227107249927624e+00 -2.169225443746881421e+00 -2.172824471181341366e+00
-2.146017753658887361e+00 -2.146885978060260936e+00 -2.138204142535262253e+00 -2.141419046275450988e+00
-2.095710676679600315e+00 -2.093051807496380867e+00 -2.084176394273058452e+00 -2.097306172621784537e+00
-2.047729876280398376e+00 -2.027781423058478527e+00 -2.021132978766166932e+00 -2.036084010075547734e+00
-1.978781798051145069e+00 -1.955192615896168107e+00 -1.956378091232618299e+00 -1.964452269733738321e+00
-1.903213962014523641e+00 -1.900025750137658953e+00 -1.902577035958168405e+00 -1.912786587477026901e+00
-1.855457328949533746e+00 -1.857356616369916225e+00 -1.852142487796688997e+00 -1.858326430073129698e+00
-1.822136299429689021e+00 -1.807665135338213380e+00 -1.812817583259831888e+00 -1.813704828696894866e+00
-1.789860526254149597e+00 -1.773641943965569734e+00 -1.773257498244891650e+00 -1.779522496371576556e+00
-1.744141448553303775e+00 -1.745794609994265834e+00 -1.748827620171871766e+00 -1.749762372279940692e+00
-1.728083646917291105e+00 -1.724762021312286731e+00 -1.722991328628665997e+00 -1.719090221313832600e+00
-1.718877587664819462e+00 -1.706856545982232687e+00 -1.718804131162501303e+00 -1.714090129016591524e+00
-2.940721357838565808e+00 -4.999998036995362050e+00 -2.853221877631723746e+00 -2.893474230586809082e+00
-2.883925350433490742e+00 -4.999999999878875556e+00 -2.744088073936866934e+00 -2.825361566596268137e+00
-2.788669938992677011e+00 -2.905898754532211914e+00 -2.722625549122259958e+00 -2.770816355209590576e+00
-2.756038945397857987e+00 -2.649339993071865962e+00 -2.650356386576170120e+00 -2.752226182880097571e+00
-2.658498098661044473e+00 -2.576640947981941654e+00 -2.586361967494255953e+00 -2.643711450388270379e+00
-2.513471905751388569e+00 -2.502062692944114985e+00 -2.513523448105651426e+00 -2.630926317656418600e+00
-2.265129349699825045e+00 -2.251538530213248457e+00 -2.250822923140356924e+00 -4.991913453650385080e+00
-2.240663383650073115e+00 -2.249960454076181726e+00 -2.240673156834163127e+00 -2.421719555177808569e+00
-2.205585843010963831e+00 -2.209593697265354706e+00 -2.205144818603439028e+00 -2.204049316803474046e+00
-2.176298563797360863e+00 -2.182345960956566078e+00 -2.176102873869873999e+00 -2.177453914048193440e+00
-2.117381608079401456e+00 -2.280204320569967802e+00 -2.173174304781355204e+00 -2.121482634044223214e+00
-1.942059422928440915e+00 -4.887358002275304258e+00 -1.919017484305219234e+00 -1.916966630061239574e+00
-1.913372055349905398e+00 -1.918209167226418987e+00 -1.915981075426464120e+00 -1.911920203650306904e+00
-1.883722274710944333e+00 -1.966041073660047100e+00 -1.877749435952849488e+00 -1.874577551275866671e+00
-1.827928852449967279e+00 -1.827719031063318234e+00 -1.833772788335233717e+00 -1.831769292056844023e+00
-1.797062936790936982e+00 -1.789769219362329578e+00 -1.786870686284411258e+00 -1.797489746663329502e+00
-1.767238714000787914e+00 -1.778223920848491790e+00 -1.762159771240132677e+00 -1.770849850773322576e+00
-1.726092128534439052e+00 -1.730514373624571167e+00 -1.726944009999111351e+00 -1.739268661440644070e+00
-1.705500083634964081e+00 -1.704115445053728806e+00 -1.705800775417482873e+00 -1.705985012031360215e+00
-1.691854353801340416e+00 -1.695174283431701401e+00 -1.697370822782460431e+00 -1.698887013887649955e+00
0.000000000000000000e+00 0.000000000000000000e+00 0.000000000000000000e+00 0.000000000000000000e+00
0.000000000000000000e+00 0.000000000000000000e+00 0.000000000000000000e+00 0.000000000000000000e+00
-4.999980066382605948e+00 -2.624680014031345099e+00 -2.632687977389395861e+00 -2.657519933882928509e+00
-2.607744121670575677e+00 -2.576824946605170030e+00 -2.576808477939252828e+00 -2.659736320907087226e+00
-2.558265046310949309e+00 -2.503307261956834395e+00 -2.503053625805994553e+00 -2.535248546518769075e+00
-2.497408501632428557e+00 -2.430648959168189460e+00 -2.427318224451357587e+00 -2.493263468516806469e+00
-2.388479585031674901e+00 -2.354737431861567920e+00 -2.348373165297987342e+00 -2.352271445633032698e+00
-2.307485976085730250e+00 -2.270225247643475441e+00 -2.282171112678162750e+00 -2.283913401656116005e+00
-2.234323554788865795e+00 -2.221346738893053896e+00 -2.228473753722284734e+00 -2.229371975090743252e+00
-2.199021515046836850e+00 -2.206691856400777585e+00 -2.313935974476653001e+00 -2.203922783351042192e+00
-2.015664762183029701e+00 -2.011380237096623613e+00 -4.788044208623919218e+00 -2.025427246319486230e+00
0.000000000000000000e+00 0.000000000000000000e+00 0.000000000000000000e+00 0.000000000000000000e+00
-4.249526823515004104e+00 -2.088964725420729085e+00 -2.110513351324812881e+00 -1.916204542302899272e+00
-1.824811844064103017e+00 -4.709251314984799208e+00 -1.801882150515248249e+00 -1.833404593532748095e+00
-1.793426713735784217e+00 -1.873579671102186817e+00 -1.789019315166268997e+00 -1.784726144322474894e+00
-1.761998844471888148e+00 -1.759373444541602050e+00 -1.762209681653185145e+00 -1.769170858691506032e+00
-1.744999173632574507e+00 -2.201525438822051761e+00 -1.737078176772093974e+00 -1.736411069304959254e+00
-1.704993272207455446e+00 -1.708356944932308830e+00 -1.707256453539454988e+00 -1.707104844783970066e+00
-1.681195347273972684e+00 -1.675553271337274275e+00 -1.681031845055110940e+00 -1.674745597013805432e+00
-1.667726025422845870e+00 -1.669103435662037560e+00 -1.667647394737369559e+00 -1.673679058177957257e+00
-2.412397450373448216e+00 -2.419150559007706036e+00 -2.401339906524230461e+00 -4.845484228086837319e+00
-2.604055850035952080e+00 -2.423067701211467639e+00 -2.438040382889033353e+00 -4.971367915514887770e+00
-2.572973161734339431e+00 -2.555324763896941409e+00 -2.556462508848999171e+00 -2.634970020522013456e+00
-2.537456621477528707e+00 -2.506560049138807589e+00 -2.504553470614224508e+00 -2.523288436278739333e+00
-2.449668370279734830e+00 -2.431563652441774082e+00 -2.434856657139049307e+00 -2.442923975009994919e+00
-2.387574336591993696e+00 -2.355262829209347597e+00 -2.359979637442909617e+00 -2.396752608240230398e+00
-2.301502532965559844e+00 -2.270139682184904029e+00 -2.282082069568220906e+00 -2.340694694777926355e+00
-2.275390193759482926e+00 -2.181301111455672181e+00 -2.219223823075163970e+00 -2.252279412798260161e+00
-2.210961684317803044e+00 -2.327771689523150833e+00 -2.392587906805421216e+00 -2.210162094656190845e+00
-1.917510689335414353e+00 -4.898622202047773655e+00 -1.928004639939138398e+00 -1.929393671112164199e+00
-2.105344281449433197e+00 -2.174119060924584179e+00 -2.062591250885693395e+00 -2.027937162657568404e+00
-1.869079358252742074e+00 -3.430947019550000032e+00 -2.043304559497445716e+00 -4.166140915016670832e+00
-1.733931108354448858e+00 -1.770121155641997568e+00 -4.452905054342438440e+00 -1.747452767212824831e+00
0.000000000000000000e+00 0.000000000000000000e+00 0.000000000000000000e+00 0.000000000000000000e+00
-4.676945905538666182e+00 -1.616435766116136374e+00 -1.627373354147577444e+00 -1.630627641048096654e+00
-1.797629401053453257e+00 -1.833897834340451949e+00 -1.716102826200411435e+00 -1.720202366904169722e+00
-1.686479624861968230e+00 -4.641051006154073733e+00 -1.683132431980258303e+00 -1.694971930387867864e+00
-1.677052027061139761e+00 -1.799147152332420063e+00 -1.672991253812030621e+00 -1.682523291868407211e+00
-1.637751829395525549e+00 -1.630752375000208865e+00 -1.638140211834224091e+00 -1.630587925500522228e+00
-1.633108554333255524e+00 -1.629107255736680804e+00 -1.627563908726872732e+00 -1.636805426457251356e+00
-2.427944219744470278e+00 -2.420308965785869404e+00 -2.424479975511673935e+00 -2.416724594354118238e+00
-2.437919796624830049e+00 -2.436853044938501966e+00 -2.449427379053351395e+00 -2.441116867182632433e+00
-2.486592253248383955e+00 -2.484824777309787791e+00 -2.486701323143757136e+00 -2.510309160171094955e+00
-2.444914289725416801e+00 -2.435910429097196683e+00 -2.433020257294820077e+00 -2.466946767203358704e+00
-2.395436578989882825e+00 -2.359896161292883487e+00 -2.351475367334791233e+00 -2.396851974805218610e+00
-2.324259424938399654e+00 -2.281438001694037432e+00 -2.267238943098688786e+00 -2.348403375748188804e+00
-2.286877363859887602e+00 -2.180506102542820734e+00 -2.194397009570443924e+00 -2.288022738522742294e+00
-2.198692474926906559e+00 -2.097133707469378550e+00 -2.243940985939480992e+00 -2.164520317787889780e+00
-2.021640717025167788e+00 -1.995513346743762906e+00 -4.946123681678471051e+00 -2.037167187442549654e+00
0.000000000000000000e+00 0.000000000000000000e+00 0.000000000000000000e+00 0.000000000000000000e+00
-4.324574141163504137e+00 -1.724851352738007826e+00 -3.970544339526754563e+00 -1.736138821966081380e+00
0.000000000000000000e+00 0.000000000000000000e+00 0.000000000000000000e+00 0.000000000000000000e+00
-4.392116727047153724e+00 -1.565056740203926822e+00 -1.707181502747832758e+00 -1.578844155030239227e+00
-1.545788069715192004e+00 -1.494757271836212764e+00 -1.510692596994157810e+00 -4.452905054342438440e+00
-1.805410776418002516e+00 -1.537273039096954896e+00 -1.565344838503142766e+00 -1.706795458904952767e+00
-1.504634389307646813e+00 -1.498606097207497490e+00 -4.507614548908194685e+00 -1.513114818649648585e+00
0.000000000000000000e+00 0.000000000000000000e+00 0.000000000000000000e+00 0.000000000000000000e+00
-4.507614548908194685e+00 -1.509049210184002288e+00 -1.517658591011618707e+00 -1.528597353821778082e+00
-1.564821581870159406e+00 -1.561730119283428531e+00 -1.560898082598874081e+00 -1.567657727839253390e+00
-1.588854747780083621e+00 -1.583721026805405829e+00 -1.585962860477079905e+00 -1.584637934542538762e+00
-2.403660362317694865e+00 -2.395419081165041764e+00 -2.400227312006402602e+00 -2.395620586917079908e+00
-2.403437165052368485e+00 -2.403686439369164152e+00 -2.408972345184544395e+00 -2.402647657353056410e+00
-2.418797487209968455e+00 -2.419560603770638085e+00 -2.420132619617927361e+00 -2.437779706043154970e+00
-2.374253891260798000e+00 -2.367554222724062907e+00 -2.364205836476036993e+00 -2.397436674830253800e+00
-2.321746266877367848e+00 -2.298404048927007892e+00 -2.277296691503582160e+00 -2.349289844065411081e+00
-2.215635582084727773e+00 -2.229656497190813269e+00 -2.173769978380654333e+00 -2.306660875242146247e+00
-2.172328042152307237e+00 -2.153903636532710220e+00 -2.094667024837094882e+00 -2.233774444456608776e+00
-2.158921764280637312e+00 -2.104466931233205162e+00 -1.988365224757907557e+00 -2.168096471092251676e+00
-2.087318887850735383e+00 -1.887121740152121196e+00 -1.998868715451874278e+00 -2.050174737353148480e+00
-1.851484710820785473e+00 -1.810239153126226741e+00 -1.842504689666885298e+00 -4.908759981842996112e+00
-1.772093145860909713e+00 -1.757192200929717618e+00 -1.912294748850250414e+00 -1.812435343386213482e+00
-1.624842301291174351e+00 -1.602089616400179217e+00 -1.604872722666943474e+00 -4.738326183486319287e+00
-1.866867431924137399e+00 -1.566729447734698910e+00 -1.564577432010315405e+00 -1.567219571097003605e+00
-1.516904470726206933e+00 -1.511802572301608194e+00 -1.510805052108781688e+00 -1.796729502800363365e+00
-1.475322337539654027e+00 -1.452099113364446525e+00 -1.472906658209824693e+00 -1.513862683095627437e+00
-1.428007448654262657e+00 -1.415041232167896013e+00 -1.541148490640244839e+00 -1.479094812637510303e+00
-1.231516359023715923e+00 -1.230659415514546273e+00 -1.276359865388063231e+00 -4.641051006154073733e+00
-1.779306577346096985e+00 -1.464645239381463737e+00 -1.471533522311941455e+00 -1.478220553613263100e+00
-1.500341385916951209e+00 -1.455947433749219089e+00 -1.521360361521667981e+00 -1.531388342973306393e+00
-1.543695078793674957e+00 -1.812336222523668550e+00 -1.549391792761735998e+00 -1.552014772036221402e+00
-2.356564499415323422e+00 -2.357410476479592010e+00 -2.364511788017772176e+00 -2.378126977977449208e+00
-2.359474578230282837e+00 -2.358788359153158876e+00 -2.361709434654291950e+00 -2.373704510265101764e+00
-2.357261402244602788e+00 -2.355465467168704308e+00 -2.358163554480375623e+00 -2.368897725544000021e+00
-2.315602148416719963e+00 -2.308339306524406886e+00 -2.307425358245818625e+00 -2.324118124291032927e+00
-2.254637598289441325e+00 -2.247592503278343479e+00 -2.248142756891861271e+00 -2.257943601557012236e+00
-2.216450977612091311e+00 -2.183330950301799245e+00 -2.414382214393089754e+00 -2.196851790842409891e+00
-2.036692181643261712e+00 -4.976808011567059431e+00 -1.969736795974216248e+00 -1.967929792436579506e+00
-2.149114990324471730e+00 -2.191183839024612112e+00 -1.900950562737455662e+00 -1.997812122737025797e+00
-2.022256895211235417e+00 -1.880233045814247106e+00 -1.798253792892062108e+00 -1.977131519318653163e+00
-1.868333054517771208e+00 -1.699764203483591363e+00 -1.763895612679723834e+00 -1.874715418821851109e+00
-1.710868061367126769e+00 -1.660444410649102531e+00 -1.705399274224105088e+00 -1.732338368117654070e+00
-1.660697891269314219e+00 -1.592656198618794150e+00 -1.609505834280412939e+00 -1.770908003757559301e+00
-1.548582171834341548e+00 -1.529150341848325212e+00 -1.531867429158237703e+00 -1.531180240633241096e+00
-1.477033931802590461e+00 -1.447446831794343858e+00 -1.459435915018562513e+00 -1.459571644264074486e+00
-1.469736583117039697e+00 -1.311158987819284416e+00 -1.397685005229749144e+00 -1.406652975556729190e+00
-1.358393483855198536e+00 -1.314572308454702521e+00 -1.353897288544700706e+00 -1.368915217881600643e+00
-1.352173097179529604e+00 -1.348307159519557707e+00 -1.360335330526389663e+00 -1.691872484604581395e+00
-1.400361905963022346e+00 -1.399302942692068674e+00 -1.402417093896500599e+00 -1.416196038296080095e+00
-1.443058808336041388e+00 -1.351724352289700892e+00 -1.464186602581774022e+00 -1.446672210669676550e+00
-1.046702161233282524e+00 -4.452905054342438440e+00 -1.009175764424485422e+00 -1.085298132786225001e+00
-2.330451417716847828e+00 -2.325956585159103529e+00 -2.324121535724644971e+00 -2.334839201026735811e+00
-2.312270678240935684e+00 -2.313537924722862016e+00 -2.315636218279049530e+00 -2.314703573213028776e+00
-2.305752017631875983e+00 -2.293433578086308877e+00 -2.296226726647679239e+00 -2.314309918971388491e+00
-2.261887925488354600e+00 -2.253130997908767252e+00 -2.255299838334376528e+00 -2.253179855034240120e+00
-2.218688508744293131e+00 -2.199908538401370350e+00 -2.256572202816495398e+00 -2.198992788624514638e+00
-2.134164053117828974e+00 -2.115028567285913930e+00 -4.946123681678471051e+00 -2.136066617483565189e+00
0.000000000000000000e+00 0.000000000000000000e+00 0.000000000000000000e+00 0.000000000000000000e+00
-4.940137424087190254e+00 -1.803342791485094798e+00 -1.800972403321311255e+00 -1.831908699337281954e+00
-2.076911982592953620e+00 -1.782600020754432801e+00 -1.741973884159815578e+00 -1.824989170496320368e+00
-1.788569393002481744e+00 -1.580476897633066313e+00 -1.666825173496383039e+00 -1.802437061657967909e+00
-1.695624391277041232e+00 -1.610931869015184148e+00 -1.527257936467497190e+00 -1.690849686023313536e+00
-1.631483950561715801e+00 -1.398759697826446269e+00 -1.530631747614564553e+00 -1.595101070110667596e+00
-1.484029287839373046e+00 -1.463627880046666219e+00 -1.396382336706833316e+00 -1.524579508275748729e+00
-1.420794662528963581e+00 -1.386703021873988195e+00 -1.241214318955966567e+00 -1.440625065988142772e+00
-1.394943765606170727e+00 -1.086161632217322648e+00 -1.333470125431810205e+00 -1.373389653685399558e+00
-1.303512216827299675e+00 -1.177201427701242364e+00 -1.290093350715935117e+00 -1.285934220635212677e+00
-1.283823296674886594e+00 -1.267513462749044972e+00 -1.294866154796183055e+00 -1.294454366836216064e+00
-1.329613965559159894e+00 -1.326737096973714003e+00 -1.471752513151886488e+00 -1.331304489096956090e+00
-1.284200646533719681e+00 -1.287923522675560095e+00 -4.507614548908194685e+00 -1.291825683930664326e+00
0.000000000000000000e+00 0.000000000000000000e+00 0.000000000000000000e+00 0.000000000000000000e+00
-2.300637224580306839e+00 -2.477147012802831672e+00 -2.301009857896279875e+00 -2.307885530150013853e+00
-2.273577744583970883e+00 -2.276937329308435842e+00 -2.265246438288615494e+00 -2.263774425928466894e+00
-2.240934228638618020e+00 -2.233874194500706789e+00 -2.233646154838598630e+00 -2.246042467947253929e+00
-2.203511787171228420e+00 -2.189933985281582896e+00 -2.190427585305431801e+00 -2.212962876226887587e+00
-2.151428290586140601e+00 -2.127892191109053588e+00 -2.147193402611076607e+00 -2.163968065329433088e+00
-2.128492364764723810e+00 -2.010922267138065322e+00 -2.183625268651707252e+00 -2.271563399140076100e+00
-1.876864825146092652e+00 -1.895901908691021154e+00 -1.829266467893108761e+00 -4.926095585292826762e+00
-2.052323129671497881e+00 -1.764134487923660899e+00 -1.737341959378329026e+00 -1.764112205704416070e+00
-1.765229408693483881e+00 -1.716014770471790074e+00 -1.602125379391533766e+00 -1.737677488766855571e+00
-1.726149517525367383e+00 -1.600124342679625222e+00 -1.471056016541886002e+00 -1.724639886755808593e+00
-1.648739786021153009e+00 -1.506520404050217588e+00 -1.389263401921896346e+00 -1.635207544518255673e+00
-1.537912988996987362e+00 -1.348072432063113224e+00 -1.260714220229204541e+00 -1.528865407853675862e+00
-1.450355597793452800e+00 -1.293383683125787220e+00 -1.166311978533380866e+00 -1.509164492812574032e+00
-1.352157619094148222e+00 -1.063137357717401033e+00 -1.133960724293630262e+00 -1.391295306468483206e+00
-1.302313805630226806e+00 -9.608967883185224323e-01 -1.238619696240937929e+00 -1.311523306591720450e+00
-1.203359463412021935e+00 -1.033160765909161505e+00 -1.215173920268773688e+00 -1.272313881633742039e+00
-1.220335235775797944e+00 -1.138507523428068602e+00 -1.234956904575963854e+00 -1.229304849861987847e+00
-1.251593828606692771e+00 -1.243409441011754435e+00 -1.278492341691586986e+00 -1.284072805394145700e+00
-1.264092076077169891e+00 -1.258909788539782415e+00 -1.260107170661905140e+00 -1.411804156547466826e+00
-1.242717897699908036e+00 -1.200963513338611399e+00 -1.281232227436806204e+00 -3.970544339526754563e+00
-2.419829666309275318e+00 -4.860935805278153943e+00 -2.212308591968108473e+00 -2.226588058594425767e+00
-2.219349212282260897e+00 -2.385821399383806440e+00 -2.216414082296619625e+00 -2.219831636880672310e+00
-2.174517358651901766e+00 -2.175439265473448458e+00 -2.173076342047518761e+00 -2.197019328782506609e+00
-2.133467052093762195e+00 -2.133138898420913865e+00 -2.117469337916677574e+00 -2.135308070882050657e+00
-2.101884679232670639e+00 -2.084015897837621090e+00 -2.022883588403142863e+00 -2.111874114405965397e+00
-2.075986597178017590e+00 -2.053749272539649340e+00 -1.885589663911590108e+00 -2.074231512687186196e+00
-1.881242092155660961e+00 -1.939150684875612596e+00 -1.754810250035764296e+00 -2.316940065556497341e+00
-1.821503718339615885e+00 -1.770080304666701299e+00 -1.641288352979878962e+00 -1.872283224562130366e+00
-1.721875483204312607e+00 -1.680775325192623848e+00 -1.515271567140286546e+00 -1.692854624273186115e+00
-1.683403785477873837e+00 -1.631850352203294552e+00 -1.407051472923358526e+00 -1.629275091326528369e+00
-1.597386549190238147e+00 -1.548291703315754164e+00 -1.309641170598970561e+00 -1.545215833634244307e+00
-1.469774375709582248e+00 -1.492478253650500131e+00 -1.177142240312949673e+00 -1.460876955395837173e+00
-1.374778888026635393e+00 -1.290250067638782250e+00 -1.053819047010166710e+00 -1.386589326098508046e+00
-1.233163513519500709e+00 -1.047412860828568437e+00 -9.278617337869554671e-01 -1.248040059435848059e+00
-1.130887901243378790e+00 -8.363576608634625265e-01 -9.451363987011868195e-01 -1.100550579550472641e+00
-1.149655035101111222e+00 -7.908045199256902302e-01 -1.127932188306218553e+00 -1.192333097790104102e+00
-1.117228013315595625e+00 -9.768557548059739748e-01 -1.167989530098065387e+00 -1.152753571098780849e+00
-1.123797968406845316e+00 -1.179265850468927290e+00 -1.187554496621841871e+00 -1.199000156722786370e+00
-1.224279129274364886e+00 -1.268190478058155657e+00 -1.298475822923879752e+00 -1.240595474711078117e+00
-1.123053867537399997e+00 -4.073489905574079195e+00 -1.265768202155136191e+00 -1.350029216901466711e+00
0.000000000000000000e+00 0.000000000000000000e+00 0.000000000000000000e+00 0.000000000000000000e+00
-4.917883983658696501e+00 -2.086652874299123273e+00 -2.089133275081401120e+00 -2.089535840228253338e+00
-2.128811181647868533e+00 -2.126660203345781319e+00 -2.126114757553660972e+00 -2.132455669595108461e+00
-2.112943730775262541e+00 -2.109939403040346217e+00 -2.107974490435671200e+00 -2.106900560341198325e+00
-2.080635699257928017e+00 -2.084243507845613408e+00 -2.073849713925373983e+00 -2.073461938175292563e+00
-2.052523157835996592e+00 -2.293486074688585230e+00 -2.075515205927406015e+00 -2.041190140299506517e+00
-1.820360260418643739e+00 -4.898622202047773655e+00 -1.782199725104747001e+00 -1.788341295877508230e+00
-1.724939027815750592e+00 -2.236254263411526999e+00 -1.711589225850968177e+00 -1.736888728355576283e+00
-1.684647172592484088e+00 -1.634196760866484022e+00 -1.631856432207238639e+00 -1.673485694986054373e+00
-1.591235263914125619e+00 -1.586231064563563553e+00 -1.588667181621732594e+00 -1.566021756498190420e+00
-1.542454157576604867e+00 -1.694299793451419678e+00 -1.523498739516298661e+00 -1.542466873382442705e+00
-1.492806933627963906e+00 -1.721799695224697890e+00 -1.640215668468488985e+00 -1.374168696426277814e+00
-1.278377768366412148e+00 -4.601167784615637579e+00 -1.082560896308262910e+00 -1.286038635715512468e+00
-1.236387284148031673e+00 -1.589475138448876113e+00 -8.345041247566724607e-01 -1.203003804491438400e+00
-1.029592728093116305e+00 -7.323104746232936835e-01 -8.505584840771793775e-01 -9.831287187561738028e-01
-9.628166701950223727e-01 -6.201383477787441034e-01 -1.054852739175037746e+00 -1.048108944764304606e+00
-8.436656783856578690e-01 -1.057343866831129020e+00 -1.076579653405114412e+00 -1.076294842255472561e+00
-1.103078441946212518e+00 -1.196035912482924291e+00 -1.149671675099940060e+00 -1.132105836954636846e+00
-1.018633510706076883e+00 -3.256607799500000233e+00 -3.256607799500000233e+00 -1.002520400858424976e+00
0.000000000000000000e+00 0.000000000000000000e+00 0.000000000000000000e+00 0.000000000000000000e+00
-2.082162733284110612e+00 -2.079797304204038966e+00 -2.086496483957583248e+00 -4.788044208623919218e+00
-2.337194099516342050e+00 -2.116725109218893675e+00 -2.112006584865274927e+00 -2.307893633284249457e+00
-2.118674139569738379e+00 -2.121183209447534690e+00 -2.121514021284017559e+00 -2.123126178596968838e+00
-2.108864078147218546e+00 -2.150471382671005571e+00 -2.101392628363562665e+00 -2.104088484494281985e+00
-2.071475744157823318e+00 -2.071087279792334535e+00 -2.106667067880020117e+00 -2.077093701149437255e+00
-2.005110557432388418e+00 -2.089353778158188124e+00 -4.809239787761526941e+00 -1.998993420470822624e+00
0.000000000000000000e+00 0.000000000000000000e+00 0.000000000000000000e+00 0.000000000000000000e+00
-4.788044208623919218e+00 -1.570765563698245604e+00 -1.573259123491366651e+00 -1.566025569798979555e+00
-1.579832701957010199e+00 -1.572637779162682437e+00 -1.576227634234711905e+00 -1.575829796026267271e+00
-1.569021762438423506e+00 -1.855855213030678907e+00 -1.565039158317134582e+00 -1.561563384410004751e+00
-1.544237095162208417e+00 -4.556853094017375483e+00 -1.637973148982548643e+00 -1.533389307802566437e+00
-1.344879075901310284e+00 -1.431123502491855159e+00 -4.324574141163504137e+00 -1.347180437568264111e+00
0.000000000000000000e+00 0.000000000000000000e+00 0.000000000000000000e+00 0.000000000000000000e+00
-4.507614548908194685e+00 -1.019008788399645482e+00 -7.590175648288680632e-01 -1.025660647290827177e+00
-9.585390624328600229e-01 -5.812865544399907769e-01 -6.874129757999495327e-01 -8.781735757831603539e-01
-8.855338121158448095e-01 -5.348871952741657276e-01 -1.033903614641434654e+00 -9.380463421654019474e-01
-8.075142946208078154e-01 -9.980023624653399095e-01 -1.071705824906406201e+00 -1.010891088517348546e+00
-9.556212378430730681e-01 -3.430947019550000032e+00 -2.608515500000000209e+00 -9.546573884606995852e-01
0.000000000000000000e+00 0.000000000000000000e+00 0.000000000000000000e+00 0.000000000000000000e+00
-9.499999999999999556e-01 -6.267438414897207044e-02 -6.850000000000000533e-02 -1.354999999999999982e+00
-2.087424760972266036e+00 -2.070869204906668593e+00 -2.080444910820256066e+00 -2.089132082937391388e+00
-2.094876134034059589e+00 -2.096412323485208340e+00 -2.098902882417920779e+00 -2.090174141553934106e+00
-2.117684286610937328e+00 -2.276243865747299644e+00 -2.134633615642587579e+00 -2.119122126314660015e+00
-2.011454784199885548e+00 -4.933486026763544530e+00 -2.013886409607724470e+00 -2.003995468775764621e+00
-2.026093495033214342e+00 -2.250658241401990001e+00 -2.134097438619730891e+00 -2.032651198576635121e+00
-1.921004281927410684e+00 -4.507614548908194685e+00 -1.913265033149065708e+00 -1.911781875709293033e+00
-1.589295133652521619e+00 -1.571510323489434313e+00 -1.570505990421189990e+00 -4.392116727047153724e+00
-1.534067596605628303e+00 -1.533822359329184426e+00 -1.537813464439092614e+00 -1.757182700897572669e+00
-1.516994386521627769e+00 -1.511523564103269601e+00 -1.945774839021908287e+00 -1.520016545294620602e+00
-1.424689325857272371e+00 -1.661330328990834104e+00 -4.507614548908194685e+00 -1.435309130089102325e+00
0.000000000000000000e+00 0.000000000000000000e+00 0.000000000000000000e+00 0.000000000000000000e+00
-2.847663950000000277e+00 -3.430947019550000032e+00 -8.796090158174330043e-01 -1.054299743117788513e+00
-9.386324489845482288e-01 -3.856160377251949711e+00 -8.439619468203279906e-01 -9.499999999999999556e-01
-1.321463024451262624e+00 -1.296556407026611790e+00 -5.796144959199661661e-01 -1.195509050037013354e+00
-7.361167116253064524e-01 -5.203973193741422421e-01 -4.201468432866734548e-01 -7.846936660105838790e-01
-8.029846333726547991e-01 -3.296013151094548399e-01 -8.519614592039522760e-01 -7.565109900596873604e-01
-5.545659052540998779e-01 -1.222138904838630635e+00 -4.073489905574079195e+00 -8.560957412230874031e-01
0.000000000000000000e+00 0.000000000000000000e+00 0.000000000000000000e+00 0.000000000000000000e+00
-1.354999999999999982e+00 -8.594871168273512940e-02 -8.493254824250420776e-02 -1.354999999999999982e+00
-2.655557331925379461e-01 -1.196872916617678223e-01 -1.106504685635740504e-01 -1.917690662271247515e-01
-1.977177618864203179e+00 -4.676945905538666182e+00 -1.982257903201787297e+00 -1.988601171608090690e+00
-2.240159414542028937e+00 -2.329039389439301555e+00 -2.063217595941784666e+00 -2.068143464708725343e+00
-2.038254119076298387e+00 -2.029022462383342607e+00 -4.809239787761526941e+00 -2.044982720190746672e+00
0.000000000000000000e+00 0.000000000000000000e+00 0.000000000000000000e+00 0.000000000000000000e+00
-4.392116727047153724e+00 -1.441741311985124341e+00 -3.729067085835499729e+00 -1.523239355892278990e+00
0.000000000000000000e+00 0.000000000000000000e+00 0.000000000000000000e+00 0.000000000000000000e+00
-4.392116727047153724e+00 -1.512816505539580136e+00 -1.516077192859660139e+00 -1.536383243219149097e+00
-1.491723980813103756e+00 -1.487280648531072558e+00 -1.483616861255921737e+00 -1.495726504075411301e+00
-1.444741379910547519e+00 -1.432383990318135902e+00 -1.598049643367676964e+00 -1.436209473307724416e+00
-1.312032897760631700e+00 -1.310350983303820049e+00 -4.641051006154073733e+00 -1.324311770960683310e+00
0.000000000000000000e+00 0.000000000000000000e+00 0.000000000000000000e+00 0.000000000000000000e+00
0.000000000000000000e+00 0.000000000000000000e+00 0.000000000000000000e+00 0.000000000000000000e+00
0.000000000000000000e+00 0.000000000000000000e+00 0.000000000000000000e+00 0.000000000000000000e+00
-4.166140915016670832e+00 -8.421946828687879583e-01 -5.119207396603103755e-01 -8.287315896996105824e-01
-7.953233747591385017e-01 -5.497737361351808794e-01 -3.286047802632017234e-01 -6.730694749020843526e-01
-5.234645053160658090e-01 -2.617931308155076464e-01 -2.888537455812114074e-01 -4.984054560720521110e-01
-5.452715544992459140e-01 -7.988779376418685130e-02 -3.856160377251949711e+00 -8.297476846787936733e-01
0.000000000000000000e+00 0.000000000000000000e+00 0.000000000000000000e+00 0.000000000000000000e+00
-1.354999999999999982e+00 -1.085740574357332844e-01 -1.620241538484466226e-01 -1.651630893335237216e-01
-1.508958699514613977e-01 -1.416410544681833139e-01 -1.432034385332935922e-01 -1.437869178884575994e-01
0.000000000000000000e+00 0.000000000000000000e+00 0.000000000000000000e+00 0.000000000000000000e+00
-4.738326183486319287e+00 -2.118049070001917222e+00 -2.207154035666032854e+00 -2.050807482585051744e+00
-2.219009697595252018e+00 -1.939082064652396076e+00 -4.601167784615637579e+00 -2.008500564200309757e+00
0.000000000000000000e+00 0.000000000000000000e+00 0.000000000000000000e+00 0.000000000000000000e+00
-4.249526823515004104e+00 -1.595905387693253186e+00 -1.372735322621893461e+00 -1.393290972222296364e+00
-1.524232788417564155e+00 -1.295510600577232552e+00 -1.308018912453457361e+00 -3.587852317594999896e+00
-1.565790937310979958e+00 -4.073489905574079195e+00 -1.471851039114608239e+00 -1.474331347619480814e+00
-1.444440443597512669e+00 -1.497026379721203115e+00 -1.437433026745698728e+00 -1.438172884628016845e+00
-1.380975570376601125e+00 -1.367669590696797499e+00 -1.347522332400904022e+00 -1.375635715668999559e+00
-1.303725314300540061e+00 -1.299136605636087571e+00 -1.207550982147525875e+00 -1.311546039391831897e+00
-1.119260620326945732e+00 -1.116853151422105395e+00 -1.218576298228411847e+00 -4.249526823515004104e+00
-9.251035601776843587e-01 -9.328804307542677421e-01 -9.106134079758942956e-01 -3.970544339526754563e+00
-1.130874651456285740e+00 -9.148163984824970729e-01 -7.409563805535052117e-01 -3.587852317594999896e+00
-9.162136941066458817e-01 -8.742293567273885513e-01 -4.387055354566686827e-01 -1.100717614482360940e+00
-7.655041297972502434e-01 -3.970544339526754563e+00 -2.374915366517720838e-01 -6.031422118507916430e-01
-3.809167574521436506e-01 -3.100244972682272282e-01 -1.051478084103603799e-01 -3.751299269657103475e-01
-2.436268117317818283e-01 1.147492027374259066e-01 -1.182887082003119053e-02 -4.378550926754149475e-01
-2.241742739224351355e-01 -1.598565475349481568e-01 2.139920101188476087e-01 -3.970544339526754563e+00
-4.310914705807242231e-01 3.661871744361682723e-01 -1.589720220920576577e-01 -2.532201029509625889e-01
-1.447177052993859070e-01 2.108042211351935924e-01 -1.517207625543603999e-01 -1.437255116930676313e-01
-1.823219336309767069e+00 -1.715251050069118266e+00 -1.671194355804851872e+00 -3.856160377251949711e+00
-1.685539605349209324e+00 -4.507614548908194685e+00 -1.582320935374787130e+00 -1.965206168835036404e+00
-1.484669458369522133e+00 -1.476195409810440173e+00 -4.507614548908194685e+00 -1.496366396619388084e+00
0.000000000000000000e+00 0.000000000000000000e+00 0.000000000000000000e+00 0.000000000000000000e+00
-4.324574141163504137e+00 -1.254696700968099821e+00 -1.256503440374052483e+00 -1.257275438038772508e+00
-1.572186887573350011e+00 -1.271206012261093310e+00 -3.729067085835499729e+00 -1.278417290623064861e+00
0.000000000000000000e+00 0.000000000000000000e+00 0.000000000000000000e+00 0.000000000000000000e+00
-4.507614548908194685e+00 -1.198233271450439119e+00 -1.190701390615204636e+00 -1.218335311977173596e+00
-1.297737731887813162e+00 -1.298188467983531380e+00 -1.299919029987594010e+00 -1.300309331644480704e+00
-1.256071757576216363e+00 -1.253217358663231140e+00 -1.237222561257923292e+00 -1.248215682027148166e+00
-1.173597771848420290e+00 -1.194824813020063381e+00 -1.090717273231614604e+00 -1.351635283145937061e+00
-1.074404716423020156e+00 -1.149316882019894681e+00 -9.422964337236536814e-01 -1.315323821546778404e+00
-1.025349003442586948e+00 -9.714651821287852984e-01 -7.873798485524849955e-01 -1.103913238790629858e+00
-9.296505288929660660e-01 -1.108223309989943894e+00 -3.430947019550000032e+00 -6.062569836629485565e-01
0.000000000000000000e+00 0.000000000000000000e+00 0.000000000000000000e+00 0.000000000000000000e+00
-2.847663950000000277e+00 -3.256607799500000233e+00 8.848470324081110505e-02 -3.876008153250746213e-01
-2.551943412193733440e-01 -1.461167663724133869e-01 2.400347872441229713e-01 -9.734327383456199689e-02
2.449613129996185135e-02 2.434106313240196051e-01 3.630458841340642451e-01 2.532667633973961774e-02
1.209673060420748264e-01 4.825963019676232091e-01 3.222893251985542995e-01 1.576512031650827705e-01
-9.168285820360649874e-02 5.717321199279536970e-01 -1.873342687073979024e-02 -8.112194488198809506e-02
-1.572920854521419942e+00 -1.401285235002583063e+00 -4.324574141163504137e+00 -1.401293546745295382e+00
0.000000000000000000e+00 0.000000000000000000e+00 0.000000000000000000e+00 0.000000000000000000e+00
-3.970544339526754563e+00 -1.438646310083558477e+00 -1.520307014049245176e+00 -1.438996175092272178e+00
-1.282734206109873432e+00 -1.259429022701158418e+00 -1.262562223136874939e+00 -4.249526823515004104e+00
-1.534905824133894425e+00 -1.307938712671923520e+00 -1.310140628038163557e+00 -1.485714912230463369e+00
-1.288233133337387315e+00 -1.290358506270168792e+00 -1.353875288937032906e+00 -1.294252784677109247e+00
-1.233122671301898565e+00 -1.236573203314953684e+00 -1.225206789661282825e+00 -3.970544339526754563e+00
-1.218795111423423450e+00 -1.225068250192730579e+00 -1.229096650914646149e+00 -1.218255381874493226e+00
-1.234834119125251206e+00 -1.233826245158712087e+00 -1.237589921636449652e+00 -1.246717824294071297e+00
-1.211835073642327565e+00 -1.238977296019599272e+00 -1.198578388795791705e+00 -1.201861838084877787e+00
-1.161566009860564241e+00 -1.392278743245444650e+00 -1.116786352260839887e+00 -1.158309965393707230e+00
-1.048258171991710119e+00 -3.856160377251949711e+00 -1.040690836347015980e+00 -1.040710032274700714e+00
-9.868714430976462948e-01 -9.807781061149234425e-01 -1.089360291574972273e+00 -9.554562413638569840e-01
-9.013157942539569145e-01 -2.847663950000000277e+00 -2.342795000000000183e+00 -8.694408687431813831e-01
0.000000000000000000e+00 0.000000000000000000e+00 0.000000000000000000e+00 0.000000000000000000e+00
0.000000000000000000e+00 0.000000000000000000e+00 0.000000000000000000e+00 0.000000000000000000e+00
-3.729067085835499729e+00 -1.210000225860276279e-01 3.200914630528526317e-01 -1.680132692852906173e-01
-3.289767187084467470e-01 1.755632963893809517e-01 4.607502456928204149e-01 3.958188822374840432e-02
2.675602728936719021e-01 5.941601816010674275e-01 5.354013853521411015e-01 2.699891617447503500e-01
2.429301312865760898e-01 7.323943619780264314e-01 2.078542163187666048e-01 1.705184711564532996e-01
-1.392134918114100062e+00 -1.355115558494279782e+00 -1.535458492746441195e+00 -1.381476450702867176e+00
-1.341146993316782998e+00 -2.847663950000000277e+00 -1.332519737674016547e+00 -3.430947019550000032e+00
-1.546254997120990238e+00 -1.578677054132968882e+00 -1.373846857271434629e+00 -1.513790388972344303e+00
-1.325154226368657318e+00 -1.327366184089522783e+00 -1.331023218284007603e+00 -1.541666956987247428e+00
-1.306427702592091178e+00 -1.308144745343288617e+00 -1.308713830052473215e+00 -1.303984648376501632e+00
-1.277959026178985491e+00 -1.275363494087671468e+00 -1.278031832876298290e+00 -1.280034586277604580e+00
-1.253548229447441154e+00 -1.278155392664748868e+00 -1.256870788567598707e+00 -1.255801219466743834e+00
-1.232281558291437706e+00 -1.245034167934490510e+00 -1.226777836858491399e+00 -1.238382042012690087e+00
-1.227257316870348891e+00 -1.221821258960200440e+00 -1.395519691661851303e+00 -1.228220193939312033e+00
-1.061215531117229549e+00 -3.856160377251949711e+00 -1.324875391257082091e+00 -1.046514639336608044e+00
-9.768900337343637830e-01 -1.023830404660299953e+00 -4.249526823515004104e+00 -9.707522513055691915e-01
0.000000000000000000e+00 0.000000000000000000e+00 0.000000000000000000e+00 0.000000000000000000e+00
-3.062897555000000160e+00 -6.021019245756440430e-01 -2.847663950000000277e+00 -6.776745600618331311e-01
0.000000000000000000e+00 0.000000000000000000e+00 0.000000000000000000e+00 0.000000000000000000e+00
-2.047550000000000203e+00 -1.111685185019008482e-01 -9.176230100851544280e-02 -9.499999999999999556e-01
-2.093177716283661782e-01 -1.546909649465525449e-01 -1.356280944155806578e-01 -2.047550000000000203e+00
-2.561433398087474833e-01 -1.474106761067370264e-01 1.897336142573553541e-01 -3.759953951142260831e-01
-1.009697781181385229e-01 3.281198897607762871e-02 6.142901766718599221e-01 -4.990011397532356785e-04
4.529718921000269738e-01 6.665725973510862046e-01 7.203119595460700797e-01 3.947828267942132263e-01
5.864541387519350835e-01 8.406880196963791851e-01 7.387787779621478590e-01 6.039336668835935118e-01
-1.288493023716156483e+00 -1.287254730099737898e+00 -3.856160377251949711e+00 -1.278005561978110771e+00
0.000000000000000000e+00 0.000000000000000000e+00 0.000000000000000000e+00 0.000000000000000000e+00
-4.249526823515004104e+00 -1.308346912818648677e+00 -1.307372683130744617e+00 -1.301135525117270708e+00
-1.560700131396654644e+00 -1.317704491426215263e+00 -1.320381671972126414e+00 -1.321555689707865744e+00
-1.289430642112186165e+00 -1.289358329144466797e+00 -1.483318719384131512e+00 -1.297575995005156635e+00
-1.247631190826196779e+00 -4.392116727047153724e+00 -1.236017465080473166e+00 -1.241993932339695128e+00
-1.342831711650604554e+00 -1.278891331314246704e+00 -1.453940597231252907e+00 -1.275386410153958705e+00
-1.200118222011568925e+00 -4.166140915016670832e+00 -1.323518654920853965e+00 -1.217322008932577582e+00
-1.401040094598892116e+00 -1.314426288190771341e+00 -3.430947019550000032e+00 -1.206350052515344329e+00
0.000000000000000000e+00 0.000000000000000000e+00 0.000000000000000000e+00 0.000000000000000000e+00
-2.847663950000000277e+00 -6.414494596211480770e-01 -8.764534338678362513e-01 -9.582333752983226427e-01
-5.268515468323673456e-01 -5.619710502535962826e-01 -5.063282980758625484e-01 -3.587852317594999896e+00
-7.895605747428278143e-01 -5.615782542634564223e-01 -5.828745819865948086e-01 -7.633551523380015524e-01
-3.129840715930611861e-01 -3.026851709796769541e-01 -2.898321705513033364e-01 -3.256607799500000233e+00
-6.010780244616723555e-01 -2.904939817489842202e-01 -2.409508997511569939e-01 -3.504010092649614827e-01
-2.360695691053354972e-01 -2.444016999536328116e-01 1.123531557746201281e-01 -3.278399489251176413e-01
-1.842172097458151525e-01 -2.144056408601481833e-01 4.079731969407135450e-01 -1.733634567203646837e-01
-4.173051282043226812e-02 -2.047550000000000203e+00 5.850940237513224673e-01 -9.829821273604523457e-03
-2.115535084240184882e-01 1.616494806800000406e-01 8.393250843599606714e-01 2.360051623711431623e-01
7.126776291937705343e-01 9.999999999999995559e-01 8.789711145595228148e-01 6.536643913448689780e-01
-1.327773129742858327e+00 -1.322656333034626153e+00 -1.309869290924004837e+00 -1.725451299718430809e+00
-1.172856527681460648e+00 -1.352999162711822079e+00 -1.165564868513022434e+00 -4.073489905574079195e+00
-1.347220016375023866e+00 -1.329241880564008049e+00 -1.326905073553314995e+00 -1.318230530530705602e+00
-1.330341763427116852e+00 -1.345996086216022958e+00 -1.394636185746817469e+00 -1.330987961888657756e+00
-1.256543792040104357e+00 -1.475860868258507930e+00 -4.324574141163504137e+00 -1.258677578649923579e+00
0.000000000000000000e+00 0.000000000000000000e+00 0.000000000000000000e+00 0.000000000000000000e+00
-3.256607799500000233e+00 -1.381763137824741694e+00 -2.342795000000000183e+00 -1.291500520501292826e+00
0.000000000000000000e+00 0.000000000000000000e+00 0.000000000000000000e+00 0.000000000000000000e+00
-3.856160377251949711e+00 -9.275657313549363625e-01 -8.172318106700883211e-01 -6.470566138122549882e-01
-6.162499698425114580e-01 -6.153575800895834114e-01 -6.264050766368267631e-01 -3.062897555000000160e+00
-6.529900514646849174e-01 -6.483674264063992165e-01 -6.478150473215822380e-01 -6.616480312320311974e-01
-6.082428359281409902e-01 -6.122410077591455835e-01 -5.978141873411532137e-01 -6.060131262120014295e-01
-5.317925319198251177e-01 -5.302834507394796892e-01 -5.249984946427056487e-01 -5.372614105714282884e-01
-4.481962700480980888e-01 -4.348042638937701376e-01 -4.301312159859098094e-01 -5.838005010825262353e-01
-3.594711024829878032e-01 -3.566857155096795351e-01 -3.109925899603933619e-01 -3.828305994825407232e-01
-2.873346421087420999e-01 -2.976282412257255650e-01 -3.428099376889419680e-01 -9.743726106712038981e-02
-2.468113235351671042e-01 -2.399958755526038212e-01 -1.354999999999999982e+00 -2.416695509320527513e-01
0.000000000000000000e+00 0.000000000000000000e+00 0.000000000000000000e+00 0.000000000000000000e+00
0.000000000000000000e+00 0.000000000000000000e+00 6.125795110000000765e-01 0.000000000000000000e+00
0.000000000000000000e+00 0.000000000000000000e+00 0.000000000000000000e+00 0.000000000000000000e+00
