-3.287950992354843116e+00 -3.330934345224660476e+00 -2.907216199770143117e+00 -3.284018501396191336e+00
-3.070332680638936385e+00 -3.061043718733818864e+00 -2.807289546230193000e+00 -2.916290067667673291e+00
-2.912542423732744190e+00 -2.895656160403788260e+00 -2.664445158631206123e+00 -2.873911962554768884e+00
-2.818880612696574861e+00 -2.569923327726076234e+00 -2.614679431951551614e+00 -2.655967586551106763e+00
-2.736503994902360848e+00 -2.422593487897682696e+00 -2.694627472951726332e+00 -2.538722450829891564e+00
-2.637908470973416186e+00 -2.174044761864428299e+00 -4.999998409966243784e+00 -2.693425969681086940e+00
0.000000000000000000e+00 0.000000000000000000e+00 0.000000000000000000e+00 0.000000000000000000e+00
-4.933486026763544530e+00 -1.574053865110004669e+00 -1.409001365772280634e+00 -1.963306474506452570e+00
-1.751538722719115704e+00 -1.304895080423698062e+00 -1.263312598648197227e+00 -1.319027667115491020e+00
-1.311243334207073064e+00 -1.173993322401030825e+00 -1.177693684528873685e+00 -1.191645245834831002e+00
-1.152436882146983255e+00 -1.079364358835569249e+00 -1.102815003645064573e+00 -1.098487246672504636e+00
-1.065989896855447983e+00 -1.022684557957055818e+00 -1.057488583763310341e+00 -1.045945486084129961e+00
-3.308849300638223578e+00 -3.253275276667734417e+00 -3.126595820398756942e+00 -3.396135467079764325e+00
-3.285066211424036986e+00 -3.209569400426898422e+00 -2.850567052587749561e+00 -3.063508644761668620e+00
-3.140599639663058440e+00 -3.044034758538926688e+00 -2.543433207963136766e+00 -2.873258060128283553e+00
-2.792468684529643586e+00 -2.914031550357151001e+00 -2.285072190286040694e+00 -2.729516079535481143e+00
-2.630430428403697452e+00 -2.943788545643892363e+00 -2.046412474512879331e+00 -2.541371102978744467e+00
-2.462097415537113587e+00 -2.203759934174431834e+00 -1.814567902613161143e+00 -2.527096119937620955e+00
-2.243542745918619463e+00 -1.668700306914569609e+00 -1.435485724795153573e+00 -4.999999994026080863e+00
-1.779985403303617542e+00 -1.400129612530528034e+00 -1.323473744064937785e+00 -1.597640886019485285e+00
-1.509706822588998465e+00 -1.191486813033778125e+00 -1.161104873550642402e+00 -1.374590891324213748e+00
-1.278562482335189987e+00 -1.096164836192257130e+00 -1.026182354247037187e+00 -1.273520607090965706e+00
-1.126420463730077648e+00 -8.615966914633312879e-01 -9.851991727408744293e-01 -1.128680388701684745e+00
-1.030472355983881982e+00 -8.464928837730169020e-01 -9.725260955349793734e-01 -1.035770052027614962e+00
-3.205818499033731950e+00 -3.137626670731357148e+00 -3.212520332737126338e+00 -3.321233778204847109e+00
-3.198249537147502597e+00 -3.153940803281591432e+00 -3.078164306942573702e+00 -3.177070568539409834e+00
-3.196301019075197924e+00 -3.129702462903258375e+00 -3.078765466645632998e+00 -2.822595004872956448e+00
-3.075895351985276527e+00 -3.320673380568673672e+00 -2.845007054847780381e+00 -2.568143747148316614e+00
-2.887542521535364948e+00 -4.999942830943635563e+00 -2.584282917096959231e+00 -2.419765052013297169e+00
-3.205248672998791459e+00 -4.999912865330949252e+00 -1.606781403984873569e+00 -2.283884354956996710e+00
-2.444034335469848163e+00 -1.645101244363477599e+00 -1.399299051748567724e+00 -2.016972284209979094e+00
-1.658961072708368123e+00 -1.275318005320968728e+00 -1.171454991340869167e+00 -1.551650192803557538e+00
-1.338798259572330229e+00 -1.113817314618634535e+00 -1.029952235649998604e+00 -1.370661524497246653e+00
-1.187909792069548498e+00 -9.001088448882029747e-01 -9.693875916096720280e-01 -1.201507244484580239e+00
-1.046628051179880448e+00 -6.860075374068961285e-01 -8.976571438720835072e-01 -1.058591906781602310e+00
-9.624244828385750683e-01 -6.322671333825506945e-01 -9.287850980477345697e-01 -9.988527330762970724e-01
-3.107226795653222240e+00 -3.061857720703750729e+00 -3.139648631367686349e+00 -3.186994280824224646e+00
-3.095785949705908369e+00 -3.085745396026093879e+00 -3.117368627253778612e+00 -3.189364723638091981e+00
-3.137656326815790209e+00 -3.268823686287440466e+00 -3.495066043588801019e+00 -3.137562078134328747e+00
-3.100255051867118805e+00 -4.987674826475210210e+00 -4.991014948500428261e+00 -3.046672670584525733e+00
0.000000000000000000e+00 0.000000000000000000e+00 0.000000000000000000e+00 0.000000000000000000e+00
0.000000000000000000e+00 0.000000000000000000e+00 0.000000000000000000e+00 0.000000000000000000e+00
-4.874842224750338460e+00 -1.111072707534393134e+00 -1.153812307140565041e+00 -1.243287961829595556e+00
-1.802660600603403163e+00 -1.089483233231594905e+00 -1.117679128298480817e+00 -1.280956512112835011e+00
-1.147791076334664151e+00 -9.887185050192717206e-01 -8.804398095786417633e-01 -1.159107137192569192e+00
-1.038379393048457722e+00 -8.037328397962666404e-01 -6.790240730217762533e-01 -1.060964439828615991e+00
-9.431764623111908996e-01 -5.675067448138130244e-01 -7.019122287975769758e-01 -9.394140767430403383e-01
-8.071470442061992046e-01 -4.189616484932832674e-01 -6.994529113472333082e-01 -8.847039601641888407e-01
-3.068156872956141257e+00 -3.066534795118446066e+00 -3.106713463403822484e+00 -3.100972030016794001e+00
-3.021920809544619058e+00 -3.095690006523611704e+00 -2.853250374240190901e+00 -3.123684754696959942e+00
-2.988636388507212693e+00 -2.124634285449908511e+00 -4.999750100209735315e+00 -3.067706108492663564e+00
0.000000000000000000e+00 0.000000000000000000e+00 0.000000000000000000e+00 0.000000000000000000e+00
-3.256607799500000233e+00 -7.197149755168656959e-01 -8.908562956861394433e-01 -2.847663950000000277e+00
-1.026823007762696527e+00 -9.595585192606724823e-01 -9.597324253141817918e-01 -4.249526823515004104e+00
-1.341769676859380978e+00 -1.027767535296642221e+00 -1.044933762656816034e+00 -1.291491709205423888e+00
-1.111470531013510676e+00 -9.968647420733934839e-01 -9.699591973950575374e-01 -1.098905237061124751e+00
-1.086823359287364621e+00 -7.831375686626156352e-01 -9.119509706098052337e-01 -1.096555569702874378e+00
-1.004376352616441537e+00 -4.994010958629704899e-01 -6.858629896677848059e-01 -9.606558542345462470e-01
-7.853999510541793683e-01 -3.664853144792705186e-01 -4.729276931374570281e-01 -7.757745200721155587e-01
-6.121428667859571959e-01 -2.079080030881137464e-01 -4.542539347962601948e-01 -7.504191550177597980e-01
-3.069040199272035530e+00 -3.039255941406330486e+00 -3.031113838263639337e+00 -3.059603840621200277e+00
-2.832834448366914337e+00 -4.999903183701055021e+00 -2.143048303250553399e+00 -2.946428853327071717e+00
-2.663824466192407758e+00 -1.549794154427088344e+00 -1.941678382616495391e+00 -2.707771573485572070e+00
-2.115337065249581094e+00 -9.657750433281468982e-01 -8.951143738964616459e-01 -4.968186572794319744e+00
-1.286104382841502192e+00 -1.003473262580046654e+00 -1.006619624872764351e+00 -1.004190744733292506e+00
-1.043640150610674278e+00 -1.014396387226148111e+00 -1.021013892358587860e+00 -1.257993608470862945e+00
-1.000302372238392357e+00 -1.000636200772283324e+00 -1.003451353159929837e+00 -1.002222641536270942e+00
-9.429009583576195563e-01 -1.145942015898553823e+00 -8.349696216713135000e-01 -9.726386003888013443e-01
-9.594797742716194566e-01 -8.764933829071103188e-01 -6.108690416056459238e-01 -9.213762983239331961e-01
-8.401502801546830712e-01 -2.811320595330805694e-01 -4.765747479514551577e-01 -7.859257395111737265e-01
-6.063670802385461300e-01 -2.167006161605044279e-01 -2.960310673598574582e-01 -5.685059954903431967e-01
-4.198272695910146290e-01 -3.329332067055888744e-02 -3.480955578229921743e-01 -5.563181399084076162e-01
-2.819749344360417354e+00 -2.049355906440692987e+00 -4.994104907711131247e+00 -2.694115266070504777e+00
0.000000000000000000e+00 0.000000000000000000e+00 0.000000000000000000e+00 0.000000000000000000e+00
-4.986305362750233172e+00 -9.412631766277963496e-01 -1.020520368488355478e+00 -1.881275382744112212e+00
-1.784509063705242760e+00 -8.087599760799263349e-01 -8.751288186374187594e-01 -1.205335807787053293e+00
-9.335027985333226308e-01 -1.005691064967533244e+00 -1.076510577536147872e+00 -9.699873215951280159e-01
-8.546170056553157313e-01 -4.166140915016670832e+00 -8.124238148121319947e-01 -8.859184367438333041e-01
-9.245621343104377665e-01 -1.046737005630196338e+00 -1.309443723241529023e+00 -9.346314697458116827e-01
-7.081278014213162608e-01 -4.738326183486319287e+00 -6.633232459278162185e-01 -7.680198680715493165e-01
-1.283485286187921570e+00 -1.271660028019229838e+00 -4.597636499867293058e-01 -6.778361711814085977e-01
-7.704991754697674278e-01 -3.050707780420537918e-01 -1.633950236984946791e-01 -6.105624157165691068e-01
-4.767508345103437795e-01 1.955732006978476781e-02 -1.688053980578904656e-01 -3.469476950572752960e-01
-2.340453052540363288e-01 1.655304676606168257e-01 -8.890034861745046979e-02 -3.696140287231597932e-01
-1.996954981473314072e+00 -4.898622202047773655e+00 -1.655434437642844259e+00 -2.603552702648004313e+00
-1.769687578538157613e+00 -9.131702819753287903e-01 -8.169642073100604751e-01 -4.507614548908194685e+00
-1.256101550359580710e+00 -7.831759624983217760e-01 -7.375483760709667935e-01 -1.372802689072936122e+00
-7.739351703473946742e-01 -7.138829089329471467e-01 -9.857983255327261718e-01 -8.051588661059658758e-01
-6.386961430540001317e-01 -5.874189890974766959e-01 -4.392116727047153724e+00 -6.652678833651439749e-01
0.000000000000000000e+00 0.000000000000000000e+00 0.000000000000000000e+00 0.000000000000000000e+00
-2.847663950000000277e+00 -4.460677427433198949e-01 -3.062897555000000160e+00 -4.645043599834517978e-01
0.000000000000000000e+00 0.000000000000000000e+00 0.000000000000000000e+00 0.000000000000000000e+00
-4.392116727047153724e+00 -3.250583748721954103e-01 -3.490746441796702682e-01 -6.218659211269457199e-01
-9.587904206383246475e-01 -2.954753612966980469e-01 -2.649964351164708909e-02 -4.960874943029553452e-01
-2.937872161124929216e-01 1.675621322184698281e-01 2.122388541858412914e-01 -2.279842135242940715e-01
-1.356292625848088372e-02 4.334378727093542993e-01 1.756982422504394792e-01 -9.497235645607826626e-02
0.000000000000000000e+00 0.000000000000000000e+00 0.000000000000000000e+00 0.000000000000000000e+00
-4.601167784615637579e+00 -5.716287255526019129e-01 -5.736167423125502207e-01 -6.013381820529429822e-01
-1.382317442774144034e+00 -6.121207297407090797e-01 -6.232356392661700939e-01 -6.649172189073589978e-01
-7.604357612161847246e-01 -6.055529305767306525e-01 -5.982745345441413676e-01 -7.239189658262360494e-01
-5.273968831654070044e-01 -5.379877275027915573e-01 -6.666302591352504248e-01 -7.023804773252684264e-01
-3.724401609384624945e-01 -3.706488432383259757e-01 -3.998764797027418716e-01 -3.256607799500000233e+00
-5.528050980076922860e-01 -3.921205346809928383e-01 -5.609047478720722291e-01 -7.028007526646866676e-01
-4.016589223507369688e-01 -3.805128141304098821e-01 -3.215347430361545911e-01 -3.856160377251949711e+00
-5.145337072806940304e-01 -1.231361441031451898e-01 -3.272891575095239203e-01 -4.030666917740372002e-01
-4.175075457605547657e-01 -7.090528334863560600e-02 1.621970268432995910e-01 -3.431504882925232036e-01
-1.256371912358935916e-01 3.548885922638056467e-01 3.446989512762388963e-01 -8.791955648899277276e-02
2.134173915906641683e-01 5.942216625120986251e-01 4.025905434975927122e-01 1.908939018980626012e-01
-4.091334167482356121e-01 -4.139636538778627139e-01 -4.321407806068789936e-01 -3.062897555000000160e+00
-5.866622209997298665e-01 -5.011165361123040007e-01 -5.120757493903045354e-01 -1.040083786990302794e+00
-5.543793131164521659e-01 -5.531214748337114351e-01 -5.624357540389565147e-01 -7.120277895560362946e-01
-5.508745987049734616e-01 -5.546837506041880639e-01 -5.552107503070339289e-01 -5.681391585643972286e-01
-5.198489918278933475e-01 -5.103666777175935865e-01 -5.176784355018758665e-01 -5.127131853325394006e-01
-5.052249832196786805e-01 -4.555589471130313539e-01 -4.504898014450163801e-01 -4.380103687318555039e-01
-4.054613419272475872e-01 -4.049711864753420265e-01 -5.567364951323606759e-01 -4.101843839272162340e-01
-2.853083232306988237e-01 -2.712191208699585854e-01 -2.466487306672011937e-01 -1.066416037014972007e+00
-3.650464021854616381e-01 -1.745300045529670219e-01 1.040735020230485058e-01 -3.025326913660165706e-01
-2.387587640958133972e-01 3.944176631876353256e-02 3.900915560545455962e-01 -2.478775624172700476e-01
2.461054411885620907e-01 5.694208773896296538e-01 5.577453222072464856e-01 1.237882161878366138e-01
4.301885475380854418e-01 7.720252226035262400e-01 5.497135164755643233e-01 3.666243357522459001e-01
-5.043768325868902558e-01 -5.007409175654236044e-01 -4.909586600101588094e-01 -7.898343900280015983e-01
-5.248734870287604659e-01 -5.251806233099759469e-01 -5.327066537124720558e-01 -5.441806570254380526e-01
-5.374789831909746463e-01 -5.375412549341019863e-01 -5.325799739223052720e-01 -5.320213723158109254e-01
-5.188459137411670641e-01 -5.195691774770370142e-01 -5.178256965943396350e-01 -5.280607926518250395e-01
-4.948947050921748692e-01 -4.875555330252591690e-01 -4.763258790657500241e-01 -4.830242006513998376e-01
-4.843331714601435967e-01 -4.094601348424731779e-01 -4.068986486684184611e-01 -4.175892395313348660e-01
-4.157437283489672231e-01 -3.348133427450560862e-01 -2.994967959895192822e-01 -3.865584548542316812e-01
-2.954344581299154227e-01 -2.137014321618526114e-01 -1.218552017090960282e-01 -3.889385299580638833e-01
-2.087310824187474934e-01 -3.419174257724112709e-02 1.499475227139879518e-01 -2.497596088889837695e-01
-1.347863367374270427e-01 3.170020116124721565e-01 4.661872524651052285e-01 -1.646049665215308655e-02
2.551009057201017449e-01 7.002329523079402485e-01 8.500651803997433253e-01 2.399980823839134025e-01
5.426560014542847199e-01 9.999999999999995559e-01 8.275197005210797041e-01 5.447060280771399698e-01
-5.190134033419053772e-01 -5.148753706838639088e-01 -5.134830941897868817e-01 -5.369402836930856626e-01
-5.125501768494744592e-01 -5.217116405606238017e-01 -5.315263704833007585e-01 -5.223763529233254044e-01
-5.216341574689159488e-01 -5.228178519950522629e-01 -5.240534545023950441e-01 -5.271470479890641991e-01
-4.983961648613868256e-01 -5.133234496182348394e-01 -5.048237238811068561e-01 -5.008176242504893683e-01
-4.700841660645329045e-01 -4.557234352600426086e-01 -4.467690492948031555e-01 -4.636189372948704701e-01
-4.289307956497718233e-01 -3.771208499193351438e-01 -3.384705272030736900e-01 -3.819933577778713008e-01
-3.730002147798721079e-01 -2.974755934543429348e-01 -2.164926954670837456e-01 -3.441920081409017840e-01
-2.776967390623385490e-01 -2.060098750360308539e-01 7.548523229595913153e-02 -2.504358436161671642e-01
-1.681953226920537836e-01 -4.507915165948180036e-02 3.917899657422415638e-01 -1.657113852614355842e-01
-5.823125489386102305e-02 1.074245772276671007e-01 7.445201587357830331e-01 1.434885160816238847e-01
9.607961109819604384e-02 5.831774486555820758e-01 9.999916647515820767e-01 4.776835590189154601e-01
0.000000000000000000e+00 0.000000000000000000e+00 0.000000000000000000e+00 0.000000000000000000e+00
