-4.148612669149301269e+00 -4.170589842095544952e+00 -4.077846847083097082e+00 -4.154817115225676538e+00
-4.120519590707998780e+00 -4.999999501030559124e+00 -3.398672823827210365e+00 -4.036120062288155452e+00
-4.019725366611054618e+00 -3.029284819327356715e+00 -3.810102153119593549e+00 -3.453663908716327224e+00
-3.430795755839862071e+00 -4.988907343827689189e+00 -3.586923924016855558e+00 -3.717933211257656634e+00
-3.593149805201704350e+00 -2.958330335833132541e+00 -4.999996306260453771e+00 -4.140397573584829516e+00
0.000000000000000000e+00 0.000000000000000000e+00 0.000000000000000000e+00 0.000000000000000000e+00
-4.908759981842996112e+00 -1.773733427149083219e+00 -4.887358002275304258e+00 -2.997067952668126090e+00
0.000000000000000000e+00 0.000000000000000000e+00 0.000000000000000000e+00 0.000000000000000000e+00
-3.346654155115162510e+00 -4.995224975246016719e+00 -2.363547397460517452e+00 -3.632504202788007230e+00
-3.033545380136113412e+00 -1.165291866320671721e+00 -2.060710043558294569e+00 -4.845484228086837319e+00
-2.170578328870912621e+00 3.140582365017799416e-02 -4.860935805278153943e+00 -2.264560425030195390e+00
0.000000000000000000e+00 0.000000000000000000e+00 0.000000000000000000e+00 0.000000000000000000e+00
0.000000000000000000e+00 0.000000000000000000e+00 0.000000000000000000e+00 0.000000000000000000e+00
-4.324574141163504137e+00 -5.895058868281237707e-01 -4.200750964809749632e-01 -1.452101326989934993e+00
-9.176178142236093294e-01 -1.067419810317437184e-01 9.528987130275375916e-01 -1.966730135477220198e+00
0.000000000000000000e+00 0.000000000000000000e+00 0.000000000000000000e+00 0.000000000000000000e+00
