-3.241795553931957397e+00 -2.998953496937815100e+00 -3.237221262631958307e+00 -3.279333126502828044e+00
-3.342411378310451209e+00 -3.189964910235882023e+00 -3.101431913533671647e+00 -3.264583435017911039e+00
-3.250122213559869522e+00 -3.113224312083000989e+00 -2.918767070445042577e+00 -3.153098513004801262e+00
-3.182501743589237986e+00 -2.605986292407782123e+00 -2.994815152458888630e+00 -2.984926809822891602e+00
-3.094137504340962241e+00 -2.668313889571357844e+00 -3.447582228027116891e+00 -3.040600840261879156e+00
-2.862629697039316579e+00 -2.328314357150427671e+00 -4.999929420918069134e+00 -2.827525273335839806e+00
0.000000000000000000e+00 0.000000000000000000e+00 0.000000000000000000e+00 0.000000000000000000e+00
-4.828315808985374602e+00 -1.273057584749901494e+00 -1.092610036460638145e+00 -1.225610902158811966e+00
-1.689976781239659553e+00 -1.066849458759662861e+00 -1.039889560757563780e+00 -1.041971570280130432e+00
-1.030081048976810187e+00 -1.031598160671649778e+00 -1.013373005171353203e+00 -1.022149829338325544e+00
-9.758557904958976570e-01 -9.822426109856752241e-01 -9.770057935518441372e-01 -9.877314769571520214e-01
-9.508377978155977406e-01 -9.517036905723303963e-01 -9.498636569477599823e-01 -9.604270779042799466e-01
-3.043178059778718136e+00 -2.858493500979249369e+00 -2.998354857105640647e+00 -3.244840349320932571e+00
-3.098418303764688631e+00 -3.027382419245269407e+00 -2.808565819824860643e+00 -3.235000387983953285e+00
-3.125838340366879908e+00 -3.086035231914953769e+00 -2.522925164922608321e+00 -3.131619915405668753e+00
-3.067291567555884058e+00 -2.828426008147161053e+00 -2.239734066255137712e+00 -2.934557256288850002e+00
-2.892397462330607905e+00 -3.128572160622472786e+00 -1.973381815643293180e+00 -2.983161504941947317e+00
-2.725286938854919239e+00 -2.225251847149688267e+00 -1.619417293918066214e+00 -2.738760355947664316e+00
-2.230677970519107323e+00 -1.557313649065836358e+00 -1.414157617216487139e+00 -4.999994370157679668e+00
-1.862128476954089118e+00 -1.244888860144231613e+00 -1.214532692233341482e+00 -1.726855154945325044e+00
-1.356418095750389741e+00 -1.100442029770473118e+00 -1.097398001086532293e+00 -1.194125940134234565e+00
-1.115993652772449884e+00 -1.024902519636412102e+00 -1.021004062586095218e+00 -1.022991940636367447e+00
-9.792905437077578101e-01 -9.579549672823614026e-01 -9.617238046929044160e-01 -9.632260883769319104e-01
-9.237670760295484396e-01 -9.088817107375577464e-01 -9.242856249380547728e-01 -9.417172799736126532e-01
-2.917698301596865385e+00 -2.684404927411459418e+00 -2.972617534044998955e+00 -3.062541274358186794e+00
-2.998831859590415760e+00 -2.730747071919719104e+00 -3.046562524338264133e+00 -3.121343761689597596e+00
-3.085267224438565936e+00 -3.054472815649590167e+00 -2.694428253417111119e+00 -3.046588853756784676e+00
-3.076909156115117394e+00 -3.264402362864558871e+00 -2.351478855051176264e+00 -2.907095300526510329e+00
-2.697231808506951989e+00 -4.999892426334505480e+00 -1.885474496230404640e+00 -2.630755271030334796e+00
-2.767385102814276188e+00 -4.999942830943635563e+00 -1.577121707823341046e+00 -2.442992090107189096e+00
-2.359969738872263356e+00 -1.808764606849575296e+00 -1.304469993873849321e+00 -1.931735835328840523e+00
-1.532493773105543466e+00 -1.145418035235453935e+00 -1.156837011244162161e+00 -1.404967265058843395e+00
-1.222363186143543334e+00 -1.067100085266843523e+00 -1.055019683578016565e+00 -1.092859905473266835e+00
-1.037957981923371964e+00 -9.741864338883940988e-01 -9.738870483644113119e-01 -1.011969030911904932e+00
-9.079779857422429767e-01 -8.724603655943559133e-01 -9.042431647775329706e-01 -9.405492269437695230e-01
-8.766077185011491579e-01 -8.085153360061614336e-01 -8.574560818396255168e-01 -9.000639003109716096e-01
-2.864947478701812322e+00 -2.569626939962462053e+00 -2.739814663933846983e+00 -2.963735055100709559e+00
-2.939392348807192690e+00 -2.462514750082172021e+00 -2.872887002250046784e+00 -3.003506406052555811e+00
-2.951173465245791050e+00 -2.400151755738002546e+00 -3.531123239772227418e+00 -2.963834378298953798e+00
-2.961355468923842160e+00 -4.964651747549244654e+00 -4.996132229949273196e+00 -2.802989836994333128e+00
0.000000000000000000e+00 0.000000000000000000e+00 0.000000000000000000e+00 0.000000000000000000e+00
0.000000000000000000e+00 0.000000000000000000e+00 0.000000000000000000e+00 0.000000000000000000e+00
-4.887358002275304258e+00 -1.021146469684907077e+00 -1.027686352059177022e+00 -1.430546283119406459e+00
-1.101748848025075445e+00 -1.046049908761698788e+00 -1.054165873203800174e+00 -1.181116971947132388e+00
-1.092707387434926014e+00 -9.761820924787175668e-01 -9.649617472961380393e-01 -1.050568612077991126e+00
-9.348871205420067332e-01 -8.655014642290849158e-01 -8.920372608062419051e-01 -9.487427561816847987e-01
-9.025765010702112567e-01 -7.997797539139259726e-01 -7.698303181938003226e-01 -8.974656144383880152e-01
-8.336947120718951609e-01 -6.399540583164442520e-01 -7.852932538669454843e-01 -8.438092044939411451e-01
-2.738067969064267526e+00 -2.578336489517423669e+00 -2.382468396069368666e+00 -2.823217059324221179e+00
-2.657817418538188203e+00 -2.612844466871311777e+00 -2.091357462336132400e+00 -2.775114505342505922e+00
-2.520025368048674608e+00 -1.801891995536581748e+00 -4.999998409966243784e+00 -2.934323274048035390e+00
0.000000000000000000e+00 0.000000000000000000e+00 0.000000000000000000e+00 0.000000000000000000e+00
-3.430947019550000032e+00 -9.634302759126390781e-01 -1.072757518199332738e+00 -3.970544339526754563e+00
-1.747798684976654249e+00 -1.033973261944602928e+00 -1.066519185014087157e+00 -4.249526823515004104e+00
-1.364414968911668025e+00 -1.049285054739347522e+00 -1.058703019516332278e+00 -1.980586200642501016e+00
-1.085739844297550549e+00 -8.895996449512723059e-01 -9.900848218103143195e-01 -1.017976235632460202e+00
-9.802586613445729569e-01 -8.436342307812185748e-01 -8.706545626956732065e-01 -9.968468661914946516e-01
-8.874875617054477361e-01 -6.379088355560408319e-01 -7.953745984077897901e-01 -8.814206996065602207e-01
-8.230412500157064937e-01 -6.719540534858784442e-01 -7.045466685110248761e-01 -8.544818381985176403e-01
-7.154140696432591540e-01 -4.091026749013115804e-01 -6.435475582209159162e-01 -7.578726312676256072e-01
-2.617647794271604322e+00 -2.762050671590380091e+00 -2.416160218369332480e+00 -2.705240954005909249e+00
-2.530998735306611014e+00 -4.999999843418102330e+00 -1.895970294091644970e+00 -2.525560747177824972e+00
-2.237365514101482766e+00 -2.245430767320765852e+00 -1.458630402314263552e+00 -2.504652986060303288e+00
-1.974799044072838461e+00 -1.407229581920421246e+00 -1.324711901975121897e+00 -4.997180395633019856e+00
-1.807510748653284649e+00 -1.326650825100428310e+00 -1.196528331974104464e+00 -1.373032394185693672e+00
-1.327672502536851873e+00 -1.864066039791250962e+00 -1.045919822351829120e+00 -1.202714171198884463e+00
-1.153398257878957001e+00 -1.100319270459289456e+00 -8.999221872354933316e-01 -1.083442848835805883e+00
-1.042066564462880818e+00 -9.329898839257418919e-01 -6.795431677880463539e-01 -1.004904201788745732e+00
-9.334882767120876723e-01 -7.427367419921349079e-01 -4.930800489802652509e-01 -9.231388917911709235e-01
-7.891826430894465227e-01 -2.997010952405357309e-01 -6.574551698726791571e-01 -8.269358940186292140e-01
-7.019781282383099619e-01 -6.255202254810997564e-01 -4.690929277688344889e-01 -8.044327424590593800e-01
-6.729779501267544317e-01 -1.393184386347538772e-01 -4.436904104841874474e-01 -6.712307262161799626e-01
-2.920040040350644350e+00 -2.488282640491735087e+00 -4.996519006954345699e+00 -2.611319282146566056e+00
0.000000000000000000e+00 0.000000000000000000e+00 0.000000000000000000e+00 0.000000000000000000e+00
-4.998651391972046554e+00 -1.539341160279157350e+00 -1.450748438494367853e+00 -2.019430329461258111e+00
-2.452914621869017875e+00 -1.103625635398942872e+00 -1.372224633244322423e+00 -1.449164664448956863e+00
-1.399253397188982451e+00 -1.473376892664554960e+00 -1.341955659855974092e+00 -1.336654988489483165e+00
-1.066889815140492193e+00 -4.641051006154073733e+00 -1.040615660425045386e+00 -1.055288815707623673e+00
-1.170957813199445807e+00 -1.211337520050493222e+00 -1.128275000385904558e+00 -1.050429503401463904e+00
-8.312166553910652622e-01 -4.249526823515004104e+00 -7.054544856964586330e-01 -7.634653147685738217e-01
-8.599566713406892049e-01 -8.871567031791781632e-01 -4.748219507203793044e-01 -7.766127674640779244e-01
-7.094504827263574676e-01 -2.002159540784274605e-01 -4.348709029274993032e-01 -7.547470577926025381e-01
-6.253583473504709112e-01 -1.516841193965926538e-01 -3.904527480103365811e-01 -6.961049165065439359e-01
-5.567481310734824218e-01 1.290755318444205754e-02 -4.383496384644705590e-01 -5.302761388034502588e-01
-2.314337316703047875e+00 -4.898622202047773655e+00 -1.504136156109964872e+00 -2.697487972711595905e+00
-2.003787980531113622e+00 -1.459985320082818339e+00 -1.239105221022365644e+00 -4.908759981842996112e+00
-1.871899077305295922e+00 -1.213931981832061968e+00 -1.136900089529462088e+00 -1.603893112428962153e+00
-1.290876222301559073e+00 -1.015282889441514458e+00 -1.344359114316282744e+00 -1.334021454912630578e+00
-9.821115782549176831e-01 -9.349951337978807953e-01 -4.601167784615637579e+00 -9.571172338673157309e-01
0.000000000000000000e+00 0.000000000000000000e+00 0.000000000000000000e+00 0.000000000000000000e+00
-3.587852317594999896e+00 -5.788619768302227797e-01 -2.608515500000000209e+00 -6.300028248310837187e-01
0.000000000000000000e+00 0.000000000000000000e+00 0.000000000000000000e+00 0.000000000000000000e+00
-4.073489905574079195e+00 -3.291831660674504056e-01 -4.612920655784032431e-01 -6.202539758119962610e-01
-5.807628179177121153e-01 3.796168873567624946e-02 -2.180899264208567834e-01 -5.190837881739898130e-01
-4.596875742149243438e-01 1.535639370845475749e-01 -2.194824929559227589e-01 -4.987456069356058785e-01
-2.609228394137371732e-01 2.245265980542529294e-01 -1.033377440113124185e-01 -4.151237200685059525e-01
0.000000000000000000e+00 0.000000000000000000e+00 0.000000000000000000e+00 0.000000000000000000e+00
-4.324574141163504137e+00 -1.005115237332236289e+00 -9.925891953011274360e-01 -1.513152611437692086e+00
-1.264054793317072267e+00 -9.567274107555235885e-01 -9.644930097668946711e-01 -1.328992044851146304e+00
-1.092758455037505350e+00 -8.554701191405583716e-01 -9.281471002616992205e-01 -1.054680311992844288e+00
-9.330062674824814994e-01 -7.890577231062795294e-01 -9.878694495738201686e-01 -1.163241421026611988e+00
-6.350660073214825507e-01 -5.179213058603501230e-01 -5.384489599257641368e-01 -4.166140915016670832e+00
-4.959234136022760975e-01 -3.853438533953881806e-01 -5.682371817672248193e-01 -7.412516818534203855e-01
-4.054698790743410663e-01 -2.077177181977017117e-01 -3.634150247948914059e-01 -3.430947019550000032e+00
-6.196088282144026627e-01 -3.222786101453119223e-02 -3.036047074033047521e-01 -7.448935529119901089e-01
-3.646930212506972468e-01 2.439405180194719747e-01 2.044829420292767000e-02 -3.425503514519430692e-01
-2.936549983562263266e-01 4.262146400617400355e-01 1.050808084338915316e-01 -1.997623726117898901e-01
3.919964838431733156e-02 5.244957036328050659e-01 5.499430149446625504e-02 -1.783756815345634295e-01
-8.612052457550072315e-01 -7.272414047981144991e-01 -7.401195437176723013e-01 -4.166140915016670832e+00
-1.084182193035809982e+00 -8.631808727751887345e-01 -8.799834174492983108e-01 -1.079076167012314347e+00
-9.183425632465015420e-01 -8.632126650615394858e-01 -8.654128851421086788e-01 -1.017491925949611797e+00
-9.301353417063561446e-01 -7.859949581332672519e-01 -7.369852699580894395e-01 -9.396264752373479912e-01
-8.429186086248443566e-01 -5.362576223541709597e-01 -6.241340063551636952e-01 -9.109029144222117180e-01
-6.857967603984593818e-01 -4.282346340259260420e-01 -3.829668608900414495e-01 -1.091226284556028547e+00
-5.690987383142762646e-01 -3.194757181625793585e-01 -2.460889676895458844e-01 -5.479222847090432502e-01
-3.968162030851624111e-01 -1.518997165528968574e-01 6.377636851539654483e-02 -4.498099289105103593e-01
-2.593085483192243412e-01 1.501975386700690751e-02 2.126266506115972177e-01 -2.806741913321350035e-01
3.496554638182360064e-02 4.396828089813553664e-01 2.692370831082629978e-01 -1.300123179421884823e-01
1.258350765795341608e-01 6.233397637896538335e-01 4.541820449564998308e-01 3.348608081731066499e-02
2.725216641488490965e-01 7.496075565326442147e-01 4.523175718732524997e-01 1.741637999637827838e-01
-8.056321861491831937e-01 -7.954150940057693742e-01 -8.106593516729889703e-01 -1.047831172844912340e+00
-8.143218401035235976e-01 -8.124780908833123538e-01 -8.112175796285883145e-01 -8.385816604219025194e-01
-8.130454033936623803e-01 -7.769884839492579021e-01 -7.872476372015763113e-01 -7.968664349853964435e-01
-8.199178643560406377e-01 -6.793125467952686458e-01 -5.816741049093305804e-01 -8.171534991833873107e-01
-7.892933995535729164e-01 -4.897023797878793938e-01 -3.586375146714796402e-01 -7.556561379316950600e-01
-6.419159226814293850e-01 -4.193625384298615977e-01 -2.288029971468514556e-01 -5.689834255281429609e-01
-4.731070422247010687e-01 -2.449383554512016281e-01 -4.244064513066343747e-02 -4.717721494881428890e-01
-3.079703369633840504e-01 4.923216368861672854e-02 2.445846298082665626e-01 -2.932941869487769582e-01
-9.979077291967607122e-02 2.149731812313067647e-01 4.972021625113441368e-01 -5.974184984662110620e-02
1.841764632391349743e-01 5.145328911016722184e-01 6.599506072778840160e-01 1.797997644165727216e-01
3.758760171344083800e-01 7.830051242506532727e-01 7.674422909364717604e-01 2.535348386148321143e-01
4.722141247077724646e-01 9.999999999999995559e-01 7.923106764321367068e-01 5.496609475932531241e-01
-8.021013623089368050e-01 -7.844004870686067665e-01 -7.912080331011672740e-01 -7.847093122716670699e-01
-7.743869248823438411e-01 -7.876266993744746037e-01 -7.631970022383529617e-01 -7.728337661357382871e-01
-7.351430413064582448e-01 -7.458367300981262327e-01 -6.597091545493534159e-01 -7.368802531091781516e-01
-7.069380585170053077e-01 -6.400613099119610849e-01 -4.801671419268977448e-01 -7.226137589269651107e-01
-6.631937245693679817e-01 -5.373225872338851516e-01 -2.867729173545094934e-01 -6.693221054360333211e-01
-5.116751135877208867e-01 -4.276894316083356684e-01 -9.147444924073815098e-02 -4.792997593714594662e-01
-3.398193861597604282e-01 -2.151072165259316216e-01 4.341651606019457377e-02 -2.917719157526695306e-01
-2.235003812005227908e-01 -8.900621386742697816e-02 3.312165353618515273e-01 -1.661735693116483253e-02
-5.073532109555811687e-02 2.099771529528237646e-01 5.868734554245972346e-01 1.265764097457450915e-02
5.562593570084983785e-02 3.126832180837436637e-01 8.156553357992757380e-01 3.498216009165857621e-01
5.199378773127221187e-01 7.400340342670942428e-01 9.999999999993262056e-01 5.512541547233701378e-01
0.000000000000000000e+00 0.000000000000000000e+00 0.000000000000000000e+00 0.000000000000000000e+00
