-2.820073152767403890e+00 -2.814474955021922575e+00 -2.791838069530471866e+00 -2.818977278475607307e+00
-2.837560334573281828e+00 -2.721010473839605925e+00 -2.720321354729458019e+00 -2.732006481433271183e+00
-2.729219625695880946e+00 -2.650044099426323907e+00 -2.650468779817011011e+00 -2.674646222242473392e+00
-2.620447815374080225e+00 -2.595323085871681368e+00 -2.579511283604684735e+00 -2.600663826429652215e+00
-2.565600954086870278e+00 -2.496233257940539296e+00 -2.636492589842183598e+00 -2.505462544090210297e+00
-2.383154745712158018e+00 -2.380018591679565088e+00 -4.999619113259770486e+00 -2.401311588582713430e+00
0.000000000000000000e+00 0.000000000000000000e+00 0.000000000000000000e+00 0.000000000000000000e+00
-4.860935805278153943e+00 -1.624787628956512187e+00 -1.562734626597929388e+00 -1.816576626223859181e+00
-1.808302634154755451e+00 -1.771817083509604096e+00 -1.545289018673294601e+00 -1.554451509825630851e+00
-1.508506891735967637e+00 -1.530244333505668797e+00 -1.503156895551038819e+00 -1.510114702087623328e+00
-1.465474590284468137e+00 -1.471632350189499672e+00 -1.468219454277526870e+00 -1.469151233412532065e+00
-1.445763256103622441e+00 -1.446485933201787200e+00 -1.440889384533858841e+00 -1.449786594459088640e+00
-1.425969372582077899e+00 -1.422476810642269163e+00 -1.426725692052122074e+00 -1.426167925369884237e+00
-1.413313386049680487e+00 -1.408041851320177784e+00 -1.412340299133924448e+00 -1.405258401788925138e+00
-1.396387156155422193e+00 -1.402530871395207823e+00 -1.396531915468779639e+00 -1.400282322224163156e+00
-1.392531252203959680e+00 -1.394605501400991932e+00 -1.399034710896847500e+00 -1.384367711154321334e+00
-2.761220260113256053e+00 -2.725730338527926122e+00 -2.718931578511827318e+00 -2.845982437743425297e+00
-2.738294350705037683e+00 -2.657615499249812441e+00 -2.657267017368743822e+00 -2.719528846044543258e+00
-2.648804382649688982e+00 -2.605514235081866747e+00 -2.582145503373836526e+00 -2.621928489643665205e+00
-2.581619586772974984e+00 -2.648425525859374741e+00 -2.482511035241271813e+00 -2.602438205290959594e+00
-2.516475806640398716e+00 -2.426721561973473662e+00 -2.408093169957130186e+00 -2.494568421906925071e+00
-2.368553328170725614e+00 -2.332450909970504416e+00 -2.637707415247560139e+00 -2.476022680970580314e+00
-1.937805302192465051e+00 -2.009918279892562776e+00 -1.936655179564383600e+00 -4.991913453650385080e+00
-2.231424774012906731e+00 -2.220140520819970043e+00 -2.138236620748348749e+00 -1.876706138906662158e+00
-1.535995044397368448e+00 -4.809239787761526941e+00 -1.547564831638107652e+00 -1.537053210942829207e+00
-1.612478633711567300e+00 -4.676945905538666182e+00 -1.317530565775554718e+00 -1.335260749170088523e+00
-1.497614136721608480e+00 -1.453046000911983215e+00 -1.455677971961305106e+00 -1.450810862611839669e+00
-1.440859535279922499e+00 -1.440026795042272489e+00 -1.440361877240819100e+00 -1.439844012599907908e+00
-1.419385655943093738e+00 -1.423358631950358388e+00 -1.423313374334226333e+00 -1.420969029981855591e+00
-1.404414895929031903e+00 -1.407041078073581586e+00 -1.410723249964576542e+00 -1.408846381365082223e+00
-1.394691453356426303e+00 -1.400604708102845875e+00 -1.400610145132192841e+00 -1.392857134011321385e+00
-1.399342079704539277e+00 -1.393789314776566091e+00 -1.403151615147677056e+00 -1.386935284178230976e+00
-2.653476596903369789e+00 -2.624299439873322370e+00 -2.626806681669382471e+00 -2.760095898653402990e+00
-2.661895644427374474e+00 -2.573258297637956549e+00 -2.580035761309515507e+00 -2.644964373837096261e+00
-2.576966205407924537e+00 -2.621768690460337226e+00 -2.714459061047121313e+00 -2.570648391016784551e+00
-2.518816334655979094e+00 -4.999962491382119012e+00 -2.401182913312159162e+00 -2.468763071615914573e+00
-2.497128587444282566e+00 -2.400555926991319478e+00 -2.317460123072967448e+00 -2.375780781814931242e+00
-2.351577958847962169e+00 -2.253760966318712367e+00 -2.253355098126971878e+00 -2.344267839401002806e+00
-2.205061544031658105e+00 -2.183319724116993932e+00 -2.192431867690129099e+00 -2.381424367537471110e+00
-2.034810354545754318e+00 -2.027935224711856055e+00 -4.956360182159561312e+00 -2.022508493030034327e+00
0.000000000000000000e+00 0.000000000000000000e+00 0.000000000000000000e+00 0.000000000000000000e+00
0.000000000000000000e+00 0.000000000000000000e+00 0.000000000000000000e+00 0.000000000000000000e+00
-4.324574141163504137e+00 -1.438885284763808725e+00 -1.442320259468198973e+00 -1.439422200866508739e+00
-1.437190649544647147e+00 -1.429851603629502144e+00 -1.430554105313889490e+00 -1.436360180921057328e+00
-1.419069478678904428e+00 -1.416359088662297427e+00 -1.422157007488390468e+00 -1.419535382054543327e+00
-1.396611815084922492e+00 -1.402605726181427315e+00 -1.398911308353332217e+00 -1.403696952722377489e+00
-1.388843963286890304e+00 -1.386561796897284982e+00 -1.386330801247878997e+00 -1.395348805606959619e+00
-1.386050184115629635e+00 -1.378988424855859485e+00 -1.378325715004441232e+00 -1.384011485825098475e+00
-2.567601024269956511e+00 -2.555230073639078725e+00 -2.559847877614788825e+00 -2.636435326367554843e+00
-2.579181882866502740e+00 -2.497912401333195032e+00 -2.504971398499543422e+00 -2.600033598549586156e+00
-2.408994028158772949e+00 -2.381903781154529831e+00 -4.999991419231335499e+00 -2.561015073865454905e+00
0.000000000000000000e+00 0.000000000000000000e+00 0.000000000000000000e+00 0.000000000000000000e+00
-4.998150057574823890e+00 -2.169314486729915892e+00 -2.184476281540533638e+00 -2.194166150269264648e+00
-2.180590706798013034e+00 -2.185249810015943428e+00 -2.181274771486442887e+00 -2.262793280632569459e+00
-2.146965912520142350e+00 -2.113055175353973691e+00 -2.109627109813467349e+00 -2.175614046025450499e+00
-2.043321567833627395e+00 -2.036181811891704996e+00 -2.150979029902101658e+00 -2.039681009340565065e+00
-1.948471940968812488e+00 -1.928909774598837057e+00 -1.986431048136269695e+00 -4.738326183486319287e+00
-1.525598315567005425e+00 -4.392116727047153724e+00 -1.477805145934353970e+00 -3.256607799500000233e+00
-1.533416330610480660e+00 -1.684396442987106779e+00 -1.467110071152682327e+00 -1.690858362618979704e+00
-1.431831131256583678e+00 -1.471313643118074665e+00 -1.438061197195225294e+00 -1.432634814290413727e+00
-1.407236546130423038e+00 -1.435780676630327601e+00 -1.400098776410011681e+00 -1.425786333486294799e+00
-1.388200005448746888e+00 -1.386613128866073019e+00 -1.389672161084062108e+00 -1.383226481544133746e+00
-1.380527298163930272e+00 -1.370618092012765743e+00 -1.373290985618226490e+00 -1.375961049872889808e+00
-1.363492963014945047e+00 -1.366161555240868353e+00 -1.357540291933749366e+00 -1.367963468918420578e+00
-2.509516638534391664e+00 -2.735899959117737978e+00 -2.487793972616234139e+00 -2.555702546863202418e+00
-2.509766546857314040e+00 -2.423084485614538153e+00 -2.442007558516018584e+00 -2.528199694680541398e+00
-2.375681530093549210e+00 -2.321107746225817170e+00 -2.509810039695150152e+00 -2.435642441109185263e+00
-2.175690547812350051e+00 -2.165589503862251686e+00 -2.146578725254535858e+00 -4.997716120462746048e+00
-2.135996971169789926e+00 -2.139955957595599312e+00 -2.136852338502039483e+00 -2.142563239618216375e+00
-2.106759734346768997e+00 -2.106007829305752033e+00 -2.105339402263701309e+00 -2.169662189724011370e+00
-2.095356638627285939e+00 -2.029653912445124941e+00 -2.032345940366565795e+00 -2.057516984358032097e+00
-1.977106371817584529e+00 -1.963621133481282754e+00 -2.232149146889156555e+00 -2.005830413600498296e+00
-1.971349745385730268e+00 -1.964060117105822290e+00 -4.641051006154073733e+00 -2.330965746008978101e+00
0.000000000000000000e+00 0.000000000000000000e+00 0.000000000000000000e+00 0.000000000000000000e+00
-4.073489905574079195e+00 -1.473701089446989299e+00 -1.590816240223938971e+00 -1.370219456449749185e+00
-1.238215902282796987e+00 -4.601167784615637579e+00 -1.208781566524412820e+00 -1.228914038648223794e+00
-1.613480121226536612e+00 -1.393370091875627326e+00 -1.371230446026994843e+00 -1.380953154594338539e+00
-1.373734223824192524e+00 -1.366283795567974302e+00 -1.368897710294193493e+00 -1.365098041422594166e+00
-1.357583431723944578e+00 -1.347481386915687862e+00 -1.348725985405678340e+00 -1.355739501519247270e+00
-1.352345801853752416e+00 -1.336874622199225371e+00 -1.344183119293193673e+00 -1.342839867994918945e+00
-2.466070761242579401e+00 -4.999750100209735315e+00 -2.414265611881698526e+00 -2.429750638523667572e+00
-2.377582429157155453e+00 -2.368495538056648808e+00 -2.332735517016856885e+00 -2.441492159429393904e+00
-2.329727130306771254e+00 -2.265463155549206409e+00 -2.249751755989302104e+00 -2.410958963219684836e+00
-2.229866713214863960e+00 -2.174520415481295821e+00 -2.174368317740726031e+00 -2.181007601549121322e+00
-2.118662348022700037e+00 -2.099194766506639276e+00 -2.098924360422743440e+00 -2.126357109770266707e+00
-2.063455037540351533e+00 -2.026468936869349591e+00 -2.023186898631505581e+00 -2.085488354019785717e+00
-2.016513273469894063e+00 -1.946540499652445577e+00 -1.954864275959928399e+00 -2.005594282066454515e+00
-1.976419761459955460e+00 -1.857412649737192556e+00 -2.168322388988242810e+00 -1.986151050635567739e+00
-1.745000278420606010e+00 -1.723363332042801899e+00 -4.940137424087190254e+00 -1.809121706150927489e+00
0.000000000000000000e+00 0.000000000000000000e+00 0.000000000000000000e+00 0.000000000000000000e+00
-4.073489905574079195e+00 -1.400931035161345983e+00 -2.047550000000000203e+00 -1.383365608678360559e+00
0.000000000000000000e+00 0.000000000000000000e+00 0.000000000000000000e+00 0.000000000000000000e+00
-4.507614548908194685e+00 -1.215135686186267439e+00 -1.218757351621797769e+00 -1.214662864066054171e+00
-1.502749129276995221e+00 -1.295293503502142674e+00 -1.299873168071189022e+00 -1.309878743647937105e+00
-1.309012520452512929e+00 -1.307495498334051875e+00 -1.307322817912452528e+00 -1.311850327059547627e+00
-1.313790207263121790e+00 -1.309481063196423545e+00 -1.306774870194658433e+00 -1.309350095274016246e+00
0.000000000000000000e+00 0.000000000000000000e+00 0.000000000000000000e+00 0.000000000000000000e+00
-4.998651391972046554e+00 -2.205600094420617552e+00 -2.206533875255286326e+00 -2.227085186408131356e+00
-2.508897074272112171e+00 -2.159598797564588946e+00 -2.161039486817691646e+00 -2.165428352460100125e+00
-2.113094517901900282e+00 -2.100975724930689736e+00 -2.105180437187074816e+00 -2.126167886338567126e+00
-2.084746522866157026e+00 -2.025669847536511803e+00 -2.026557483559318751e+00 -2.053683092493000739e+00
-2.015508221717219772e+00 -1.947023688859076840e+00 -1.942587409277939825e+00 -2.019400705637758087e+00
-1.906519419268160487e+00 -1.861010736988100156e+00 -1.846279327682516014e+00 -1.974427591786485303e+00
-1.854670575887790163e+00 -1.749895053795857303e+00 -1.790827423852889400e+00 -1.892085241179445765e+00
-1.745011746661139451e+00 -1.662857452183017060e+00 -1.880964743011093399e+00 -2.168945379915894645e+00
-1.432043375917391392e+00 -1.436262611944114642e+00 -1.426874734908258890e+00 -4.845484228086837319e+00
-1.517037643699581162e+00 -1.431886170087786958e+00 -1.753703835647826947e+00 -1.437989143055276697e+00
-1.195306527435769706e+00 -1.190375179840513997e+00 -1.175647615212701558e+00 -4.788044208623919218e+00
-1.556637308927397267e+00 -1.237871531561214766e+00 -1.227958007601674284e+00 -1.229790089573784106e+00
-1.246427969947927927e+00 -1.224321294505901436e+00 -1.251892287098192114e+00 -1.255692089851474957e+00
-1.269993885756906415e+00 -1.268385728504902499e+00 -1.282606992789011580e+00 -1.264969616361630633e+00
-1.285368425677217319e+00 -1.285877011709863016e+00 -1.291584673158535423e+00 -1.285602467723087949e+00
-2.217434316738671196e+00 -1.954465892755670398e+00 -1.956892604000567193e+00 -4.898622202047773655e+00
-2.230915672331867494e+00 -2.147100202284383919e+00 -2.149115092559190643e+00 -2.293712277350309137e+00
-2.124030383887191675e+00 -2.095333708037619758e+00 -2.093855295488712187e+00 -2.159836590631417863e+00
-2.035981180336965846e+00 -2.045872227269875498e+00 -2.033981367381279437e+00 -2.069453204357861953e+00
-1.973688912427157494e+00 -1.955976386107177278e+00 -1.949475185418518386e+00 -2.018347421517884044e+00
-1.936761471232665510e+00 -1.850891563011753282e+00 -1.882878343823501499e+00 -1.947944806633705950e+00
-1.904648183171187004e+00 -1.753260758549523457e+00 -1.774686528294445287e+00 -1.878777461313702268e+00
-1.848433071663590388e+00 -1.693230892970593926e+00 -1.636466216071489788e+00 -1.794621379853528875e+00
-1.759620457485167044e+00 -1.554048579670071595e+00 -1.616355710881141050e+00 -1.728255932349392232e+00
-1.583132089496722683e+00 -1.476885570069778275e+00 -1.432633974610349803e+00 -1.762248803901669492e+00
-1.493336356471323789e+00 -1.285651679275727099e+00 -1.422454619084886573e+00 -1.443299869472628227e+00
-1.346585311272364915e+00 -1.284861754764661024e+00 -1.320838515213844433e+00 -1.400393250216063201e+00
-1.259987980965218135e+00 -1.261445292509685068e+00 -1.255007993240188302e+00 -1.258172661238758927e+00
-1.203599406786526105e+00 -1.069697150291622822e+00 -1.203107309830537153e+00 -1.216898885474883230e+00
-1.216659640802330022e+00 -1.225821959556242069e+00 -1.252358877399705417e+00 -1.228731768908704947e+00
-1.262119079302571167e+00 -1.385364296151328833e+00 -1.265504766532155267e+00 -1.261616329609846154e+00
-2.051306116570135618e+00 -2.047776693964774797e+00 -2.069864825551977372e+00 -2.132878534208377808e+00
-2.096847334664891704e+00 -2.148236799745840031e+00 -2.095283891526105169e+00 -2.107306268556920603e+00
-2.037748549859184966e+00 -4.887358002275304258e+00 -2.028678828376507592e+00 -2.034703836939841803e+00
-2.054201223993713299e+00 -2.128583807016514395e+00 -1.940567406077755130e+00 -1.975586304845763586e+00
-1.936462426197976816e+00 -1.880649803514332863e+00 -1.854301583599774705e+00 -1.922589169693828204e+00
-1.879394026124405315e+00 -1.796223326066642034e+00 -1.757098629367775500e+00 -1.868173916322349859e+00
-1.818636130705757470e+00 -1.682377457187812952e+00 -1.652374618591171185e+00 -1.765664320835034662e+00
-1.752961867888068737e+00 -1.505483071232496695e+00 -1.584440588519063109e+00 -1.699073100468275088e+00
-1.669470544805287560e+00 -1.493012487867047433e+00 -1.431816306004400907e+00 -1.628972509926043699e+00
-1.574069204753950180e+00 -1.375513964328211047e+00 -1.275265981802460091e+00 -1.551389021040956662e+00
-1.450919158805238363e+00 -1.136122039658218563e+00 -1.290666896587878254e+00 -1.445612066875070933e+00
-1.297818318115438130e+00 -1.019000544890505067e+00 -1.282704575463034624e+00 -1.338022867444522257e+00
-1.250087579639360458e+00 -1.121058096091049450e+00 -1.209806759824116007e+00 -1.250631561854029350e+00
-1.194775149020506966e+00 -8.414604980506333876e-01 -1.210071443064341778e+00 -1.185488535158681245e+00
-1.163364156741581112e+00 -1.416534783411666387e+00 -1.256032686896528361e+00 -1.197049546963315780e+00
-1.069208745535264127e+00 -4.324574141163504137e+00 -1.121688025591712545e+00 -1.091253881072440146e+00
-1.991113097426082668e+00 -1.985748454262873164e+00 -2.116890194155851113e+00 -1.994581749107861457e+00
-1.926614629390489997e+00 -1.923832237795666478e+00 -4.908759981842996112e+00 -1.924802441539243736e+00
0.000000000000000000e+00 0.000000000000000000e+00 0.000000000000000000e+00 0.000000000000000000e+00
-4.908759981842996112e+00 -1.850499565809659241e+00 -1.849203211825785509e+00 -1.860959787912510821e+00
-1.841039017592636551e+00 -1.803123542377732313e+00 -1.791987308194226358e+00 -1.868094317407117400e+00
-1.777424059643982979e+00 -1.724406388010436997e+00 -1.705446446386055026e+00 -1.792550935989873695e+00
-1.710968633664586847e+00 -1.640374221945406719e+00 -1.539939170317568440e+00 -1.725070655918306217e+00
-1.654560273066281395e+00 -1.386634477778795338e+00 -1.503990739693884748e+00 -1.624667163378209267e+00
-1.571885908434356383e+00 -1.441628704353969059e+00 -1.295797269402753749e+00 -1.550163332710767783e+00
-1.464353036553569298e+00 -1.123335897583070286e+00 -1.278207745161235476e+00 -1.467505297359451344e+00
-1.384833209410379462e+00 -1.164112652098876044e+00 -1.001629617246320825e+00 -1.333176121033408768e+00
-1.221909929082763968e+00 -8.198926103194834614e-01 -1.012828837562036899e+00 -1.238645242674857538e+00
-1.136115657893195463e+00 -7.591193356874653686e-01 -1.129322750058491698e+00 -1.206614958723003728e+00
-1.097417744902690506e+00 -5.341813786595391855e-01 -1.196770117581270165e+00 -1.124424358420888836e+00
-9.426110406741801118e-01 -8.149715127365765310e-01 -4.601167784615637579e+00 -9.602459566064012186e-01
0.000000000000000000e+00 0.000000000000000000e+00 0.000000000000000000e+00 0.000000000000000000e+00
-1.938686840071890849e+00 -1.940425447127775094e+00 -1.936593592734102254e+00 -1.976635822239048323e+00
-1.907753210781677922e+00 -1.912628963585798925e+00 -1.945308513940194661e+00 -2.169698967231989073e+00
-1.702711909189670525e+00 -1.701245189925357559e+00 -1.715916824127033280e+00 -4.898622202047773655e+00
-1.862076906675406818e+00 -1.784223075267739045e+00 -1.786672631465475947e+00 -1.915644778315861885e+00
-1.746503322155304794e+00 -1.739091702505057180e+00 -1.732772300652950515e+00 -1.765692123949245351e+00
-1.680295258675148951e+00 -1.688134413610675066e+00 -1.626887465126727328e+00 -1.685850141094603183e+00
-1.628814064850735432e+00 -1.641614474703070092e+00 -1.460180785143909254e+00 -1.615614688225519346e+00
-1.579183522234063553e+00 -1.545811131458231458e+00 -1.252420250338928787e+00 -1.549483210884882167e+00
-1.483761424759594938e+00 -1.832246777860240705e+00 -1.114581519054542058e+00 -1.458485977415810764e+00
-1.355807690904457186e+00 -1.216269057018899646e+00 -9.773591388446756234e-01 -1.335702464207692675e+00
-1.197451906420113898e+00 -9.528613945870390012e-01 -8.451738196671092496e-01 -1.211017656986061342e+00
-1.070094973966696283e+00 -7.952983337299461830e-01 -6.921128745928990522e-01 -1.085488340795377038e+00
-8.993757574193431692e-01 -6.617074539849636672e-01 -5.826567212362478987e-01 -9.587218044189192989e-01
-8.454020902320725783e-01 -4.879562509033300577e-01 -6.459656094306139851e-01 -8.196135021046961899e-01
-8.573880586415114635e-01 -2.198550589789404208e-01 -8.578781262846655320e-01 -1.198687449434679086e+00
-6.417767614672743592e-01 -5.241465725732432634e-01 -9.442081683951089044e-01 -4.392116727047153724e+00
-1.894130686135963026e+00 -1.902764390054895394e+00 -1.901133285556922736e+00 -1.910295959518933939e+00
-1.888759697284704053e+00 -1.876247055946412390e+00 -1.871524199595230531e+00 -1.877182452973539695e+00
-1.822461070857049892e+00 -1.818054856229914362e+00 -1.820558055856082769e+00 -1.841433592812425024e+00
-1.778835152329645064e+00 -1.775738079516069767e+00 -1.778037432649688165e+00 -1.782308131078236269e+00
-1.733618572928758983e+00 -1.733902525286615814e+00 -1.728563419832136461e+00 -1.733530132156617665e+00
-1.680389839981532685e+00 -1.685389587962996982e+00 -1.678761173857161726e+00 -1.687279008180068374e+00
-1.639657778570236424e+00 -1.620416117568303838e+00 -1.604471719055187151e+00 -1.613292131712646515e+00
-1.553477873250192376e+00 -1.555922680013595238e+00 -1.956098841650808273e+00 -1.438277683486441250e+00
-1.343974729684741298e+00 -4.860935805278153943e+00 -1.324035238752396149e+00 -1.330020245211820384e+00
-1.536162088976742668e+00 -1.486387241862061170e+00 -9.730115133590417908e-01 -1.268786439985349457e+00
-1.243207013793514948e+00 -1.198267782831505368e+00 -6.854871057895518538e-01 -1.180433354856143868e+00
-1.077844031544388237e+00 -1.725934271350407112e+00 -5.134558463310245902e-01 -1.045445727191961272e+00
-9.297827583498856630e-01 -5.904756957104911885e-01 -4.770762530919745448e-01 -8.708323483317504943e-01
-5.963822714318987028e-01 -3.735336231507842553e-01 -4.597931042939814583e-01 -6.504936746966554217e-01
-6.925848132265171042e-01 -6.370594349108345267e-02 -4.737313977974874080e-01 -7.226413244062125374e-01
-8.194252833318920182e-01 9.281347003566146892e-02 -6.104804015070197654e-01 -1.148819366066200942e+00
-1.870734930600093993e+00 -1.867228510565664523e+00 -1.865108889774633294e+00 -1.881164316611450227e+00
-1.859562098816093245e+00 -1.862668746045450963e+00 -1.864870160522410281e+00 -1.860897426061391968e+00
-1.811858789732752273e+00 -1.891686990614890540e+00 -1.808850994798558265e+00 -1.806640975060070264e+00
-1.766483867863082313e+00 -1.769421486896737949e+00 -1.768650798377193745e+00 -1.768700331405555382e+00
-1.733363557287828538e+00 -1.728559943763271489e+00 -1.722155280369999542e+00 -1.725317674952628444e+00
-1.682968843549567328e+00 -1.698549328062410213e+00 -1.679904099090526071e+00 -1.687211000785803883e+00
-1.655432983705263927e+00 -1.649829172043030034e+00 -1.972230898322842263e+00 -1.653136679736153525e+00
-1.520546158961223915e+00 -1.512983814582292474e+00 -4.788044208623919218e+00 -1.513499205251055191e+00
0.000000000000000000e+00 0.000000000000000000e+00 0.000000000000000000e+00 0.000000000000000000e+00
-4.392116727047153724e+00 -1.196478613326684037e+00 -1.194645086127306577e+00 -1.196895140601799801e+00
-1.475774477504481652e+00 -1.274639715522753125e+00 -1.317318417907244354e+00 -1.102050206787307030e+00
-9.466653573493729601e-01 -4.641051006154073733e+00 -6.435292967119825569e-01 -9.827324087181391610e-01
-9.505687755358757096e-01 -1.261956403417059391e+00 -2.699519558579409617e-01 -8.547676997523515618e-01
-4.882019669331055800e-01 -5.346811778188069741e-01 -9.585979166290201081e-02 -4.934014721588844132e-01
-3.177814153506803296e-01 -5.049311611637264940e-01 1.935747142125193720e-01 -3.474422129771566059e-01
-1.790675810563744641e-01 5.965397963297848216e-01 -1.104602350130978183e-01 -3.646764525992702843e-01
-1.840698242996077649e+00 -1.842791242562646259e+00 -1.838630727640491846e+00 -1.842767450710735222e+00
-1.842449347244228264e+00 -1.903423311430713527e+00 -2.015675872389027123e+00 -1.850328983006969352e+00
-1.716061998480247208e+00 -4.764493565137687625e+00 -1.710008758276311491e+00 -1.723109566830069328e+00
-1.743183810287637581e+00 -1.680104641228530982e+00 -1.733138859001694065e+00 -1.748723935752319658e+00
-1.713038584600661718e+00 -1.709791813501584379e+00 -1.717632398702740648e+00 -1.715580063868652250e+00
-1.712624885937235719e+00 -1.682720723127236973e+00 -1.685676728669884605e+00 -1.683084570109386613e+00
-1.674154139321238244e+00 -1.658826651268270336e+00 -1.686908395006236905e+00 -1.663984252491599092e+00
-1.648020257195201843e+00 -2.125503959760310924e+00 -1.455165958098524337e+00 -2.026483757501494232e+00
-1.257983887726981775e+00 -3.430947019550000032e+00 -1.240533498166998871e+00 -4.166140915016670832e+00
-1.264442825058075481e+00 -1.477207810031994750e+00 -1.364479880025912584e+00 -1.211043831763594092e+00
-1.102891830890983416e+00 -1.312705460396421664e+00 -4.324574141163504137e+00 -1.111232833005934229e+00
0.000000000000000000e+00 0.000000000000000000e+00 0.000000000000000000e+00 0.000000000000000000e+00
-4.452905054342438440e+00 -3.923464599523264207e-01 -6.370828946943813964e-01 -6.193473206433770528e-01
-9.553365685455414980e-01 -1.014784864990863955e+00 -1.269935579349205979e+00 -3.317243548746762194e-01
-7.036047840144619148e-01 -4.809239787761526941e+00 -1.611111837648301903e-02 -4.172871275630239962e-01
-5.801553211724673753e-01 7.694105485865198046e-01 -1.419796852010740407e-01 -1.668275949027926974e-01
-1.805888253184620540e+00 -1.801139677424081320e+00 -2.103310991029659238e+00 -1.818893976988548378e+00
-1.768881187881792050e+00 -1.763567674442230837e+00 -4.809239787761526941e+00 -1.780673757339974683e+00
0.000000000000000000e+00 0.000000000000000000e+00 0.000000000000000000e+00 0.000000000000000000e+00
-4.809239787761526941e+00 -1.516013920134757775e+00 -1.504232111917354064e+00 -1.496163670892844522e+00
-1.858321754455266372e+00 -1.693535138473283741e+00 -1.694915623088862455e+00 -1.698296324134178414e+00
-1.679556402293994388e+00 -1.674642216384981230e+00 -1.677321256195284382e+00 -1.682246372734373718e+00
-1.659052435279967597e+00 -1.652843185403804371e+00 -1.656891897270032832e+00 -1.654555267764474147e+00
-1.634318601775767155e+00 -1.631394523316877621e+00 -4.709251314984799208e+00 -1.623863590497229614e+00
0.000000000000000000e+00 0.000000000000000000e+00 0.000000000000000000e+00 0.000000000000000000e+00
-4.249526823515004104e+00 -1.224093426804676810e+00 -9.644860093747776864e-01 -1.057597596724648259e+00
-1.045132374526009933e+00 -3.856160377251949711e+00 -7.606905464077389212e-01 -1.749491712548213229e+00
-7.712926856883378646e-01 -5.422058324815326458e-01 -3.575711401053270899e-01 -3.587852317594999896e+00
-6.380009632340775116e-01 -5.011112371667397758e-02 -9.090553192812067529e-01 -6.357180569809661730e-01
-4.785178014944052038e-01 -2.982641572793440221e-02 -4.641051006154073733e+00 -6.068855262460425282e-01
0.000000000000000000e+00 0.000000000000000000e+00 0.000000000000000000e+00 0.000000000000000000e+00
-4.999203660445574293e+00 9.999999999999995559e-01 7.466406476084723742e-01 3.254771128741728026e-01
-1.798807777183713874e+00 -1.797405360781697103e+00 -1.802618208502541508e+00 -1.805810877879028276e+00
-1.812349836019224059e+00 -1.812535317360604026e+00 -1.978565468714035269e+00 -1.881239268492362005e+00
-1.594568075733269197e+00 -1.575372515214451985e+00 -1.564798664707284237e+00 -4.676945905538666182e+00
-1.765600200678050236e+00 -1.672086647689713823e+00 -1.684278810497692458e+00 -2.267205925887383344e+00
-1.682328918356450043e+00 -1.681650898128719263e+00 -1.685068746826666297e+00 -1.689266324033630085e+00
-1.672345394644542349e+00 -1.684596655297334156e+00 -1.669391261876276733e+00 -1.676664720136059161e+00
-1.665541665679256100e+00 -1.674508456094930819e+00 -1.658157891349380186e+00 -1.658924591120834791e+00
-1.646678021711786233e+00 -1.650467537616805425e+00 -1.842856456948362531e+00 -1.749891712391536291e+00
-1.594942112921977628e+00 -1.589143142486403981e+00 -2.008584709145222469e+00 -4.452905054342438440e+00
-1.421800381572823513e+00 -1.645123881906228158e+00 -4.392116727047153724e+00 -1.533365447969179396e+00
0.000000000000000000e+00 0.000000000000000000e+00 0.000000000000000000e+00 0.000000000000000000e+00
-2.847663950000000277e+00 -4.490138762571582176e-01 -2.551419966167182141e-01 -4.796041031973122259e-01
-4.982929012088957998e-01 -4.361015676983532319e-01 4.432882192652937703e-01 -4.755695491650909768e-01
-2.776535260915448111e-01 -1.400792126169730367e-01 8.170692399535102179e-01 -5.229303328839388643e-01
1.395694069021884420e-01 7.143331758509893215e-01 9.999999994856848540e-01 -4.641051006154073733e+00
0.000000000000000000e+00 0.000000000000000000e+00 0.000000000000000000e+00 0.000000000000000000e+00
