-2.840112553289479980e+00 -2.834296430792866861e+00 -2.829399094800907566e+00 -2.842299505108651925e+00
-2.858231066265446429e+00 -2.760016683689968442e+00 -2.751773116308990907e+00 -2.798651501790744511e+00
-2.765149767256179558e+00 -2.677121120241673147e+00 -2.668205099147330728e+00 -2.700563282333124704e+00
-2.670774483851994230e+00 -2.615765111663563403e+00 -2.600316561840078755e+00 -2.605099744868645040e+00
-2.561991524033629286e+00 -2.543425431084965105e+00 -2.736532561567801558e+00 -2.549858807779884273e+00
-2.417580787071360149e+00 -2.405865201514190144e+00 -4.998786252774841898e+00 -2.716505081806787736e+00
0.000000000000000000e+00 0.000000000000000000e+00 0.000000000000000000e+00 0.000000000000000000e+00
-4.874842224750338460e+00 -1.946104865451460775e+00 -1.917890847758692230e+00 -2.055906373987925750e+00
-2.387515415952553344e+00 -1.953408227612415837e+00 -1.805581549297751609e+00 -1.815064221711181869e+00
-1.750570243209594423e+00 -1.921534189899444467e+00 -1.752481343359066024e+00 -1.755667228079907938e+00
-1.711096118455832649e+00 -1.691317825582659973e+00 -1.693970311493320891e+00 -1.694288945347105280e+00
-1.656845672396736635e+00 -1.651811105382291256e+00 -1.648282794894072367e+00 -1.647863683375171862e+00
-1.622424111930728552e+00 -1.616564411352117814e+00 -1.614674668414527003e+00 -1.611377460703674824e+00
-1.589863235548126585e+00 -1.591965174787481008e+00 -1.593653941617242609e+00 -1.591748855402987939e+00
-1.575218638486477252e+00 -1.581429294226082582e+00 -1.577423176522336323e+00 -1.584937620454109020e+00
-1.574064149270005153e+00 -1.565775095758242585e+00 -1.572346922945277781e+00 -1.564612695038779755e+00
-2.796230905115362209e+00 -2.756969303265766946e+00 -2.757555865769149683e+00 -2.841045090722443156e+00
-2.784765665906543841e+00 -2.694564503541323486e+00 -2.697168265747887261e+00 -2.754311763847454131e+00
-2.685659825654203470e+00 -2.684890916341129419e+00 -2.620134476614683017e+00 -2.681829896819036829e+00
-2.608814621079256657e+00 -2.727026566321449241e+00 -2.539292960256151588e+00 -2.579575361918889698e+00
-2.522919275805235007e+00 -2.514598325214822516e+00 -2.471469861211169849e+00 -2.577410697693113484e+00
-2.430254152306464466e+00 -2.394271371445653607e+00 -2.423375587528580066e+00 -2.656423299421038386e+00
-2.209171686826369108e+00 -2.200285055759233721e+00 -2.113491341046354499e+00 -4.996519006954345699e+00
-2.582999471474909381e+00 -2.425486296544830722e+00 -2.257155336255393774e+00 -2.212015872462000488e+00
-1.779558500244457164e+00 -4.828315808985374602e+00 -1.907741284892281008e+00 -1.789026545473900498e+00
-1.679904834670341351e+00 -4.709251314984799208e+00 -1.631944445616879902e+00 -1.624465375356918262e+00
-1.646440251606439809e+00 -1.605027172967883775e+00 -1.650808745288520063e+00 -1.655347946536584347e+00
-1.630592503940508919e+00 -1.634559332995709990e+00 -1.623686195347701533e+00 -1.626544689290540857e+00
-1.599047419699907602e+00 -1.603456899128810509e+00 -1.600518734613166849e+00 -1.607786635597134417e+00
-1.582275760709287882e+00 -1.582134568269343955e+00 -1.584483988296737422e+00 -1.583711790651974427e+00
-1.575074168692115695e+00 -1.565566695752071080e+00 -1.570707877791194695e+00 -1.567130148319046068e+00
-1.560836656793194166e+00 -1.564954701593368025e+00 -1.559343070572455359e+00 -1.558717225312786558e+00
-2.696417777457841503e+00 -2.688110594416536880e+00 -2.693651009296318399e+00 -2.770005327544361240e+00
-2.680747823909122030e+00 -2.615764983455103554e+00 -2.654428485563665951e+00 -2.710230702967788119e+00
-2.630602322678139426e+00 -2.776502184307241272e+00 -2.969834522503495222e+00 -2.632165465541803417e+00
-2.595141274193681458e+00 -4.999975390595809088e+00 -2.461732506271558041e+00 -2.472518781034660051e+00
-2.584889681052957577e+00 -2.429439585244392852e+00 -2.378540951096701495e+00 -2.440218208762773067e+00
-2.433890257465519458e+00 -2.326863851784856774e+00 -2.329283365412052831e+00 -2.404689326172689157e+00
-2.241887103801075032e+00 -2.210768220331820633e+00 -2.527765446015627138e+00 -2.536369797720160690e+00
-2.024491124140411547e+00 -1.997115181145645346e+00 -4.940137424087190254e+00 -2.048267466662758718e+00
0.000000000000000000e+00 0.000000000000000000e+00 0.000000000000000000e+00 0.000000000000000000e+00
0.000000000000000000e+00 0.000000000000000000e+00 0.000000000000000000e+00 0.000000000000000000e+00
-4.676945905538666182e+00 -1.436385941177896752e+00 -1.432144702207662101e+00 -1.430225530034856085e+00
-1.788235864487329518e+00 -1.584835169685501643e+00 -1.598187473277699722e+00 -1.584692810043393463e+00
-1.590074437508483429e+00 -1.586329205598762337e+00 -1.580681010334834546e+00 -1.586580127121613115e+00
-1.568688618188891493e+00 -1.563468240252180674e+00 -1.567646984157714085e+00 -1.564221075671527128e+00
-1.560146650241651667e+00 -1.551202231345410576e+00 -1.554571198166592394e+00 -1.550326203148751913e+00
-1.551343054928395304e+00 -1.543124762885306644e+00 -1.548260852385358932e+00 -1.548457667237407964e+00
-2.618465399404956262e+00 -2.617330098050103970e+00 -2.614729351425880921e+00 -2.691735940221611667e+00
-2.624807344488865546e+00 -2.540498091045818363e+00 -2.544446708224048503e+00 -2.660078397235645653e+00
-2.463585875235523304e+00 -2.438243712473035174e+00 -4.999991419231335499e+00 -2.635527664811927018e+00
0.000000000000000000e+00 0.000000000000000000e+00 0.000000000000000000e+00 0.000000000000000000e+00
-4.994104907711131247e+00 -2.167942613312437317e+00 -2.175707924780756031e+00 -2.234973794133424896e+00
-2.537119781418722742e+00 -2.210847688593568172e+00 -2.211445791905917169e+00 -2.289311320837766672e+00
-2.146964900448870672e+00 -2.136104408272536670e+00 -2.143070094445395313e+00 -2.222555789147790506e+00
-2.097755030299264689e+00 -2.073975825523298067e+00 -2.213807021453521262e+00 -2.074481872321444431e+00
-1.673911359765684281e+00 -1.657810373889896827e+00 -1.699365005467053491e+00 -4.809239787761526941e+00
-1.566631159814113827e+00 -4.249526823515004104e+00 -1.520021820777465393e+00 -2.847663950000000277e+00
-1.625401319367087538e+00 -1.790589651717723108e+00 -1.552625564219600740e+00 -1.811214170839656079e+00
-1.566992879359746071e+00 -1.566777974941253815e+00 -1.570849261919536666e+00 -1.574480219761184241e+00
-1.561384702589316165e+00 -1.563228092995584184e+00 -1.561877212644507962e+00 -1.560528976081130947e+00
-1.544805519956554685e+00 -1.540815866961018132e+00 -1.544394772211928446e+00 -1.541101717080398004e+00
-1.532650628919170810e+00 -1.524873228444022288e+00 -1.534506325792521997e+00 -1.533070285831418689e+00
-1.523292013365691089e+00 -1.521374917535297522e+00 -1.524526053750614007e+00 -1.517311894680400286e+00
-2.536752422989111633e+00 -2.725461091404916658e+00 -2.525147776251072340e+00 -2.588400425431871099e+00
-2.550286319431378956e+00 -2.459732429446079394e+00 -2.464113837305331067e+00 -2.532498009100047742e+00
-2.460705526446894442e+00 -2.369026181026256506e+00 -2.322627316835414124e+00 -2.896911812501763439e+00
-2.197381924924251440e+00 -2.181187676515468077e+00 -2.179248526166928546e+00 -4.999203660445574293e+00
-2.420761664561577930e+00 -2.170482512937689901e+00 -2.171787323590185004e+00 -2.237363098590655408e+00
-2.166595335656886778e+00 -2.131730044295188975e+00 -2.131196238935720189e+00 -2.226553580849049752e+00
-2.103735007078542552e+00 -2.050134439877685733e+00 -2.070669373674744573e+00 -2.093315946277581219e+00
-2.043546010438306304e+00 -1.993211210776728581e+00 -2.007100688626433538e+00 -2.013030273386136049e+00
-1.869910909184696601e+00 -1.856205087733156178e+00 -4.507614548908194685e+00 -1.911071313092309598e+00
0.000000000000000000e+00 0.000000000000000000e+00 0.000000000000000000e+00 0.000000000000000000e+00
-4.073489905574079195e+00 -1.733371262511611999e+00 -1.727849681157291428e+00 -1.540570704932502810e+00
-1.543711493485007358e+00 -4.392116727047153724e+00 -1.542448423493703480e+00 -1.552529450012454015e+00
-1.815859827631353562e+00 -1.648998666884992748e+00 -1.543147194146826662e+00 -1.542801338560052971e+00
-1.507145638560176915e+00 -1.500104828279198443e+00 -1.499846721043779141e+00 -1.509106024352101949e+00
-1.491232987596837756e+00 -1.486802624159795583e+00 -1.486824547495041005e+00 -1.505451112397621305e+00
-1.490803276498938734e+00 -1.488596040297569534e+00 -1.484762549325555403e+00 -1.485051092222788860e+00
-2.575045964895494421e+00 -4.999912865330949252e+00 -2.409594518372441652e+00 -2.456232309613620046e+00
-2.501225294576860048e+00 -2.741260388833417494e+00 -2.391204769718346501e+00 -2.467934705745331581e+00
-2.399652864775518868e+00 -2.301378507258728057e+00 -2.316755376366117503e+00 -2.376360272618811109e+00
-2.252811346549369098e+00 -2.226713581534109476e+00 -2.226721303246987027e+00 -2.414348998450640771e+00
-2.189761773450214832e+00 -2.152984118272527780e+00 -2.152457546184169512e+00 -2.159419953924451185e+00
-2.107466911161512524e+00 -2.081536461667432114e+00 -2.071650774087233415e+00 -2.088336277331490187e+00
-2.063544212210132400e+00 -1.936707460703445571e+00 -1.997428186044149179e+00 -2.069769494676566346e+00
-1.943085417033880935e+00 -1.865552248800361523e+00 -2.047525805746834404e+00 -2.005622137143975969e+00
-1.823528984666310304e+00 -1.822330931960022715e+00 -4.917883983658696501e+00 -1.841993231958633626e+00
0.000000000000000000e+00 0.000000000000000000e+00 0.000000000000000000e+00 0.000000000000000000e+00
-3.856160377251949711e+00 -1.338718468646243887e+00 -3.856160377251949711e+00 -1.351371155211485098e+00
0.000000000000000000e+00 0.000000000000000000e+00 0.000000000000000000e+00 0.000000000000000000e+00
-4.601167784615637579e+00 -1.337153283996347586e+00 -1.338254866011894029e+00 -1.365247734808832103e+00
-1.456412999314412371e+00 -1.421849837025696006e+00 -1.437977629726258755e+00 -1.441012332726477219e+00
-1.443107805436635971e+00 -1.440750922185294103e+00 -1.444869000028766504e+00 -1.447047285535081329e+00
-1.444503869164895260e+00 -1.451741594569587512e+00 -1.453299816554831869e+00 -1.447117145266180627e+00
0.000000000000000000e+00 0.000000000000000000e+00 0.000000000000000000e+00 0.000000000000000000e+00
-4.999203660445574293e+00 -2.207931787362608311e+00 -2.209600425617233022e+00 -2.239718554738908018e+00
-2.390083349935051338e+00 -2.226585270444250586e+00 -2.226990433830913663e+00 -2.232927920709563807e+00
-2.221395571595902840e+00 -2.155579579211105212e+00 -2.159378564655418664e+00 -2.170901683399279136e+00
-2.121963626405093173e+00 -2.081387506342386118e+00 -2.086116258469537410e+00 -2.116567640831831909e+00
-2.058525401495155727e+00 -1.985398008458712393e+00 -2.010591982886433371e+00 -2.072053918324114896e+00
-2.011549797498462411e+00 -1.810638276896712862e+00 -1.912985113904382528e+00 -2.001481421699716989e+00
-1.911147871138250354e+00 -1.697245711134705903e+00 -1.847034487672622349e+00 -1.893552373599537209e+00
-1.794543361912242840e+00 -1.735582863340215942e+00 -1.833367993228332438e+00 -2.285823623417031047e+00
-1.572577657098555681e+00 -1.554570569785929113e+00 -1.559204919033371439e+00 -4.738326183486319287e+00
-1.635700585918572481e+00 -1.517869363250187620e+00 -1.528710991306187372e+00 -1.556148662279768891e+00
-1.364617595245069870e+00 -1.368282456158741445e+00 -1.369531108014289122e+00 -4.641051006154073733e+00
-1.445675001761995926e+00 -1.372405976232361491e+00 -1.379691963978962654e+00 -1.566516970834299194e+00
-1.393194822799934451e+00 -1.314335150453891821e+00 -1.379939683922320137e+00 -1.376185021048964785e+00
-1.388181196358994507e+00 -1.387974794947295587e+00 -1.387057889715230363e+00 -1.394882815574388424e+00
-1.406950336083743203e+00 -1.402927830547656018e+00 -1.408005282544013692e+00 -1.406564864806939319e+00
-2.159699044666837597e+00 -1.983290760752468573e+00 -1.979721290697290081e+00 -4.845484228086837319e+00
-2.233033540640700032e+00 -2.156798881720719319e+00 -2.154367792190629682e+00 -2.223476705052430891e+00
-2.157976216677448988e+00 -2.155170825064847140e+00 -2.153649867320801103e+00 -2.181105328090727546e+00
-2.137436928200461939e+00 -2.093441062359772342e+00 -2.070196191156803867e+00 -2.127812860481723689e+00
-2.064864216324155066e+00 -1.970320242865174931e+00 -2.015688961348298669e+00 -2.054808262037894462e+00
-1.998334803384252734e+00 -1.914005749771011899e+00 -1.901848892673476010e+00 -2.014170038354660797e+00
-1.932061628450079560e+00 -1.794312748801460522e+00 -1.692005556772613328e+00 -1.897400875268505427e+00
-1.857529497709289767e+00 -1.554843777601946142e+00 -1.713209593740154135e+00 -1.846111620592948421e+00
-1.774718179313137689e+00 -1.691528780849542724e+00 -1.541450068913935656e+00 -1.727935488290575528e+00
-1.662048207800330690e+00 -1.382235493205163701e+00 -1.592689718875919480e+00 -1.607326170450413594e+00
-1.551803968605721673e+00 -1.479751441128982714e+00 -1.508003532133428859e+00 -1.519433161845953784e+00
-1.446963805505242506e+00 -1.382152739280028353e+00 -1.418871501797991153e+00 -1.690129454249144736e+00
-1.356353395759980929e+00 -1.262162247635636891e+00 -1.361230036775217700e+00 -1.382881150227579292e+00
-1.346017911438175618e+00 -1.105482038878205397e+00 -1.339145615728080996e+00 -1.328380497107333635e+00
-1.330222477098733425e+00 -1.346905994647981997e+00 -1.348103502482875138e+00 -1.338457994312974852e+00
-1.360130545846625738e+00 -1.335321280656941445e+00 -1.364482444958480478e+00 -1.366446937695739550e+00
-2.058130691770192922e+00 -2.051329686459482549e+00 -2.051795202082394187e+00 -2.290844487330471413e+00
-2.127542010713139753e+00 -2.271178330274507218e+00 -2.127286428377719751e+00 -2.123060276028928328e+00
-2.121029135308599933e+00 -4.951511313510623680e+00 -2.108001966110760073e+00 -2.115229163600890860e+00
-2.213145236263069027e+00 -2.052830442223062324e+00 -2.001588894556416864e+00 -2.082053560315876517e+00
-2.024704017375445808e+00 -1.969820289350022513e+00 -1.843656759078543761e+00 -1.969296512062774118e+00
-1.946481545434127325e+00 -1.855997293922176272e+00 -1.740654763609164046e+00 -1.924360938921829911e+00
-1.816568490809981729e+00 -1.764329683359154632e+00 -1.615301334919714282e+00 -1.848617117352647776e+00
-1.776324301166218422e+00 -1.587302204117790438e+00 -1.498511217070912727e+00 -1.756303289204189433e+00
-1.656825367978775221e+00 -1.510229153576928329e+00 -1.280202358129800766e+00 -1.708345730811078100e+00
-1.581369873380798152e+00 -1.125314997581428056e+00 -1.418922715294445247e+00 -1.586310899538444508e+00
-1.524114312383687331e+00 -1.307238948253669930e+00 -1.210222369807111509e+00 -1.466357091116620603e+00
-1.407481301822345099e+00 -1.285693162395176170e+00 -9.571011852510016293e-01 -1.440339273174882528e+00
-1.321100445563639925e+00 -7.667961989425425839e-01 -1.274817789405719326e+00 -1.353274384503652339e+00
-1.197314322336296311e+00 -7.595449598590958695e-01 -1.303396985657212959e+00 -1.304264869537737459e+00
-1.025065804614837095e+00 -1.471049763405625432e+00 -1.515774772680264615e+00 -1.311218181233816393e+00
-1.269299659090985077e+00 -4.601167784615637579e+00 -1.653409049136273623e+00 -1.289203914327802014e+00
-2.003475617677541898e+00 -1.994544969253378763e+00 -1.996364720360228606e+00 -2.006257347588801032e+00
-1.943816173554828275e+00 -1.940868021268683297e+00 -4.917883983658696501e+00 -1.950799281268041918e+00
0.000000000000000000e+00 0.000000000000000000e+00 0.000000000000000000e+00 0.000000000000000000e+00
-4.926095585292826762e+00 -1.849299838382027827e+00 -1.855264330774935910e+00 -1.859148326583630384e+00
-1.954168027000597219e+00 -1.871193339076369755e+00 -1.869454649321776074e+00 -1.904708846823730095e+00
-1.842695317876533068e+00 -1.795032674505849801e+00 -1.749054534339116396e+00 -1.832841976658856842e+00
-1.787119576197072623e+00 -1.722401480838165577e+00 -1.613961734608971854e+00 -1.773774881257813352e+00
-1.698768484252296540e+00 -1.606790522113320296e+00 -1.429124891895970917e+00 -1.701528579004091268e+00
-1.595901235801057361e+00 -1.515208126805559719e+00 -1.204204459108542569e+00 -1.606588448076848419e+00
-1.485351471210014429e+00 -1.291717752756963655e+00 -1.012618328249387911e+00 -1.458389442242144174e+00
-1.379554174508134556e+00 -1.173796251560464077e+00 -8.951916347676952546e-01 -1.411355988900252934e+00
-1.299262076733505022e+00 -9.093100426103745137e-01 -7.443906354408408310e-01 -1.252896553978534389e+00
-1.043798534460450789e+00 -6.005833847780670531e-01 -7.970035237755295210e-01 -1.081290506843704868e+00
-1.220181861813017132e+00 -4.145080423873137021e-01 -1.118542785795382022e+00 -1.168674190298340188e+00
-1.057406670182385655e+00 -7.761493291991042875e-01 -4.641051006154073733e+00 -1.096426549291004360e+00
0.000000000000000000e+00 0.000000000000000000e+00 0.000000000000000000e+00 0.000000000000000000e+00
-1.947642278847407704e+00 -1.940152245933171704e+00 -1.970838341765067225e+00 -1.940943598759581334e+00
-1.893761056123829611e+00 -1.901944248537901894e+00 -2.168021706964522011e+00 -2.184631861359692007e+00
-1.859253847909368318e+00 -1.848510212215513038e+00 -1.857446680403725070e+00 -4.887358002275304258e+00
-1.936413804721658138e+00 -1.869696468107140852e+00 -1.867809127268214686e+00 -1.892024661668886276e+00
-1.823581313206877441e+00 -1.821523907911057227e+00 -1.811435646062638849e+00 -1.819736813798697117e+00
-1.748972104586370424e+00 -1.765530469625551602e+00 -1.709475820934956980e+00 -1.760964886858612077e+00
-1.700201741422137758e+00 -1.714524057730902218e+00 -1.591277754885969564e+00 -1.708494457162418101e+00
-1.675007585289851164e+00 -1.640130781469406163e+00 -1.448312816154496918e+00 -1.651630242175103014e+00
-1.552915092161411659e+00 -1.750103837777905014e+00 -1.300293039919178995e+00 -1.521406848229133635e+00
-1.481309298427056609e+00 -1.381740760191286554e+00 -1.126891116926272529e+00 -1.455893874899044649e+00
-1.326975405699447386e+00 -1.287140056572943170e+00 -8.451603652976034109e-01 -1.306141289835488273e+00
-1.225713119577549248e+00 -1.065226643717024579e+00 -6.074179535374385486e-01 -1.145864462808964923e+00
-9.781422491616269532e-01 -5.515014654477072842e-01 -4.565480818160190246e-01 -9.227999385797368559e-01
-7.541085571658765474e-01 -3.277312470482644513e-01 -5.239466046281775480e-01 -8.104803827975920472e-01
-9.489655275453260375e-01 -2.688646178140869369e-01 -1.370552845700014011e+00 -1.249225410498567390e+00
-9.007144778280330444e-01 -3.698228064563105488e-01 -1.140859962802703631e+00 -4.507614548908194685e+00
-1.914382902371259521e+00 -1.902615741395913052e+00 -1.905451599466252199e+00 -1.909725946736210211e+00
-1.885392005007988203e+00 -1.886277978646249132e+00 -1.890191822934954358e+00 -1.957459933986893885e+00
-1.864182589213834618e+00 -1.863643288452569324e+00 -1.877791365683753266e+00 -2.075371052957275531e+00
-1.850251363758955048e+00 -1.845049539124667737e+00 -1.846216220107976369e+00 -1.850813622089481303e+00
-1.810024090155096133e+00 -1.814983748654405593e+00 -1.809636391085871265e+00 -1.809504988717526075e+00
-1.776004832654386245e+00 -1.772019093525504019e+00 -1.773198012583596439e+00 -1.770978301797491161e+00
-1.745254278489296373e+00 -1.745459023007082111e+00 -1.723028636101449962e+00 -1.718529530983018860e+00
-1.630555537911022590e+00 -1.919747980682370958e+00 -1.796370297304194175e+00 -1.598368719353941314e+00
-1.334843298271291667e+00 -4.887358002275304258e+00 -1.331729045290245050e+00 -1.332142178794718079e+00
-1.412541602650495776e+00 -1.299671196387177874e+00 -1.276065486292605744e+00 -1.352091684626045121e+00
-1.249439460588650297e+00 -1.361439010168325137e+00 -1.062594503084851150e+00 -1.252106437301412578e+00
-1.231296006198190796e+00 -1.159744153417558987e+00 -6.895260828584850454e-01 -1.183442401386748832e+00
-1.130588549420491029e+00 -8.375624364641960362e-01 -4.055167327920071729e-01 -1.089246617479594503e+00
-7.789954172853003067e-01 -1.622175563113290864e-01 -3.039196413622758386e-01 -5.837551511523484393e-01
-7.126640070060230592e-01 1.103154306521773736e-01 -6.070360699707159080e-01 -7.621495807796234701e-01
-6.427332659943582049e-01 1.447142003450200276e-01 -6.374115942924069023e-01 -1.223007219678198032e+00
-1.884163333178912936e+00 -1.875335496981564321e+00 -1.871348290997190578e+00 -1.880359364469935679e+00
-1.861217690820290205e+00 -1.864224422117267244e+00 -1.860577035209155961e+00 -1.870480410165624496e+00
-1.834737498282485335e+00 -1.835730441456576267e+00 -1.841538335918553093e+00 -1.841274728977522646e+00
-1.829961853278807116e+00 -1.825669707600130920e+00 -1.830384940919840719e+00 -1.829421081803416227e+00
-1.802574563915925854e+00 -1.808098084341927425e+00 -1.806499546970287584e+00 -1.805751901110663526e+00
-1.779810383670593632e+00 -1.775820488699676236e+00 -1.777719784645676926e+00 -1.773274566397084806e+00
-1.747642041856235284e+00 -1.731388020595495902e+00 -1.852937757500071614e+00 -1.728979775462058832e+00
-1.561054701972551140e+00 -1.571102364650916128e+00 -4.809239787761526941e+00 -1.587766575249780932e+00
0.000000000000000000e+00 0.000000000000000000e+00 0.000000000000000000e+00 0.000000000000000000e+00
-4.249526823515004104e+00 -1.281980783650413569e+00 -1.293376958059438309e+00 -1.275839914793863938e+00
-1.397874210376521598e+00 -1.292530486107263288e+00 -1.894578850143564086e+00 -1.280896196082656813e+00
-1.193195658551529093e+00 -4.507614548908194685e+00 -9.730392590398306840e-01 -1.146273271183293918e+00
-1.381141343884662698e+00 -9.307048517391148801e-01 -2.198574095818743301e-01 -1.008908244513148977e+00
-7.018601524488129462e-01 -5.828533442945139642e-01 1.150938642067754619e-01 -4.253031998769380984e-01
-2.236872230551126550e-01 -1.137559652098008245e+00 2.747104232039548344e-01 -2.011963749382299771e-01
-1.467628839100845184e-01 6.457323196334874282e-01 1.756238330328397101e-01 -3.360735637745252413e-01
-1.855873878592592119e+00 -1.855714802933423835e+00 -1.861101843018522883e+00 -1.856264355793959542e+00
-1.871228470569355595e+00 -1.879125180343024670e+00 -1.961622734928697431e+00 -1.857990212470674418e+00
-1.801621811254951577e+00 -4.845484228086837319e+00 -1.799672449998625190e+00 -1.801071543914670503e+00
-2.132229511270709033e+00 -1.836269293743509223e+00 -1.814395132017450729e+00 -1.819438259359920096e+00
-1.788399786294128324e+00 -1.784294972915992261e+00 -1.783044378975912059e+00 -1.801416167253885092e+00
-1.754785852986626260e+00 -1.755808483014296817e+00 -1.748600166268198475e+00 -1.758252636604192842e+00
-1.722829898143972249e+00 -1.724784641635946469e+00 -1.698691665524651562e+00 -1.718937364208483087e+00
-1.711431592386500444e+00 -1.739435443883792010e+00 -1.474081357612011089e+00 -1.834346260888763958e+00
-1.176199008066622476e+00 -2.847663950000000277e+00 -1.124542719846889804e+00 -4.249526823515004104e+00
-1.282370416058277840e+00 -9.676577985923271452e-01 -1.218293658756443909e+00 -1.498209719865067902e+00
-8.987976272976658798e-01 -9.372659935157080513e-01 -4.392116727047153724e+00 -9.116031927554058001e-01
0.000000000000000000e+00 0.000000000000000000e+00 0.000000000000000000e+00 0.000000000000000000e+00
-4.452905054342438440e+00 -3.764749527686424013e-01 -7.819568816818787127e-01 -7.041910558548757360e-01
-1.090510261229475697e+00 -1.043211758317668769e+00 -5.614982229380586359e-02 -8.716994026571495136e-01
-7.302491607549408403e-01 -4.940137424087190254e+00 5.276308620955705297e-01 -4.707707187143044258e-01
-2.715787441959780502e-01 8.759833211681908871e-01 1.566300229750490214e-01 9.980025156406560627e-02
-1.811024285057736050e+00 -1.804294799876016153e+00 -1.814765285959198726e+00 -1.834877922283522089e+00
-1.666197893759960191e+00 -1.664614479406933967e+00 -4.764493565137687625e+00 -1.652080319030844180e+00
0.000000000000000000e+00 0.000000000000000000e+00 0.000000000000000000e+00 0.000000000000000000e+00
-4.809239787761526941e+00 -1.684936746857124801e+00 -1.691416620233046064e+00 -1.687801525885439524e+00
-1.836141827451222230e+00 -1.745834526830002176e+00 -1.751067999697476951e+00 -1.757368117816387354e+00
-1.730003455886040431e+00 -1.730050513218415631e+00 -1.736868793409121592e+00 -1.728734759842895707e+00
-1.705689566024098269e+00 -1.708688636559949403e+00 -1.724520551617801489e+00 -1.706007439363455003e+00
-1.559317524793624843e+00 -1.569238282975983445e+00 -4.828315808985374602e+00 -1.558034844912702832e+00
0.000000000000000000e+00 0.000000000000000000e+00 0.000000000000000000e+00 0.000000000000000000e+00
-4.249526823515004104e+00 -1.170964320755437882e+00 -7.041324788857046268e-01 -1.145765754350170251e+00
-1.324319242564321319e+00 -3.729067085835499729e+00 -4.907693519662131854e-01 -7.786100585058660650e-01
-4.605843828846066801e-01 -4.628788909736497037e-01 -3.595302099295457077e-01 -2.847663950000000277e+00
-6.027983556808942378e-01 -1.575990891787237003e-01 -4.434416552734254391e-01 -5.727052112101881365e-01
-3.152679431911236674e-01 -2.910539422002656265e-02 -4.166140915016670832e+00 -4.880322408834224523e-01
0.000000000000000000e+00 0.000000000000000000e+00 0.000000000000000000e+00 0.000000000000000000e+00
-4.999867193005561816e+00 9.999999999999995559e-01 -1.332336754290748826e-01 3.458118573816014729e-01
-1.768691850114695985e+00 -1.765321231845931260e+00 -1.766276615043996134e+00 -1.762742077245664341e+00
-1.739860054512863075e+00 -1.751075459191889117e+00 -1.732328276882360685e+00 -1.921492327430714075e+00
-1.726490247785768650e+00 -1.732102970532984010e+00 -1.722699153323414167e+00 -4.676945905538666182e+00
-1.783982841950607412e+00 -1.754862845291188744e+00 -1.728383712316685861e+00 -2.299654672501009856e+00
-1.728281983079377859e+00 -1.724498451779113539e+00 -1.727287373109257063e+00 -1.731756076394572519e+00
-1.717812884958513697e+00 -1.729060985376060344e+00 -1.716254907644077399e+00 -1.708946211003077975e+00
-1.710702371445771863e+00 -1.718718484598696694e+00 -1.698571097565509280e+00 -1.693578469024093147e+00
-1.692686536112796958e+00 -1.720674774826540077e+00 -1.737845901434405205e+00 -1.887460471469107004e+00
-1.378257026385762973e+00 -1.360522225449109390e+00 -1.281932095037180863e+00 -4.641051006154073733e+00
-1.484949121391271332e+00 -1.458131466478842064e+00 -3.729067085835499729e+00 -1.242286824168244985e+00
0.000000000000000000e+00 0.000000000000000000e+00 0.000000000000000000e+00 0.000000000000000000e+00
-2.608515500000000209e+00 -2.190183522207363176e-01 -2.177324854229344964e-01 -2.284921985678810274e-01
-2.979414261657645224e-01 -2.385565634336253849e-01 7.145291801769723672e-02 -3.614352293998936427e-01
-2.462760339983575131e-01 -2.239850503714121976e-01 4.726102738900971878e-01 -5.606506855757199537e-01
-6.011034826615964388e-02 5.409886374621056815e-01 9.999998478983564976e-01 -4.556853094017375483e+00
0.000000000000000000e+00 0.000000000000000000e+00 0.000000000000000000e+00 0.000000000000000000e+00
