-3.053370129209024508e+00 -3.203359944020878203e+00 -3.007968080520890819e+00 -3.054350320475930580e+00
-3.033574476422990607e+00 -3.125401695709358663e+00 -2.936405439662841843e+00 -2.996573198595538834e+00
-2.955851521515601377e+00 -2.870515370207163741e+00 -2.864755465861985151e+00 -2.888819494378920272e+00
-2.845704078805849857e+00 -2.796016898241047599e+00 -2.789492508448090380e+00 -2.826894347894376658e+00
-2.736303080083740458e+00 -2.719752199609444698e+00 -2.724708309537636097e+00 -2.731504874732407995e+00
-2.562749374074287712e+00 -2.553564722109062490e+00 -4.999016864747622080e+00 -2.742683611686945078e+00
0.000000000000000000e+00 0.000000000000000000e+00 0.000000000000000000e+00 0.000000000000000000e+00
-4.874842224750338460e+00 -2.041603631663011065e+00 -2.074745441731244977e+00 -2.322336232362216535e+00
-2.254215610519725299e+00 -2.233760046915083564e+00 -2.228056819459010907e+00 -2.229187400696530208e+00
-2.199395696040906234e+00 -2.193902898770424770e+00 -2.191675111387433539e+00 -2.200926319582622970e+00
-2.158290298139860841e+00 -2.145079830032849078e+00 -2.178773869279925890e+00 -2.142677223852063939e+00
-2.098598562807792778e+00 -2.413002977381000225e+00 -2.085732850334181432e+00 -2.090300807196820543e+00
-2.047566859658197735e+00 -2.039025359424358808e+00 -2.039177976747277743e+00 -2.043321351322987312e+00
-2.001007917659887170e+00 -1.996571486703927256e+00 -1.995509268143681680e+00 -2.001011230277783604e+00
-1.964774636737996572e+00 -1.936458045330970545e+00 -1.931603371542674141e+00 -1.942797328667220214e+00
-1.880343005064043060e+00 -1.882777885963326403e+00 -1.884776478941636135e+00 -1.892360336852397129e+00
-1.848373399231819647e+00 -1.839472460902955575e+00 -1.843517163154117622e+00 -1.856482912439959776e+00
-1.812009589741633064e+00 -1.809492179536011935e+00 -1.813929576841247338e+00 -1.817300252478415201e+00
-1.790317758102035306e+00 -1.787652259675406086e+00 -1.783808330952325605e+00 -1.790735844306843072e+00
-1.773663323290731508e+00 -1.770987276178583425e+00 -1.766660134523730941e+00 -1.778056775680092683e+00
-3.226567580274772418e+00 -4.999997818883735512e+00 -2.764525122724923900e+00 -2.753803112317474433e+00
-2.832354892173154504e+00 -4.999999999942065898e+00 -2.826383565095580863e+00 -2.830509743635207354e+00
-2.803625925746369152e+00 -2.923281365192671455e+00 -2.793384801203976142e+00 -2.856208408653094555e+00
-2.796429253962587680e+00 -2.724932694203295203e+00 -2.724318952620656376e+00 -2.791316467285036573e+00
-2.717110338875973419e+00 -2.651750342654779935e+00 -2.671580409040587689e+00 -2.697628450684930623e+00
-2.567369760198070949e+00 -2.559624499409634879e+00 -2.572292612291778635e+00 -2.789517457521783594e+00
-2.391722354598202038e+00 -2.340224453446005271e+00 -2.340539981681085457e+00 -4.979127210410353221e+00
-2.330193948734637033e+00 -2.329981441233244688e+00 -2.323419620521289808e+00 -2.527350660951245054e+00
-2.280247919948261259e+00 -2.267098704315958724e+00 -2.265764588599239904e+00 -2.265913345684529734e+00
-2.239697883194873285e+00 -2.220773075003227071e+00 -2.196829147711155006e+00 -2.212634085251935279e+00
-2.175875142112658978e+00 -2.570972802391220391e+00 -2.145216050230169369e+00 -2.165760992726293743e+00
-2.101504597591887347e+00 -4.917883983658696501e+00 -2.092254588014109018e+00 -2.097166252915560580e+00
-2.065038796761586415e+00 -2.211534777756810843e+00 -2.039921250778461648e+00 -2.040544449768942226e+00
-1.985609277835447495e+00 -2.179965017595829835e+00 -1.984289629425864288e+00 -1.988678427443861363e+00
-1.970502530471160085e+00 -1.899715493985342452e+00 -1.907606094245459127e+00 -1.914152418568083380e+00
-1.858299504574782546e+00 -1.824674569656141720e+00 -1.854211878657236579e+00 -1.860857094152785329e+00
-1.826755902691270750e+00 -1.823946425960050854e+00 -1.821062040060403397e+00 -1.822512854960707473e+00
-1.798318584739438730e+00 -1.793541219926816144e+00 -1.793801609091300486e+00 -1.796734849777921639e+00
-1.774543176067319372e+00 -1.774879937173139188e+00 -1.772375933155098116e+00 -1.769860312910801481e+00
-1.767592170324217671e+00 -1.754463467562732415e+00 -1.749757484699569821e+00 -1.755764919980193017e+00
0.000000000000000000e+00 0.000000000000000000e+00 0.000000000000000000e+00 0.000000000000000000e+00
0.000000000000000000e+00 0.000000000000000000e+00 0.000000000000000000e+00 0.000000000000000000e+00
-4.999994933141911346e+00 -2.610558595922024772e+00 -2.616073446714020534e+00 -2.621960766542677401e+00
-2.648058688987224407e+00 -2.644492642221530687e+00 -2.649901128188469901e+00 -2.709746985525414598e+00
-2.616196648314443873e+00 -2.582679511977850062e+00 -2.583685352168898053e+00 -2.661594996894120158e+00
-2.536404838046084187e+00 -2.518349783690370547e+00 -2.521882605228369822e+00 -2.568911128458772009e+00
-2.501787123259747503e+00 -2.436302177425483162e+00 -2.435021651000808252e+00 -2.544524280084799805e+00
-2.406748815891867288e+00 -2.369486367116333092e+00 -2.369306431319738504e+00 -2.371157904986191944e+00
-2.331285831220529126e+00 -2.317635853533653201e+00 -2.311683971352844758e+00 -2.311558439590789327e+00
-2.265325648481151699e+00 -2.277303434407775828e+00 -2.463785009026772332e+00 -2.265146740035731021e+00
-2.103904085766131971e+00 -2.102654877276581402e+00 -4.898622202047773655e+00 -2.095993545696383187e+00
0.000000000000000000e+00 0.000000000000000000e+00 0.000000000000000000e+00 0.000000000000000000e+00
-4.738326183486319287e+00 -1.951573594669570477e+00 -1.909907881410060515e+00 -1.917889260082945579e+00
-2.268146966255260466e+00 -4.676945905538666182e+00 -1.847395138618203259e+00 -1.841476345539279968e+00
-1.934211795537050138e+00 -1.927380361798711972e+00 -1.791635708444697439e+00 -1.872687802073989216e+00
-1.811030676666449013e+00 -1.649654122480552321e+00 -1.836412913037911654e+00 -1.826204219658548622e+00
-1.805447946437072071e+00 -1.951466770845954990e+00 -1.801328549390523781e+00 -1.798886197070021176e+00
-1.775522744612983761e+00 -1.773326627926832710e+00 -1.776351300629154473e+00 -1.773822629389428140e+00
-1.744224511649694165e+00 -1.742228434763462230e+00 -1.747239722732874201e+00 -1.748903606664282240e+00
-1.735547495950128694e+00 -1.725977108150379413e+00 -1.740525691960013610e+00 -1.735543095439530115e+00
-2.520647165913762144e+00 -2.377923108310282529e+00 -2.487218260978577788e+00 -4.887358002275304258e+00
-2.652920010828765385e+00 -2.490561955463725496e+00 -2.515091224835395156e+00 -4.908759981842996112e+00
-2.571078181832793685e+00 -2.556741113776103802e+00 -2.558993317964394443e+00 -2.557504031754444629e+00
-2.585319996808758791e+00 -2.573153563501369590e+00 -2.574126742336245943e+00 -2.606663903299679230e+00
-2.526519681362063618e+00 -2.516235900961162564e+00 -2.515731528616841572e+00 -2.524246289802333010e+00
-2.451422260222538618e+00 -2.448774032491349839e+00 -2.448499083378956165e+00 -2.462807392219265257e+00
-2.400240757081193443e+00 -2.373217088145781251e+00 -2.375109675230116402e+00 -2.398265091624893319e+00
-2.318969510427941749e+00 -2.303056756408826011e+00 -2.316782869608046802e+00 -2.315414788926068557e+00
-2.311751684881121705e+00 -2.424295591620192702e+00 -2.309603041356814046e+00 -2.314590400086360855e+00
-2.290162694893047135e+00 -4.898622202047773655e+00 -2.275372645241686698e+00 -2.284302334987485583e+00
-2.246777824673555468e+00 -2.132899982573042585e+00 -2.293621857018267818e+00 -2.331828900165142215e+00
-2.019807886099367789e+00 -4.166140915016670832e+00 -2.015250228638864716e+00 -4.324574141163504137e+00
-2.101511659023134637e+00 -2.147499952917117039e+00 -4.073489905574079195e+00 -2.025125764168957954e+00
0.000000000000000000e+00 0.000000000000000000e+00 0.000000000000000000e+00 0.000000000000000000e+00
-4.676945905538666182e+00 -1.657330748653104591e+00 -1.671287128287204382e+00 -1.685181196011153126e+00
-1.720907930281520226e+00 -1.524868348953374753e+00 -1.716872376733834749e+00 -1.726088819954657128e+00
-1.689490723499491365e+00 -4.709251314984799208e+00 -1.684962501415490754e+00 -1.702758769659385996e+00
-1.902297882001552587e+00 -1.877542989949549490e+00 -1.711680747105348566e+00 -1.720618317889084370e+00
-1.692228790325901455e+00 -1.687094415137931014e+00 -1.687937966966050363e+00 -1.701832668988757735e+00
-1.684608535081025149e+00 -1.682850509756788293e+00 -1.691963868198354426e+00 -1.694635403966887166e+00
-2.456063614925786620e+00 -2.455963147732731500e+00 -2.455266753942939140e+00 -2.569708366397728927e+00
-2.474401547074973173e+00 -2.471973083052604103e+00 -2.472357213902141471e+00 -2.621088999616248749e+00
-2.497042508610492817e+00 -2.496094949481538983e+00 -2.504947583514137044e+00 -2.518230580867992341e+00
-2.507055463703806275e+00 -2.505520677331626533e+00 -2.505974023032292664e+00 -2.511412443063163025e+00
-2.458615397840461458e+00 -2.448240999452035105e+00 -2.448380710057745713e+00 -2.450507923431730184e+00
-2.393010542702871390e+00 -2.374051745519593748e+00 -2.379094226968439418e+00 -2.413732297948947725e+00
-2.360482889740850521e+00 -2.288949166031069016e+00 -2.305356415764344469e+00 -2.343151927888314834e+00
-2.249531573553340102e+00 -2.223970958976848156e+00 -2.258782756381370049e+00 -2.271696085755789962e+00
-2.147675556791465379e+00 -2.107228355303832235e+00 -4.971367915514887770e+00 -2.125840336165953914e+00
0.000000000000000000e+00 0.000000000000000000e+00 0.000000000000000000e+00 0.000000000000000000e+00
-4.324574141163504137e+00 -1.952066154963088662e+00 -4.166140915016670832e+00 -2.018088539748906118e+00
0.000000000000000000e+00 0.000000000000000000e+00 0.000000000000000000e+00 0.000000000000000000e+00
-4.601167784615637579e+00 -1.672387615832735985e+00 -1.597048688223137836e+00 -1.673617385883282793e+00
-1.528518629591328004e+00 -1.544711346395303053e+00 -1.540966434377563754e+00 -4.556853094017375483e+00
-1.705846118148558244e+00 -1.562079256245874292e+00 -1.777807728159776168e+00 -1.677795685518035596e+00
-1.493165815730254753e+00 -1.407961704644617340e+00 -4.556853094017375483e+00 -1.523972546818787022e+00
0.000000000000000000e+00 0.000000000000000000e+00 0.000000000000000000e+00 0.000000000000000000e+00
-4.738326183486319287e+00 -1.512930498839731408e+00 -1.521550581358067200e+00 -1.506392778792728260e+00
-1.664443472532914026e+00 -1.633145861354276196e+00 -1.633434258280526796e+00 -1.634175831595625183e+00
-1.640766518630431881e+00 -1.632829771192180424e+00 -1.646440922439309729e+00 -1.642403956869428638e+00
-2.436137450379633584e+00 -2.428196607315725508e+00 -2.429640122777190214e+00 -2.445671640866136087e+00
-2.434402049062328377e+00 -2.434577270277591410e+00 -2.435390123329400858e+00 -2.445022212180946397e+00
-2.443802360408754648e+00 -2.443392923204857237e+00 -2.449582043110358764e+00 -2.444323961438416681e+00
-2.451791989013420991e+00 -2.437481826535765173e+00 -2.438628805790027165e+00 -2.454358976502807543e+00
-2.396009241201197959e+00 -2.379408707047644622e+00 -2.373904503157722168e+00 -2.402424396338975754e+00
-2.342974686869913725e+00 -2.348887804411548874e+00 -2.290367891821812218e+00 -2.343652347484695309e+00
-2.274365658385583355e+00 -2.311827541989455614e+00 -2.207355732920168734e+00 -2.245974733331013162e+00
-2.271067896917657869e+00 -2.155025352250123039e+00 -2.116652240297097087e+00 -2.241618548597328786e+00
-2.168766088727280383e+00 -2.021910478503880171e+00 -2.070957975667309547e+00 -2.112385172641936926e+00
-1.882747802906490131e+00 -1.893467110750500781e+00 -1.878299103134694059e+00 -4.917883983658696501e+00
-2.087943660647085586e+00 -1.841916180964068506e+00 -1.953239995645500215e+00 -2.018302061339520836e+00
-1.628810223814767477e+00 -1.624582967817405743e+00 -1.627180525416248580e+00 -4.676945905538666182e+00
-1.717871375833040837e+00 -1.650435826598380729e+00 -1.656787188267829558e+00 -1.727782245075609957e+00
-1.578622888280211800e+00 -1.570745750777148508e+00 -1.554611674757388151e+00 -1.676277204148399536e+00
-1.546283722611919931e+00 -1.413705711068152349e+00 -1.515067133166242641e+00 -1.564479764455298128e+00
-1.495597168809677857e+00 -1.324222173465352537e+00 -1.734414277636975754e+00 -1.494132299836927524e+00
-1.439146994852606998e+00 -1.448295956187509281e+00 -1.448557348691493107e+00 -4.601167784615637579e+00
-1.514106831627929139e+00 -1.517662764962922406e+00 -1.516027576642888786e+00 -1.515569763714410989e+00
-1.573079555256059248e+00 -1.574520943414425611e+00 -1.562614818335439137e+00 -1.590947498953526384e+00
-1.599410959610136906e+00 -1.426809302293582160e+00 -1.605828871994509743e+00 -1.602748567005432223e+00
-2.393216366866595557e+00 -2.396090850405362627e+00 -2.397618222787247788e+00 -2.399537740812677455e+00
-2.393303843751112048e+00 -2.390789979290405931e+00 -2.391620584745965949e+00 -2.401653169308842983e+00
-2.390393493124164603e+00 -2.388747507122264135e+00 -2.389100467468634470e+00 -2.396157353283137503e+00
-2.382212279934544874e+00 -2.371198474342821161e+00 -2.370795829649438691e+00 -2.385673169653498071e+00
-2.335746692072445008e+00 -2.311447204044683623e+00 -2.312905784112408103e+00 -2.336917768767260206e+00
-2.313411842203564550e+00 -2.447182448686479717e+00 -2.263673088805879807e+00 -2.311236231928283757e+00
-2.116239705962444706e+00 -4.974231123963399170e+00 -2.105523311986551960e+00 -2.125576205030299093e+00
-2.432591822372659696e+00 -2.237206258946232484e+00 -2.047159105534215762e+00 -2.097114338656704380e+00
-2.114211017108118540e+00 -1.930265898226846133e+00 -1.986920296784913775e+00 -2.086597296448379879e+00
-1.918868611394732415e+00 -1.874861842220949537e+00 -1.871383847552659185e+00 -2.149227129728961572e+00
-1.837760404138877757e+00 -1.738874682235679314e+00 -1.797773811759681761e+00 -1.813203801880749033e+00
-1.724999710171369660e+00 -1.703534432803265330e+00 -1.693577695317215026e+00 -1.843078841443614113e+00
-1.634207979619948459e+00 -1.626828414190597982e+00 -1.576044098074317779e+00 -1.646602782837278900e+00
-1.569879706297542477e+00 -1.548241526040575078e+00 -1.442500654724742093e+00 -1.580779398270656388e+00
-1.504201352915193191e+00 -1.452453652600066869e+00 -1.282863314841389046e+00 -1.512143532753176700e+00
-1.425117967698580790e+00 -1.166280733368819433e+00 -1.443636618480456546e+00 -1.447713588383117145e+00
-1.427727120649400216e+00 -1.373243072479982896e+00 -1.437955472024549541e+00 -1.432001016733676746e+00
-1.473337874163989536e+00 -1.474271213521813673e+00 -1.475959322034869681e+00 -1.491675133945011611e+00
-1.533838610054616414e+00 -1.663409512127538514e+00 -1.583588393091260427e+00 -1.541995720781367929e+00
-1.354447499157533041e+00 -4.507614548908194685e+00 -1.337661970082763885e+00 -1.329784371386011355e+00
-2.361708392518750532e+00 -2.391849200896924543e+00 -2.359348952229209040e+00 -2.361969522737874527e+00
-2.345597319982630324e+00 -2.344089328329322708e+00 -2.349768610364836530e+00 -2.354745014336767195e+00
-2.339742023803844440e+00 -2.333974198458151683e+00 -2.335902945326333580e+00 -2.337238762178870832e+00
-2.310390035769348760e+00 -2.301761010581379274e+00 -2.303654659762847778e+00 -2.321712049035508318e+00
-2.259040527946388544e+00 -2.237137874290128003e+00 -2.231654655527682163e+00 -2.255043765016354840e+00
-2.176999680110032198e+00 -2.133026389313529059e+00 -4.946123681678471051e+00 -2.170231878323053643e+00
0.000000000000000000e+00 0.000000000000000000e+00 0.000000000000000000e+00 0.000000000000000000e+00
-4.917883983658696501e+00 -1.919725103483797657e+00 -1.920513895404229565e+00 -1.932645320030262237e+00
-2.003221890801013316e+00 -1.817246122595139735e+00 -1.864779071610592753e+00 -1.973486125084350284e+00
-1.895840438843234166e+00 -1.808772656355885244e+00 -1.779739179753521583e+00 -1.848346161861704529e+00
-1.858732431019445741e+00 -1.714947845915485436e+00 -1.655383300776135380e+00 -1.793907001969115678e+00
-1.764559675684820084e+00 -1.546233027042879904e+00 -1.606624106920819806e+00 -1.705706467985494079e+00
-1.618770621551644640e+00 -1.512744569080592960e+00 -1.476688073275354895e+00 -1.660009676684663482e+00
-1.544408203988961725e+00 -1.453057637964572324e+00 -1.349517819968298449e+00 -1.554808504697301696e+00
-1.462810079809309771e+00 -1.333359447054281555e+00 -1.205542839686452705e+00 -1.447880365025894900e+00
-1.361340012059991444e+00 -1.059098040084748504e+00 -1.363498400899471497e+00 -1.365946252976620423e+00
-1.219461359266703182e+00 -1.366102294346886348e+00 -1.383243389663152190e+00 -1.376072399939936242e+00
-1.381697017068268973e+00 -1.408666428353412714e+00 -1.452630079475052849e+00 -1.412251568073241925e+00
-1.339045753984630549e+00 -1.328021106092976744e+00 -4.601167784615637579e+00 -1.332143505874954226e+00
0.000000000000000000e+00 0.000000000000000000e+00 0.000000000000000000e+00 0.000000000000000000e+00
-2.318127517040894592e+00 -2.694652279979612430e+00 -2.323252140879765726e+00 -2.326808571452334551e+00
-2.301394727531489881e+00 -2.296970940398281869e+00 -2.296018406000733147e+00 -2.306904860668992807e+00
-2.281314256359332493e+00 -2.278239637900535186e+00 -2.281551836785951970e+00 -2.283679231459479819e+00
-2.241925147064673052e+00 -2.234567599956310602e+00 -2.233820736013116814e+00 -2.239645197082217543e+00
-2.176873310643889337e+00 -2.154726411723160595e+00 -2.167631073380606566e+00 -2.194874413091884247e+00
-2.099314604930045292e+00 -2.098841726626622162e+00 -2.023453883959861699e+00 -2.139437708961436257e+00
-1.929461636605128039e+00 -1.932827244671380118e+00 -1.928918318529494913e+00 -4.898622202047773655e+00
-2.015197599914102078e+00 -1.890904546944785602e+00 -1.847456254442205070e+00 -1.891015708891100378e+00
-1.859454069400318765e+00 -1.706271830786386001e+00 -1.801260467360785045e+00 -1.864054243343229222e+00
-1.773220567708270412e+00 -1.656926459944238150e+00 -1.746955460162162632e+00 -1.762019360767711929e+00
-1.694739322148474781e+00 -1.650383228677731129e+00 -1.568032972548535797e+00 -1.719648099357065085e+00
-1.661587714451588038e+00 -1.551757924263175603e+00 -1.399891997157383994e+00 -1.654460366982520636e+00
-1.562081272958805167e+00 -1.425423978432759586e+00 -1.275648580736680859e+00 -1.550412584934470317e+00
-1.490916918797197344e+00 -1.177942193146059635e+00 -1.338327710036625318e+00 -1.444495186076722559e+00
-1.393128803797366144e+00 -1.074910472406941375e+00 -1.285967144334461354e+00 -1.390942330227556978e+00
-1.296118746012507650e+00 -9.433051795448069710e-01 -1.323444935966564762e+00 -1.262462030426316550e+00
-1.302963841015699620e+00 -1.197553697999386380e+00 -1.325421164103644855e+00 -1.320116012922646798e+00
-1.344723866322681260e+00 -1.344040201276090585e+00 -1.349609310569961806e+00 -1.352877191856690864e+00
-1.354364572195603911e+00 -1.348999468491292264e+00 -1.536899623941100579e+00 -1.483680832152167062e+00
-1.284849698289834308e+00 -1.273589656745906851e+00 -1.281929355672588144e+00 -3.970544339526754563e+00
-2.180966806876412978e+00 -4.908759981842996112e+00 -2.097102733044072576e+00 -2.121431888128423537e+00
-2.373447984381006126e+00 -2.504261576806656731e+00 -2.252783337372733730e+00 -2.260565735995847092e+00
-2.228614445316662529e+00 -2.223669248798716858e+00 -2.223699491150452623e+00 -2.235119363168209361e+00
-2.188394177704849675e+00 -2.175485849316368903e+00 -2.147760314421785832e+00 -2.188514551006520037e+00
-2.137160439192693939e+00 -2.130800123506794375e+00 -2.063244136251844107e+00 -2.124087883119777587e+00
-2.062759742655929429e+00 -2.116066928274977332e+00 -1.937721360881185850e+00 -2.082121039117444283e+00
-2.000158873709640961e+00 -1.946048036557639582e+00 -1.865400657861757239e+00 -2.015690001295205480e+00
-1.944385020108195583e+00 -1.892656722657988011e+00 -1.748106025039581013e+00 -1.928008843544857465e+00
-1.838293719592112740e+00 -1.791452416113356705e+00 -1.595255504431035032e+00 -1.826282586869040880e+00
-1.749950266152015876e+00 -1.710066669583560017e+00 -1.519084089887421607e+00 -1.760402481385888063e+00
-1.659257027035019538e+00 -1.616427329905742560e+00 -1.406646567984574991e+00 -1.673420189505830935e+00
-1.594858582900136712e+00 -1.545690348819264148e+00 -1.311995530971737489e+00 -1.554764569409070374e+00
-1.473007943885823012e+00 -1.411760763068981017e+00 -1.190318557534572053e+00 -1.457307512158805052e+00
-1.379184386973597354e+00 -1.195283025380323716e+00 -1.088243779318307736e+00 -1.362333946822851694e+00
-1.261471147035689189e+00 -1.086402363633362178e+00 -9.461591210226195647e-01 -1.269708917160435213e+00
-1.088441592483532228e+00 -7.930614699175727589e-01 -1.126675991089655104e+00 -1.101368885514309559e+00
-9.986634834769148039e-01 -1.219616481947973341e+00 -1.273449767124253729e+00 -1.286090117343132722e+00
-1.241288812738133851e+00 -1.281480751913687266e+00 -1.288115202636451073e+00 -1.302071983883326789e+00
-1.326233483852300887e+00 -1.379798821168251699e+00 -1.484984506831348972e+00 -1.346293456304468839e+00
-1.243326688231148447e+00 -4.166140915016670832e+00 -1.516886889857736564e+00 -1.254199380189713109e+00
0.000000000000000000e+00 0.000000000000000000e+00 0.000000000000000000e+00 0.000000000000000000e+00
-4.926095585292826762e+00 -2.184787858650651948e+00 -2.190804854611718255e+00 -2.193804139113763263e+00
-2.469003144500192537e+00 -2.192927583969889849e+00 -2.192789464806321309e+00 -2.195934388546522342e+00
-2.155745903381704132e+00 -2.172206843754553418e+00 -2.158768409267552091e+00 -2.170958147187141307e+00
-2.141840512082639592e+00 -2.123448862542611781e+00 -2.121128494591611791e+00 -2.117715450495551099e+00
-2.106362465530238204e+00 -2.088175570392514224e+00 -2.140550073147167165e+00 -2.053049145126027319e+00
-1.895858430609723699e+00 -4.809239787761526941e+00 -1.884223737602915172e+00 -1.888280154261490651e+00
-1.871886768086781672e+00 -1.871129773754681036e+00 -1.817383039179689463e+00 -1.821894593931815631e+00
-1.749164075327398038e+00 -1.742984115083326069e+00 -1.732402429225251339e+00 -1.742297567516712054e+00
-1.697719325299250182e+00 -1.680348894415723660e+00 -1.644486248016453711e+00 -1.692337803677434360e+00
-1.641949587312482972e+00 -1.692726974607071000e+00 -1.569289798205915076e+00 -1.621648908978335246e+00
-1.545216374943717996e+00 -1.740241489081009840e+00 -1.673206057013992387e+00 -1.470552311237626197e+00
-1.433174967985096693e+00 -4.709251314984799208e+00 -1.192027954351438268e+00 -1.348487726504904449e+00
-1.444951144914455643e+00 -1.336198655481602104e+00 -9.696170513340114372e-01 -1.256143453923932007e+00
-1.239772090862955478e+00 -1.108641872653745475e+00 -8.191499549748140208e-01 -1.205740102087042631e+00
-9.984716873624541744e-01 -6.856710564227284088e-01 -1.087805998422782361e+00 -1.042375817083792677e+00
-1.129851556013877767e+00 -8.948540952117778335e-01 -1.217704278882163260e+00 -1.202799641976757039e+00
-1.205126990269700382e+00 -1.243766697115524789e+00 -1.624404510215897268e+00 -1.248643627421214486e+00
-1.104981872332117865e+00 -3.256607799500000233e+00 -3.729067085835499729e+00 -1.101748684280182466e+00
0.000000000000000000e+00 0.000000000000000000e+00 0.000000000000000000e+00 0.000000000000000000e+00
-2.260321684532668129e+00 -2.071518776089560809e+00 -2.070061002639501435e+00 -4.738326183486319287e+00
-2.228346056835667444e+00 -2.152470544061461766e+00 -2.152625288966536488e+00 -2.393271352751397352e+00
-2.180744591597288284e+00 -2.164882169231398201e+00 -2.165477298202593825e+00 -2.164687056054350300e+00
-2.140933173301796444e+00 -2.233310201722632282e+00 -2.134605277278657454e+00 -2.132985891667397826e+00
-2.108000109758040974e+00 -2.096714829511197919e+00 -2.106038749824167056e+00 -2.106715002549992111e+00
-2.085663121706073930e+00 -2.089096417196135036e+00 -4.898622202047773655e+00 -2.076340585507272962e+00
0.000000000000000000e+00 0.000000000000000000e+00 0.000000000000000000e+00 0.000000000000000000e+00
-4.788044208623919218e+00 -1.641258089856533209e+00 -1.639434152504663178e+00 -1.660303764153593598e+00
-1.988223666736901318e+00 -1.678345446109311023e+00 -1.685807706540115580e+00 -1.688590777470463378e+00
-1.671827101999605603e+00 -1.789947454371921154e+00 -1.903540548166673174e+00 -1.673677180807982889e+00
-1.591149298047657590e+00 -4.452905054342438440e+00 -1.775022412338846722e+00 -1.581191032592979440e+00
-1.419968308743019492e+00 -1.441203971800282035e+00 -4.452905054342438440e+00 -1.435599093104592106e+00
0.000000000000000000e+00 0.000000000000000000e+00 0.000000000000000000e+00 0.000000000000000000e+00
-4.324574141163504137e+00 -1.066300920115696105e+00 -1.024389405499227967e+00 -1.071420887844390046e+00
-1.193888643222224877e+00 -8.058054495029585151e-01 -1.011939239354040954e+00 -1.138670758086648194e+00
-1.014470576690585268e+00 -5.197095626641701216e-01 -9.056534128058775224e-01 -9.513587357880864959e-01
-6.959772611580797852e-01 -1.019307595165964253e+00 -1.107718260947169631e+00 -1.138741954158998704e+00
-8.729946683100271443e-01 -2.847663950000000277e+00 -3.729067085835499729e+00 -8.670156307160400422e-01
0.000000000000000000e+00 0.000000000000000000e+00 0.000000000000000000e+00 0.000000000000000000e+00
-9.499999999999999556e-01 -7.180824556742571030e-02 -7.748341050763071780e-02 -5.000000000000000000e-01
-2.113531576942737633e+00 -2.110675208561513916e+00 -2.112108694390069097e+00 -2.113717451206209130e+00
-2.114018429692942291e+00 -2.113732167043163024e+00 -2.114560935865934521e+00 -2.125602679019443553e+00
-2.118360571061006947e+00 -2.237454491500593612e+00 -2.048352176456955220e+00 -2.124755767199550949e+00
-1.953124584764459382e+00 -4.828315808985374602e+00 -1.960056163248339089e+00 -1.976105983028700885e+00
-2.262593998905858328e+00 -2.237964684113729952e+00 -1.945402432351958977e+00 -2.084035598922725718e+00
-1.910703381388407562e+00 -4.452905054342438440e+00 -1.688667803794534406e+00 -1.949034741094085366e+00
-1.789124219082884881e+00 -1.564915301935469572e+00 -1.567055869555679326e+00 -4.676945905538666182e+00
-1.818514699588609451e+00 -1.643941524697574375e+00 -1.647953311461345161e+00 -1.850347366552225647e+00
-1.636870712269941519e+00 -1.630227588434539632e+00 -1.871308680594039098e+00 -1.636933839214196551e+00
-1.543233952869488723e+00 -1.492920413421016557e+00 -4.601167784615637579e+00 -1.563017990211558628e+00
0.000000000000000000e+00 0.000000000000000000e+00 0.000000000000000000e+00 0.000000000000000000e+00
-2.847663950000000277e+00 -2.342795000000000183e+00 -1.658115744098507705e+00 -1.526372662051120876e+00
-9.847845828962898951e-01 -3.430947019550000032e+00 -9.294217554116454005e-01 -3.587852317594999896e+00
-1.061847308233485387e+00 -1.081358540249848232e+00 -9.139617751776357713e-01 -1.291436068679013172e+00
-1.067778371896447975e+00 -5.259386208431253706e-01 -9.067325778791970325e-01 -1.093812858282703138e+00
-8.286511176942041867e-01 -4.141810598369080054e-01 -8.327575190455428489e-01 -7.390580428196442675e-01
-6.891235175287961923e-01 -8.523479060960905684e-01 -4.166140915016670832e+00 -8.980407957839356969e-01
0.000000000000000000e+00 0.000000000000000000e+00 0.000000000000000000e+00 0.000000000000000000e+00
-5.000000000000000000e-01 -1.266229664832484447e-01 -8.465052898514673074e-02 -9.499999999999999556e-01
-1.112583575338482039e-01 -1.000793338681913863e-01 -1.068866586293262533e-01 -9.760562275638452745e-02
-2.109788048718387987e+00 -4.641051006154073733e+00 -2.108035357061533333e+00 -2.115357342870829882e+00
-2.107218776607302058e+00 -2.195004501342942227e+00 -2.113578502780972368e+00 -2.103926239122245079e+00
-1.801731316371603109e+00 -1.709373659407592116e+00 -4.809239787761526941e+00 -1.798222044045198365e+00
0.000000000000000000e+00 0.000000000000000000e+00 0.000000000000000000e+00 0.000000000000000000e+00
-4.324574141163504137e+00 -1.590679600562225016e+00 -4.166140915016670832e+00 -1.636919788273438314e+00
0.000000000000000000e+00 0.000000000000000000e+00 0.000000000000000000e+00 0.000000000000000000e+00
-4.249526823515004104e+00 -1.530233398724655469e+00 -1.410950379396464172e+00 -1.403523746936939931e+00
-1.679559742389799215e+00 -1.602098517050741577e+00 -1.606049080941560181e+00 -1.601083640099303818e+00
-1.589130616728176237e+00 -1.581372684426782360e+00 -1.562544210488979957e+00 -1.588187679389433393e+00
-1.472350286646944006e+00 -1.474943103579016590e+00 -4.452905054342438440e+00 -1.473595260970144150e+00
0.000000000000000000e+00 0.000000000000000000e+00 0.000000000000000000e+00 0.000000000000000000e+00
0.000000000000000000e+00 0.000000000000000000e+00 0.000000000000000000e+00 0.000000000000000000e+00
0.000000000000000000e+00 0.000000000000000000e+00 0.000000000000000000e+00 0.000000000000000000e+00
-3.970544339526754563e+00 -9.097958590897853304e-01 -7.503374332993042461e-01 -9.371889145514464836e-01
-9.367206503068353785e-01 -7.616973251175256365e-01 -4.007722965144474014e-01 -9.572132969613733611e-01
-6.669506055471676742e-01 -2.777746032875192950e-01 -3.931750698888865636e-01 -6.699903136940497106e-01
-6.584799122620221823e-01 -1.002381164779141270e-01 -4.556853094017375483e+00 -1.252050712668617560e+00
0.000000000000000000e+00 0.000000000000000000e+00 0.000000000000000000e+00 0.000000000000000000e+00
-2.047550000000000203e+00 -1.087274256816548879e-01 -8.471108592522236247e-02 -8.856881774339699087e-02
-2.107913514765788754e-01 -2.595843404625879092e-02 -1.069206251260971102e-01 -9.537371398582367155e-02
0.000000000000000000e+00 0.000000000000000000e+00 0.000000000000000000e+00 0.000000000000000000e+00
-4.764493565137687625e+00 -1.713245003112839226e+00 -1.949670187589727544e+00 -1.848899626854980216e+00
-1.702780443531513033e+00 -1.684282157889733789e+00 -4.556853094017375483e+00 -1.678506015151178143e+00
0.000000000000000000e+00 0.000000000000000000e+00 0.000000000000000000e+00 0.000000000000000000e+00
-3.970544339526754563e+00 -1.558044212988059396e+00 -1.598798820901432771e+00 -1.554945626272213666e+00
-1.435549121071356904e+00 -1.433571312113444796e+00 -1.507945992833003457e+00 -3.729067085835499729e+00
-1.401188008477014746e+00 -4.452905054342438440e+00 -1.404135104092999242e+00 -1.482208491746932699e+00
-1.709686041973276893e+00 -1.734010939886633018e+00 -1.570677326800324236e+00 -1.569444488083649780e+00
-1.533051868305086440e+00 -1.533343075864974425e+00 -1.527505013625712005e+00 -1.546880603521002540e+00
-1.481424350829408265e+00 -1.483716796969619223e+00 -1.753744271715375058e+00 -1.480414549164012605e+00
-1.411752647645942771e+00 -1.408069042287072747e+00 -1.500253762276923641e+00 -4.392116727047153724e+00
-1.141146881601835084e+00 -1.161266258705539567e+00 -1.077747806441865741e+00 -3.729067085835499729e+00
-9.932908388949998058e-01 -1.016688368910586338e+00 -1.001451052544328757e+00 -4.166140915016670832e+00
-1.149112221139953594e+00 -1.398729405758310840e+00 -1.337476786021226660e+00 -1.547578285618372407e+00
-8.392253559786143624e-01 -4.507614548908194685e+00 -3.119929691499274127e-01 -7.350982446670158987e-01
-7.052436358428908481e-01 -3.148052185185942764e-01 -1.508724859534597840e-01 -5.086563344761780847e-01
-3.357284522376392522e-01 4.434508496979640280e-02 -6.367417697513784447e-02 -7.116975927863734563e-01
-2.612334742133023968e-01 -7.173718622480645957e-02 1.829000911357303305e-01 -4.324574141163504137e+00
-4.066077827252919108e-01 3.425012684219093662e-01 -5.527763789283294399e-02 -2.660803044087178271e-01
-5.934259007178677159e-02 4.324817792097052638e-01 -1.028682167971929351e-01 -1.115540704014022361e-01
-1.755956917170736320e+00 -1.494174239844316521e+00 -1.913776319479995269e+00 -4.166140915016670832e+00
-1.589875098050639313e+00 -4.452905054342438440e+00 -1.629101377745609813e+00 -1.666661880566650877e+00
-1.858837801545448976e+00 -1.676391042374482332e+00 -4.073489905574079195e+00 -1.962213494363350019e+00
0.000000000000000000e+00 0.000000000000000000e+00 0.000000000000000000e+00 0.000000000000000000e+00
-4.249526823515004104e+00 -1.535893139218587278e+00 -1.571914764738638004e+00 -1.533150269840710012e+00
-1.658691282598639072e+00 -1.469018675526223339e+00 -4.166140915016670832e+00 -1.503014565481863629e+00
0.000000000000000000e+00 0.000000000000000000e+00 0.000000000000000000e+00 0.000000000000000000e+00
-4.709251314984799208e+00 -1.275393263658334497e+00 -1.273876046318813460e+00 -1.307118595242484194e+00
-1.562433554102276023e+00 -1.466844000102656143e+00 -1.467973357549242408e+00 -1.478889357457094267e+00
-1.440486772091036594e+00 -1.443867708700590669e+00 -1.443677161360561678e+00 -1.447281357888999587e+00
-1.373321097956120562e+00 -1.358630494309172043e+00 -1.338052263686944965e+00 -1.571044247160229279e+00
-1.361897212297675352e+00 -1.383984986698797659e+00 -1.254795988464127765e+00 -1.426985439631107244e+00
-1.252009730676890253e+00 -1.165856870998756456e+00 -1.329114731485623757e+00 -1.225777536762242992e+00
-1.145819665763287976e+00 -1.242986576730935377e+00 -3.856160377251949711e+00 -1.150473001655550664e+00
0.000000000000000000e+00 0.000000000000000000e+00 0.000000000000000000e+00 0.000000000000000000e+00
-3.587852317594999896e+00 -3.729067085835499729e+00 4.065985914177940030e-02 -4.541669880938944415e-01
-3.804140202024757222e-01 -5.013745802784635996e-02 2.013659915343153917e-01 -1.984958810713538802e-01
5.160628604752477699e-04 2.318555210126115040e-01 3.508220789128257411e-01 -4.361965561828605731e-01
1.655781207488173923e-01 3.554667757828999242e-01 5.011950454676583622e-01 1.471555783206770496e-01
2.854749445316938639e-01 6.136903975636989195e-01 4.156699416177792594e-01 2.656679117422748315e-01
-1.526068272017286453e+00 -1.531014079581076270e+00 -4.166140915016670832e+00 -1.757863240007869088e+00
0.000000000000000000e+00 0.000000000000000000e+00 0.000000000000000000e+00 0.000000000000000000e+00
-4.324574141163504137e+00 -1.566158619174069289e+00 -1.724674177180698154e+00 -1.743781435398462420e+00
-1.428557654357397899e+00 -1.442732651259263532e+00 -1.431574505977242451e+00 -4.249526823515004104e+00
-1.779426810599320508e+00 -1.537880488600636086e+00 -1.529952523314012991e+00 -1.636613848075334054e+00
-1.522886212394719330e+00 -1.514947086379459629e+00 -1.513108948256952413e+00 -1.575553346248734776e+00
-1.304818627330833092e+00 -1.318848574635861359e+00 -1.302101789446582947e+00 -4.556853094017375483e+00
-1.454179554778985750e+00 -1.441474940620432355e+00 -1.442376260142643973e+00 -1.552855455841724464e+00
-1.433159315220151830e+00 -1.434797515829477232e+00 -1.439066818932015046e+00 -1.448815848046987043e+00
-1.419776684607654937e+00 -1.412554923086743131e+00 -1.417086661801912451e+00 -1.418530590089292831e+00
-1.388224716387401747e+00 -1.586119203485624407e+00 -1.467400480488642245e+00 -1.385008218405834546e+00
-1.146366561248967297e+00 -4.324574141163504137e+00 -1.104804727218617888e+00 -1.162368997324862097e+00
-1.244906350832977848e+00 -1.039118422428962019e+00 -1.259452669236049482e+00 -1.235931636765585040e+00
-1.075386600933189163e+00 -3.729067085835499729e+00 -2.342795000000000183e+00 -1.077886471994714768e+00
0.000000000000000000e+00 0.000000000000000000e+00 0.000000000000000000e+00 0.000000000000000000e+00
0.000000000000000000e+00 0.000000000000000000e+00 0.000000000000000000e+00 0.000000000000000000e+00
-3.062897555000000160e+00 -2.017747371087454389e-01 2.444829500990326754e-01 -1.961545319899221096e-01
-2.170511022809324675e-01 -1.091249025939117490e-01 3.319838850136765940e-01 -1.356778387881606984e-01
-3.859511859065529321e-02 2.069299931652955338e-01 5.449835631851157602e-01 1.186369694411750358e-01
3.771348901202300485e-01 7.434225015285598204e-01 5.904631257541964606e-01 3.996721971898843373e-01
-1.753679984886800325e+00 -1.584523852419100987e+00 -1.800602390331387470e+00 -1.834119844029424629e+00
-1.495466270776355078e+00 -2.847663950000000277e+00 -1.491142825899592461e+00 -3.856160377251949711e+00
-1.558654203409577832e+00 -1.887670337374419249e+00 -1.565314094968395020e+00 -1.581723216116201591e+00
-1.576994153769373463e+00 -1.549665328541251164e+00 -1.554440775636916072e+00 -1.569226972521825303e+00
-1.540033718450537492e+00 -1.530469494239783401e+00 -1.534608270962839249e+00 -1.546002734462961214e+00
-1.497409780261501400e+00 -1.634437068318894237e+00 -1.501084663598095226e+00 -1.502655983609718859e+00
-1.466293315238306416e+00 -1.462427035064008951e+00 -1.467222450879991591e+00 -1.722239013742137281e+00
-1.437250182694918221e+00 -1.576287837513589141e+00 -1.443475183100933368e+00 -1.441508833544828505e+00
-1.439764892468146096e+00 -1.687058440518091729e+00 -1.802052923352178926e+00 -1.432671726759108921e+00
-1.401994541983294873e+00 -4.392116727047153724e+00 -1.441522145695000479e+00 -1.401971692063561870e+00
-1.305592819303316610e+00 -1.301384326223526511e+00 -4.166140915016670832e+00 -1.316854645101332988e+00
0.000000000000000000e+00 0.000000000000000000e+00 0.000000000000000000e+00 0.000000000000000000e+00
-3.430947019550000032e+00 -7.097616074114664331e-01 -3.430947019550000032e+00 -7.502212998392736587e-01
0.000000000000000000e+00 0.000000000000000000e+00 0.000000000000000000e+00 0.000000000000000000e+00
-2.047550000000000203e+00 -1.999555371101306434e-01 -1.963439866803221578e-01 -1.354999999999999982e+00
-3.736750593789017194e-01 -2.192058002866497934e-01 -2.094724608235311869e-01 -1.719500000000000028e+00
-2.153235716791822851e-01 -1.838730398977649061e-01 5.417121183959469621e-02 -1.990701324204749711e-01
-1.583281038945286712e-01 -1.046382995683405870e-01 4.138745667311899412e-01 -1.760190246525477342e-01
-3.514252174140744533e-02 2.346101274996632569e-01 7.212000701800972413e-01 -7.001122963611733363e-02
5.168603596333058992e-01 8.890794236633076109e-01 6.368537896665000808e-01 5.732632564830241195e-01
-1.378427813536303059e+00 -1.368104794752138531e+00 -4.249526823515004104e+00 -1.371959878477240657e+00
0.000000000000000000e+00 0.000000000000000000e+00 0.000000000000000000e+00 0.000000000000000000e+00
-4.324574141163504137e+00 -1.472266577259780274e+00 -1.461051198488792391e+00 -1.474335000226448145e+00
-1.544455276116083242e+00 -1.538324611979273726e+00 -1.534184153851850141e+00 -1.534442675169354287e+00
-1.512299518474843341e+00 -1.510933461760729291e+00 -1.668890393727730626e+00 -1.518957065276923757e+00
-1.443215762313003303e+00 -4.392116727047153724e+00 -1.436611593162860911e+00 -1.433589630898299161e+00
-1.450119757826173750e+00 -1.552309806116054292e+00 -1.654176818515260106e+00 -1.455394165967659692e+00
-1.374645858773590579e+00 -4.166140915016670832e+00 -1.201797077402035896e+00 -1.359945621551422512e+00
-1.364525458953479875e+00 -1.028022088991435545e+00 -4.324574141163504137e+00 -1.145711123740331905e+00
0.000000000000000000e+00 0.000000000000000000e+00 0.000000000000000000e+00 0.000000000000000000e+00
-3.856160377251949711e+00 -7.763946517145094983e-01 -8.607086120885638625e-01 -8.365281499538143040e-01
-5.846918839395461864e-01 -5.862081840051801551e-01 -5.775319569028287692e-01 -3.430947019550000032e+00
-8.404840291583757228e-01 -5.950718538225467924e-01 -6.932329687782670113e-01 -7.347894891618228508e-01
-4.081684223360358965e-01 -3.921631027370628408e-01 -2.701087704971762427e-01 -3.062897555000000160e+00
-3.081042298780140576e-01 -3.131787881605705426e-01 -1.206177952689820587e-01 -3.278498162411250805e-01
-2.561967690635436057e-01 -2.424674245669489470e-01 2.022080326603503675e-02 -3.274273251335049761e-01
-2.033192359205415189e-01 -5.432343471305066673e-01 3.585972595375535033e-01 -2.046733918536602082e-01
-8.287572857677073801e-02 -3.587852317594999896e+00 7.123265966733125509e-01 -8.743680182693508440e-02
-1.199871032889982259e-01 1.790529858743398484e-01 8.443727241594296551e-01 2.156873365183784863e-01
6.267270467275352086e-01 9.999999999999995559e-01 8.538614424901577182e-01 6.694035288870757716e-01
-1.441757436189418096e+00 -1.447388193626344632e+00 -1.446758250369882814e+00 -1.609509528869518036e+00
-1.431679836357624636e+00 -1.431717777620262533e+00 -1.438090731639507069e+00 -4.166140915016670832e+00
-1.561057918465111438e+00 -1.501789828089271861e+00 -1.528795437808575963e+00 -1.490382395896825418e+00
-1.502069707483510985e+00 -1.505721173093432119e+00 -1.828087159069781364e+00 -1.511262734155352172e+00
-1.355611065070190913e+00 -1.358515353990768615e+00 -4.166140915016670832e+00 -1.368310289684533165e+00
0.000000000000000000e+00 0.000000000000000000e+00 0.000000000000000000e+00 0.000000000000000000e+00
-3.256607799500000233e+00 -1.143641289547574491e+00 -3.256607799500000233e+00 -1.046585090691257713e+00
0.000000000000000000e+00 0.000000000000000000e+00 0.000000000000000000e+00 0.000000000000000000e+00
-3.729067085835499729e+00 -1.287631130476210473e+00 -9.403892667429010199e-01 -1.158858198579050702e+00
-1.041730637950067928e+00 -8.168121872406267636e-01 -8.120312377917593416e-01 -3.256607799500000233e+00
-7.590527093646198820e-01 -7.438410593228463874e-01 -7.376416053989165444e-01 -8.864396765512564391e-01
-6.942971856162081234e-01 -6.897448557891795451e-01 -6.252214998599697759e-01 -7.668758329629957737e-01
-5.809836454459252897e-01 -5.914027384865900849e-01 -4.828350817332890954e-01 -6.083094099767266671e-01
-4.814186082168252501e-01 -4.726105400147087576e-01 -3.752894495092187199e-01 -5.698509100985722498e-01
-4.432143652745322848e-01 -3.735084660032274573e-01 -2.490167252740470294e-01 -3.343839126269963491e-01
-3.268115854588131697e-01 -2.839086640263973615e-01 -3.345214117536942644e-01 -1.213343498062654791e-01
-2.401897175510596116e-01 -2.411895743382931889e-01 -2.342795000000000183e+00 -1.526886788090426050e-01
0.000000000000000000e+00 0.000000000000000000e+00 0.000000000000000000e+00 0.000000000000000000e+00
-5.000000000000000000e-01 6.800397848900002762e-02 7.175704635190000014e-01 -2.712971679111502582e-02
0.000000000000000000e+00 0.000000000000000000e+00 0.000000000000000000e+00 0.000000000000000000e+00
