-3.505186460151299421e+00 -3.715932015805446742e+00 -2.726725442844520231e+00 -3.531478886182905175e+00
-3.253251757430744018e+00 -3.244416774353063637e+00 -2.553001577718651216e+00 -2.892174746223045823e+00
-2.922488170360732163e+00 -3.038237726659172466e+00 -2.382775353544758890e+00 -2.859141954476135172e+00
-2.839671623858370797e+00 -3.192568669720681207e+00 -2.208950917722898755e+00 -2.560087708399067630e+00
-2.643594279785974166e+00 -2.575424240070989690e+00 -1.988094327145123241e+00 -2.294369586758265633e+00
-2.459630180611104056e+00 -2.101168062215303500e+00 -1.755852785736690791e+00 -2.117602824719877042e+00
-2.251055513380458173e+00 -2.019971636336098442e+00 -1.603879130670464725e+00 -1.980435908962711933e+00
-1.848619412634885162e+00 -1.203156526810492011e+00 -1.708085968639232677e+00 -1.839369867265214342e+00
-3.678342267248121189e+00 -3.679315154918485042e+00 -3.494661985851069907e+00 -3.538682771909430258e+00
-3.686971233227396727e+00 -3.655155678713156497e+00 -3.409690995589067075e+00 -2.965649641688776317e+00
-3.444798809676905993e+00 -3.737261842698410330e+00 -3.258419789230665664e+00 -2.779737144344857303e+00
-3.434666291366557100e+00 -4.999999897266616422e+00 -2.753787454247523581e+00 -2.958069073255060299e+00
-3.024265337357957772e+00 -3.520227928131310247e+00 -2.178945956509613424e+00 -2.699561862925078159e+00
-2.831194562050415975e+00 -2.938735107082928621e+00 -1.695171730944601940e+00 -2.361967268569825418e+00
-2.442352733086496475e+00 -1.742346096324682181e+00 -1.362575716477025800e+00 -2.232727589913128252e+00
-1.899649378806842037e+00 -1.100789273690464753e+00 -1.559735619400651752e+00 -1.735352231154868141e+00
-3.642745368475852175e+00 -3.635927818167811409e+00 -3.629176891654759984e+00 -3.649887289763113163e+00
-3.632973778594780434e+00 -3.632513781905478467e+00 -3.749790082375908717e+00 -3.526307687169419669e+00
-3.602113990488373663e+00 -3.598962587753200104e+00 -4.999929420918069134e+00 -3.554837850676525246e+00
0.000000000000000000e+00 0.000000000000000000e+00 0.000000000000000000e+00 0.000000000000000000e+00
-4.995702477721414958e+00 -2.858967943583113680e+00 -3.156149004237477573e+00 -2.888514129807505437e+00
-3.025311622999010019e+00 -4.999016864747622080e+00 -2.125601657999541594e+00 -2.922554769170946365e+00
-3.340542165445473444e+00 -1.930202186333465297e+00 -1.251650619362532302e+00 -2.354596778973579774e+00
-1.697858662242934358e+00 -1.038867724235303491e+00 -1.300897790150798539e+00 -1.509098020383732530e+00
-3.627209105943260958e+00 -3.619060546284308622e+00 -3.620678485173352890e+00 -3.627896627894463322e+00
-3.617997528070022728e+00 -3.743140365029824057e+00 -3.613362707878343905e+00 -3.614452802470789372e+00
-3.612537078825346804e+00 -3.632535072496918094e+00 -3.772073097858336777e+00 -3.668188649352955188e+00
-3.021403054885599460e+00 -4.908759981842996112e+00 -3.044548943555251963e+00 -4.933486026763544530e+00
-3.299169208396698583e+00 -2.561178354383636169e+00 -4.926095585292826762e+00 -3.134167856820681664e+00
0.000000000000000000e+00 0.000000000000000000e+00 0.000000000000000000e+00 0.000000000000000000e+00
-4.999576792510856293e+00 -2.168530223408832391e+00 -1.021489152919451637e+00 -2.134503451083226810e+00
-1.389290015616834406e+00 -9.301341529813694775e-01 -1.078781659850692742e+00 -1.305310950897092814e+00
-3.601966527128328099e+00 -3.519338408312771449e+00 -3.580789149193566168e+00 -3.610242813832913011e+00
-3.534037643712949261e+00 -4.999619113259770486e+00 -3.694080881720442910e+00 -3.522910547762387434e+00
-3.381455377661815032e+00 -4.976808011567059431e+00 -4.788044208623919218e+00 -3.381556323604832937e+00
0.000000000000000000e+00 0.000000000000000000e+00 0.000000000000000000e+00 0.000000000000000000e+00
-4.908759981842996112e+00 -2.270010813522924220e+00 -1.874419618561972367e+00 -2.446339213675163382e+00
-2.013653513898031377e+00 -1.255683771476026500e+00 -2.371590715230001312e+00 -4.908759981842996112e+00
-1.899505503283780872e+00 -4.998651391972046554e+00 -6.435926051997906683e-01 -2.128068191197564740e+00
-1.205446271757083299e+00 -5.854295290288675790e-01 -1.054946397759803700e+00 -1.047284725413261786e+00
-3.603006832316701935e+00 -2.638188322695155019e+00 -4.998150057574823890e+00 -3.267169669011388056e+00
0.000000000000000000e+00 0.000000000000000000e+00 0.000000000000000000e+00 0.000000000000000000e+00
0.000000000000000000e+00 0.000000000000000000e+00 0.000000000000000000e+00 0.000000000000000000e+00
-2.608515500000000209e+00 -1.449842722203781076e+00 -1.395198690601503255e+00 -3.856160377251949711e+00
-1.795908141742796449e+00 -4.601167784615637579e+00 -1.506247572771736598e+00 -2.338294918682360279e+00
-1.530466939007042448e+00 -6.183907327837318002e-01 -4.676945905538666182e+00 -1.801396083726293451e+00
0.000000000000000000e+00 0.000000000000000000e+00 0.000000000000000000e+00 0.000000000000000000e+00
-4.999999998633358089e+00 -3.222416921035140547e-01 -4.924916772709613255e-01 -8.520426635451330277e-01
-2.569651731288815188e+00 -2.191908210863386497e+00 -4.987674826475210210e+00 -3.082358006568543196e+00
0.000000000000000000e+00 0.000000000000000000e+00 0.000000000000000000e+00 0.000000000000000000e+00
-3.062897555000000160e+00 -1.155155127858942476e+00 -1.218344487276840971e+00 -3.062897555000000160e+00
-1.202310749773617626e+00 -3.256607799500000233e+00 -3.062897555000000160e+00 -1.083199647805667354e+00
0.000000000000000000e+00 0.000000000000000000e+00 0.000000000000000000e+00 0.000000000000000000e+00
-2.847663950000000277e+00 3.794908738156237138e-02 -3.729067085835499729e+00 -3.280482652454770887e-01
0.000000000000000000e+00 0.000000000000000000e+00 0.000000000000000000e+00 0.000000000000000000e+00
-4.999985468392919685e+00 9.999999999999995559e-01 2.202622399065613523e-01 -7.257459427618219161e-01
-2.228643515176571999e+00 -2.211874344542423376e+00 -2.076477894209593167e+00 -2.326232559425264856e+00
-1.947753218950360576e+00 -2.047826351583451387e+00 -2.103034186876462819e+00 -4.809239787761526941e+00
-1.248658002746440898e+00 -1.193153978272482041e+00 -4.452905054342438440e+00 -1.345361231995145346e+00
0.000000000000000000e+00 0.000000000000000000e+00 0.000000000000000000e+00 0.000000000000000000e+00
-5.000000000000000000e-01 -5.949999999999999734e-02 1.875790522758265938e-02 -1.354999999999999982e+00
-1.310192248438757923e-01 1.702930364352151643e-02 5.781800202918029319e-01 -6.145832615762798490e-01
1.992191528187337371e-02 6.861677792262975417e-02 9.353891811077332807e-01 -5.000000000000000000e-01
0.000000000000000000e+00 0.000000000000000000e+00 0.000000000000000000e+00 0.000000000000000000e+00
