-1.029471347364345091e+00 -9.783880902207636732e-01 -9.783974691092750531e-01 -1.029470130853919363e+00
-1.029472718474071069e+00 -9.246207225787348438e-01 -9.246193798006586695e-01 -9.784104448263543086e-01
-9.783909766643495987e-01 -8.680198673234211793e-01 -8.680199900553053904e-01 -9.246191570327424447e-01
-9.246220327343270817e-01 -8.084399551750264257e-01 -8.084402717147379791e-01 -8.680248540931889689e-01
-8.680393942706817745e-01 -7.457180868935375795e-01 -7.457640413308833649e-01 -8.084410360894157543e-01
-8.084629814583527141e-01 -6.797467501905724019e-01 -5.000000000000000000e+00 -7.458153427257433465e-01
0.000000000000000000e+00 0.000000000000000000e+00 0.000000000000000000e+00 0.000000000000000000e+00
-4.999999999998587796e+00 -5.380681932378832411e-01 -5.372980217049716511e-01 -6.156322675329305438e-01
-6.105020049126691495e-01 -4.602457592809532372e-01 -4.603909435607878575e-01 -5.373569264114005373e-01
-5.373896151300873170e-01 -3.790975260078188191e-01 -3.812119896261849661e-01 -4.618108900883837742e-01
-4.626789077445646603e-01 -2.937619816870000178e-01 -3.049738457750995058e-01 -3.832527631038161742e-01
-3.803227184583768961e-01 -2.059848793444521153e-01 -2.979586493458007412e-01 -3.047225274229898861e-01
-9.783883718424910558e-01 -9.246292860858263962e-01 -9.246188390220578812e-01 -1.029469491418023352e+00
-9.783886301609099334e-01 -8.680299405322949857e-01 -8.680196841517332507e-01 -9.783908104161656016e-01
-9.246195506796577313e-01 -8.084413645456177688e-01 -8.084441814332937737e-01 -9.246232932428144480e-01
-8.680398423819932763e-01 -7.457352833325879837e-01 -7.457222426740915955e-01 -8.680217070826319326e-01
-8.084622940490235887e-01 -6.797007188417580892e-01 -6.797254508354264591e-01 -8.084340454365039896e-01
-7.457226868303987732e-01 -6.102353315500614883e-01 -6.103246230115122462e-01 -7.457750122858717301e-01
-6.797515827387119458e-01 -5.371003108039988927e-01 -5.372982489536741735e-01 -5.000000000000000000e+00
-6.102780905429024960e-01 -4.602445376136959920e-01 -4.604532610747939514e-01 -6.107257201076470299e-01
-5.372502378281518443e-01 -3.794896584366622694e-01 -3.790083395107045616e-01 -5.373542594138045470e-01
-4.601055141796568382e-01 -2.936427845124800484e-01 -2.937375315983813406e-01 -4.602263760846712626e-01
-3.790467509593905548e-01 -2.038507821806644360e-01 -2.061333135333648647e-01 -3.792193036735370670e-01
-2.937213143880096911e-01 -1.103343973980553255e-01 -2.056550150108706065e-01 -2.989133571613973861e-01
-9.246610619211020898e-01 -8.718786993976201938e-01 -8.680281127377064143e-01 -9.783986775898636523e-01
-9.246622793080444547e-01 -8.124607021288760000e-01 -8.084467019187087100e-01 -9.246283024199791756e-01
-8.680254171679283592e-01 -7.500138995704720424e-01 -7.457276339958893718e-01 -8.680251177760880399e-01
-8.084432695794014911e-01 -8.084682102855940133e-01 -6.797037770851431793e-01 -8.084389693987727998e-01
-7.457327650862889401e-01 -5.000000000000000000e+00 -6.102061597781822666e-01 -7.457185554499705660e-01
-6.797045726044828040e-01 -5.000000000000000000e+00 -5.370572627230714158e-01 -6.797363067613118037e-01
-6.102136438026819487e-01 -4.600873197233378842e-01 -4.600581539895381988e-01 -6.103561947398205012e-01
-5.371164989223533581e-01 -3.790062652174656654e-01 -3.790115126232859177e-01 -5.378078588558377060e-01
-4.601219079613005358e-01 -2.940028561838505250e-01 -2.936558051203863040e-01 -4.602997168023706398e-01
-3.790261074921631446e-01 -2.038238038470961411e-01 -2.038364715176547437e-01 -3.789816315729172547e-01
-2.937122590915694498e-01 -1.092985146076588671e-01 -1.101655342968846513e-01 -2.936884701004239817e-01
-2.038911833648216487e-01 -1.021391285782653584e-02 -1.101560935893329540e-01 -2.052998914919277607e-01
-8.718744859270897152e-01 -8.124943866926599423e-01 -8.124594179145784301e-01 -9.246477652772081557e-01
-8.718566635396682862e-01 -7.499518361503950681e-01 -7.500354805521443069e-01 -8.680404160137242808e-01
-8.125161925868711332e-01 -6.842229154373533628e-01 -8.084570403450064280e-01 -8.084564648310827994e-01
-7.501177172458991516e-01 -5.000000000000000000e+00 -5.000000000000000000e+00 -7.457429371611684621e-01
0.000000000000000000e+00 0.000000000000000000e+00 0.000000000000000000e+00 0.000000000000000000e+00
0.000000000000000000e+00 0.000000000000000000e+00 0.000000000000000000e+00 0.000000000000000000e+00
-5.000000000000000000e+00 -3.792666270470097523e-01 -3.790319062278718620e-01 -5.371449237195918824e-01
-4.601135467955626002e-01 -2.937294023117304476e-01 -2.936814170809492475e-01 -4.600943631515826415e-01
-3.790676626967429130e-01 -2.038722802747672536e-01 -2.038626370504768581e-01 -3.792480985255739512e-01
-2.937567943591024577e-01 -1.095324692879645206e-01 -1.092729911514076363e-01 -2.936389013083492427e-01
-2.039025244619346589e-01 -9.741622350723715823e-03 -1.003696815960021180e-02 -2.039020109410391302e-01
-1.092624261051038520e-01 9.471797356770456089e-02 -1.023872688616118097e-02 -1.101830918338570775e-01
-8.125034912093694883e-01 -7.499714244666975116e-01 -7.500184968778644823e-01 -8.720476009670610207e-01
-8.125527996747691217e-01 -6.841594301184340532e-01 -6.841723707201564642e-01 -8.124933956952857805e-01
-7.499719487506396609e-01 -6.149140313276576508e-01 -5.000000000000000000e+00 -7.500815363234519806e-01
0.000000000000000000e+00 0.000000000000000000e+00 0.000000000000000000e+00 0.000000000000000000e+00
-4.999999928255465242e+00 -4.890297422954389961e-01 -4.841223031097599550e-01 -4.999999760851549624e+00
-5.601546595323824151e-01 -3.797445737736660498e-01 -3.813383897601280714e-01 -4.999999928255465242e+00
-4.627141089746215630e-01 -2.940312721781686012e-01 -2.938545766567051687e-01 -4.608164326339647676e-01
-3.793609398478358097e-01 -2.042816763050116502e-01 -2.038580788262507326e-01 -3.793161077575695206e-01
-2.938091752438893312e-01 -1.093857856053491173e-01 -1.093145706500484593e-01 -2.937224198361995109e-01
-2.041554925354221173e-01 -9.762468506313418115e-03 -9.798896060411673575e-03 -2.039806087402457335e-01
-1.093155481635126047e-01 9.501042201647491581e-02 9.499372036168028666e-02 -1.093476225724005213e-01
-1.007148761030176275e-02 2.052748863069680518e-01 9.495387302687000042e-02 -1.068921919267994472e-02
-7.500457187857203500e-01 -6.859397788646504068e-01 -6.841611856611661269e-01 -8.123104585339041561e-01
-7.499587719035549771e-01 -5.000000000000000000e+00 -6.149044520605406738e-01 -7.499636921978372062e-01
-6.841994916961281481e-01 -5.420639280923191805e-01 -5.420040870290575574e-01 -6.842069577439084949e-01
-6.149264284222178967e-01 -4.647083680581272636e-01 -4.652765066512812853e-01 -5.000000000000000000e+00
-5.424704628048512278e-01 -3.843476024115504708e-01 -3.867150195636263055e-01 -5.601154880841773265e-01
-4.658645452108577945e-01 -2.989274216351869295e-01 -2.939673000640438127e-01 -4.680103314794601399e-01
-3.806288693935436229e-01 -2.091360606283100831e-01 -2.039345818975191738e-01 -3.810108541931919168e-01
-2.964562252519245544e-01 -1.123559451528540476e-01 -1.093199485879951804e-01 -2.947300611669093628e-01
-2.038655603221217749e-01 -1.121865894718893954e-02 -9.751797712231514634e-03 -2.039075237592155032e-01
-1.092701793968150897e-01 9.500222898239758795e-02 9.499612658307396429e-02 -1.093261983845138924e-01
-9.769692716016804834e-03 2.052748457709359375e-01 2.052629545338491845e-01 -9.748704048008795253e-03
9.500796310146970847e-02 3.213421912961118010e-01 2.052705585400368404e-01 9.500775905217681561e-02
-6.847319377767271398e-01 -6.168191741376188864e-01 -5.000000000000000000e+00 -7.488707492143673594e-01
0.000000000000000000e+00 0.000000000000000000e+00 0.000000000000000000e+00 0.000000000000000000e+00
-5.000000000000000000e+00 -5.587006232886779777e-01 -4.653224876790511000e-01 -6.149741079694968082e-01
-5.421268000256466157e-01 -4.645345949379133810e-01 -3.835941902981687135e-01 -5.420800379182190154e-01
-4.644845769703839222e-01 -4.300117630204565722e-01 -2.984941295839123043e-01 -4.660516612352860744e-01
-3.858237137804921280e-01 -4.999999999999996447e+00 -2.088041355749271077e-01 -3.834666910302434450e-01
-3.000369455133601870e-01 -1.310869904630711791e-01 -1.144614188012730155e-01 -2.955411574595148139e-01
-2.092728147001610695e-01 -4.999999993542991739e+00 -1.160092591625958361e-02 -2.057240820777054002e-01
-1.121133597387594244e-01 8.887913935116625863e-02 9.465178674279046966e-02 -1.371292196071053904e-01
-1.102354411156211168e-02 2.050240737596417395e-01 2.052746320721838269e-01 -9.794834967041005092e-03
9.500627890044793800e-02 3.213403532264326734e-01 3.213423179296239218e-01 9.501002710320785583e-02
2.052718658850873068e-01 4.435183754170528569e-01 3.213020409610196082e-01 2.052743576585779606e-01
-6.167521837983706012e-01 -5.000000000000000000e+00 -5.440690834410282228e-01 -6.838140508857526445e-01
-6.146030388033768554e-01 -4.832492895393548649e-01 -5.586976499846980637e-01 -5.000000000000000000e+00
-4.828497484924118011e-01 -5.174506320929223024e-01 -4.728471112458930148e-01 -5.428589168498011430e-01
-5.586793692362981290e-01 -3.795743349889471596e-01 -3.741537735709344337e-01 -4.675036147032739509e-01
-4.716004916585510576e-01 -2.884399118238961113e-01 -4.999999999999576339e+00 -3.841540151804865300e-01
0.000000000000000000e+00 0.000000000000000000e+00 0.000000000000000000e+00 0.000000000000000000e+00
-4.999997342794999966e+00 -1.999253774458727845e-02 -4.999901584999999926e+00 -2.162711039429972004e-01
0.000000000000000000e+00 0.000000000000000000e+00 0.000000000000000000e+00 0.000000000000000000e+00
-4.987849999999999895e+00 2.022781566860509805e-01 1.932592574430101184e-01 -1.125616622788425808e-02
8.942704377819042649e-02 3.197586926143769492e-01 3.213247986933058242e-01 9.490516774558704904e-02
2.052277932052060661e-01 4.435115735910565848e-01 4.435177837368007303e-01 2.052706721735068074e-01
3.213395310257542437e-01 5.721247027643752148e-01 4.435183206212504059e-01 3.213421954000136305e-01
0.000000000000000000e+00 0.000000000000000000e+00 0.000000000000000000e+00 0.000000000000000000e+00
-4.999999999998587796e+00 -4.105504461762566337e-01 -5.091312921122130852e-01 -5.272503175209803938e-01
-4.788138708811648936e-01 -4.673332505829221883e-01 -4.326701450122202308e-01 -5.586875271519364805e-01
-5.130209546988828695e-01 -4.772320372253003318e-01 -2.887869459965514141e-01 -4.645647539135114856e-01
-4.315758281011262687e-01 -4.402178742749983664e-01 -1.718231917694371946e-01 -3.917164667258608568e-01
-3.581727485409731404e-01 -2.867060056742112284e-01 -3.593665099913430361e-02 -4.999997342794999966e+00
-1.514645482495353135e-01 -2.774195268533841130e-01 9.170444411047160016e-02 -1.748973151640638435e-01
-4.871419268758170329e-02 4.197741346955568414e-02 2.021626166312129047e-01 -4.999671949999999754e+00
7.790252987689509634e-02 3.202628148388934615e-01 3.205367644246124303e-01 9.026918602847745776e-02
2.039051260170939572e-01 4.214627601336434215e-01 4.434834686993817665e-01 2.052180576446872573e-01
3.212463857841482695e-01 5.721172879733840144e-01 5.721190110989919919e-01 3.213103170315919077e-01
4.435062718137866011e-01 7.074998269344400237e-01 5.721241796061811158e-01 4.435162647902189392e-01
-3.849206078359687089e-01 -3.574509698187570694e-01 -4.428410388396070152e-01 -4.999999202838499635e+00
-3.882445614096528552e-01 -4.431291588352571642e-01 -4.826729067458204736e-01 -4.879277318863489699e-01
-4.175630244027793703e-01 -4.686517337086829604e-01 -5.256501812017848607e-01 -4.739734573323546307e-01
-4.659679984268739195e-01 -5.295068244470252372e-01 -3.765200833487497012e-01 -4.392627525089336515e-01
-4.840492367164364595e-01 -4.660881329394110373e-01 -2.833267912700227487e-01 -3.008117316039687905e-01
-3.880130332055355957e-01 -4.032356916565686955e-01 -1.623387922191165678e-01 -1.539470655696117407e-01
-2.939697245810009019e-01 -2.992281256125000066e-01 -1.735979494046262506e-01 -5.591578596951522762e-02
-3.138117650902499944e-01 1.714027677297742525e-01 3.061448186437548125e-01 6.798101335355630215e-02
7.591561647540409630e-02 4.413632688278585348e-01 4.423979013736932808e-01 2.044731201361729422e-01
3.199839378598879902e-01 5.127355976195422382e-01 5.719115434714648893e-01 3.199500229277321695e-01
4.431867737971755816e-01 7.074528035234136647e-01 7.074995086862919669e-01 4.433984326778922513e-01
5.721233114710631007e-01 8.499999545456502492e-01 7.074980454036612354e-01 5.720547985058539453e-01
-3.710594059903645769e-01 -4.654943655159930471e-01 -4.427963112895464959e-01 -3.510078059795124772e-01
-3.713395593495648073e-01 -4.193059575176410481e-01 -4.517486330028388508e-01 -3.872747661504911676e-01
-4.475442154793752292e-01 -4.605031896309864092e-01 -4.110486105444478566e-01 -4.274643289811412838e-01
-4.673150072739762351e-01 -5.155124584000887467e-01 -4.790337772432766150e-01 -4.704821025232774900e-01
-4.998121808993857274e-01 -4.035908420439154320e-01 -4.054327763127971718e-01 -4.150818185031892593e-01
-4.027686232813975642e-01 -4.268028048368973648e-01 -3.216483418049696508e-01 -2.912865543458712514e-01
-4.034932013533169548e-01 -3.568283908550374250e-01 -2.333165143461163604e-01 -2.548449941070936031e-01
-3.139175634640434809e-01 -2.281581924999999678e-01 4.175717424334611794e-01 -1.240178455122753487e-02
6.970080929223249067e-02 -4.571181976282909232e-02 5.718892263203899651e-01 3.163820958429371943e-01
3.018728748129602124e-01 4.343892619300430691e-01 7.074621823345677019e-01 2.846702433861064141e-01
5.675175356564643447e-01 7.865827901592774563e-01 8.499908846573311916e-01 5.721058285778961583e-01
7.074717216700127098e-01 9.999999956953279368e-01 8.497759899915134918e-01 7.074913433325672463e-01
-4.771659031618070701e-01 -4.928625575014036753e-01 -5.107300352822606859e-01 -4.139513916456328824e-01
-4.721605333669562921e-01 -4.885150925796127308e-01 -4.590526748628416254e-01 -4.418991408216876859e-01
-4.450873851035568318e-01 -4.661267090398621415e-01 -4.981369799253070885e-01 -4.365294358096728500e-01
-4.726477867453263149e-01 -4.697222755508827507e-01 -4.732216073925147315e-01 -4.435288961259732932e-01
-4.622984322959020065e-01 -3.966022037756189444e-01 -4.048559598280911942e-01 -4.783728785957371277e-01
-4.310947616766475643e-01 -4.049339050350840297e-01 -3.542477463662718207e-01 -4.046568593506658651e-01
-3.939887059875388231e-01 -3.421484577942374705e-01 -2.743536353372499903e-01 -3.207828063528954110e-01
-3.520402671772875358e-01 -2.281581924999999678e-01 4.725332128317621949e-02 9.551590251377248264e-02
-1.203761642866878478e-01 -4.499596723732907089e-02 1.206269440040164398e-01 2.598379417792123780e-01
5.125823128317621991e-02 4.588534105244624905e-01 7.570587615406374482e-01 5.678651104998690968e-01
4.478248229632501576e-01 2.100195726737498492e-01 9.919000000000000039e-01 6.853908634874550376e-01
0.000000000000000000e+00 0.000000000000000000e+00 0.000000000000000000e+00 0.000000000000000000e+00
