-3.147381549855065686e+00 -3.158524686306213081e+00 -2.874727580986669473e+00 -3.141196540138158966e+00
-3.019052029210725685e+00 -2.851718919015042264e+00 -2.734194001644288718e+00 -2.887713086904780013e+00
-2.889540388481616873e+00 -2.725884409631320615e+00 -2.629952619990239437e+00 -2.767619150985750842e+00
-2.785732466076793479e+00 -2.588775306558033673e+00 -2.457393517429351970e+00 -2.648231499279571910e+00
-2.648826894088569972e+00 -2.302438377985038365e+00 -2.617310672663009541e+00 -2.557798811612578049e+00
-2.608121178402532880e+00 -2.111300131802176239e+00 -4.999958323757909717e+00 -2.518505278761099309e+00
0.000000000000000000e+00 0.000000000000000000e+00 0.000000000000000000e+00 0.000000000000000000e+00
-4.960724163943605269e+00 -1.407419526208516514e+00 -1.371423469712211851e+00 -2.145016955659993840e+00
-1.611080879438734570e+00 -1.329490415384355639e+00 -1.293016610094744445e+00 -1.300563502413141670e+00
-1.317737603000237456e+00 -1.179617929921770392e+00 -1.221487259027141947e+00 -1.232885376045439019e+00
-1.179211674323612513e+00 -1.163846519274507774e+00 -1.158102405731212370e+00 -1.166676066089765929e+00
-1.118303398200247489e+00 -1.098188042545815257e+00 -1.112598543409673901e+00 -1.115330189846802655e+00
-3.191256899625527055e+00 -3.082235503473500060e+00 -2.974073051680711455e+00 -3.187804647654305157e+00
-3.126540230827833611e+00 -3.054923746059305500e+00 -2.707408168886778377e+00 -3.037309432589915481e+00
-2.940732391183411121e+00 -3.006795444164774622e+00 -2.506368070852562635e+00 -2.879099545466687005e+00
-2.886850659076237058e+00 -2.845164140314427215e+00 -2.345884248863367993e+00 -2.646729892147435592e+00
-2.529589911018806703e+00 -2.714189218001488157e+00 -2.105527794745512438e+00 -2.478035685157279122e+00
-2.374159813995911250e+00 -2.578079743479817942e+00 -1.866002455804736559e+00 -2.448262870559677395e+00
-2.272661698208092940e+00 -1.824461135435355708e+00 -1.424879267293490681e+00 -4.999999984580269619e+00
-1.966209292053334945e+00 -1.366338905461677689e+00 -1.274963472960516819e+00 -1.880220629298704038e+00
-1.475370139709937245e+00 -1.213959973246380386e+00 -1.155447484066860930e+00 -1.397630371156993290e+00
-1.292400988970441311e+00 -9.971646605006128095e-01 -1.090265161844200081e+00 -1.279645783409833149e+00
-1.101868791916369439e+00 -9.421112167459414488e-01 -1.057639279519437814e+00 -1.184681531618975381e+00
-1.047748484192063678e+00 -9.698471153787621146e-01 -1.014810660412355903e+00 -1.098799368078980043e+00
-3.082674546035504726e+00 -2.970907720463718427e+00 -3.062053756507508329e+00 -3.154876243075369846e+00
-3.058685450140237627e+00 -2.988659213764939704e+00 -3.008890629488638613e+00 -3.005047695991536205e+00
-3.028857622974694852e+00 -2.976834413377321908e+00 -2.916920501144035338e+00 -2.825239869556265937e+00
-2.994954022345408085e+00 -3.081860862801651280e+00 -2.987942613598247643e+00 -2.596539254932870744e+00
-2.917458741942162703e+00 -4.999797581169885596e+00 -2.696271775629221601e+00 -2.432482964743093667e+00
-2.779310589139658116e+00 -4.999997818883735512e+00 -1.641837876283024800e+00 -2.308564393430068584e+00
-2.204599777543287953e+00 -1.868631208276279265e+00 -1.323618377374707444e+00 -2.042642730534979023e+00
-1.669775395628376291e+00 -1.254957378746557106e+00 -1.165307245441418837e+00 -1.621989951331364477e+00
-1.377834474925877295e+00 -1.044169648656672944e+00 -1.109605674843088696e+00 -1.335849188899239870e+00
-1.195790820707393731e+00 -8.400998225263890395e-01 -9.193504375655917604e-01 -1.196003784280053273e+00
-1.127298218137503305e+00 -7.093811097048239311e-01 -9.297733862754302692e-01 -1.086315765040714698e+00
-9.778881761703340780e-01 -7.885390532365573746e-01 -9.352996798061864459e-01 -1.052233889010619983e+00
-2.968464558940898002e+00 -2.830929831508357974e+00 -2.945220376372699178e+00 -3.089555412378683030e+00
-2.944416954472592440e+00 -2.860325856708425984e+00 -2.921895112087767199e+00 -3.033348631626641811e+00
-2.912908674946572685e+00 -2.605096494229171444e+00 -3.565846422501534718e+00 -2.977090792014645881e+00
-2.926680953085838421e+00 -4.988907343827689189e+00 -4.994104907711131247e+00 -2.872441399822633468e+00
0.000000000000000000e+00 0.000000000000000000e+00 0.000000000000000000e+00 0.000000000000000000e+00
0.000000000000000000e+00 0.000000000000000000e+00 0.000000000000000000e+00 0.000000000000000000e+00
-4.974231123963399170e+00 -1.252977755369519608e+00 -1.202798786668339170e+00 -1.298231377111191520e+00
-1.481756357935034352e+00 -1.059195684274461868e+00 -1.116550302857540977e+00 -1.427884834728666341e+00
-1.205535766016605725e+00 -1.027936422071732192e+00 -9.184601705776579417e-01 -1.211842595194654981e+00
-1.130777508198898440e+00 -6.876620026277788789e-01 -7.651613798847800574e-01 -1.126559287612788118e+00
-9.560343386612460970e-01 -5.013589403230797048e-01 -8.070824226980544136e-01 -9.723479026565023942e-01
-8.382482924013417991e-01 -5.636158938382371808e-01 -8.240436449259338492e-01 -9.352820162628301404e-01
-2.806093909612055182e+00 -2.764473992236707200e+00 -2.916919974381160241e+00 -2.949187950245581558e+00
-2.875103874855332364e+00 -2.896211326648475026e+00 -2.708132045041485192e+00 -2.967273442333813183e+00
-2.852944831299694339e+00 -1.807394023607557410e+00 -4.999691481740414112e+00 -2.984638882695037410e+00
0.000000000000000000e+00 0.000000000000000000e+00 0.000000000000000000e+00 0.000000000000000000e+00
-2.608515500000000209e+00 -7.160775437469595328e-01 -8.889537814181729392e-01 -3.856160377251949711e+00
-1.556881302738372108e+00 -8.580654686547112275e-01 -8.934110044425214170e-01 -3.856160377251949711e+00
-1.154055493187375880e+00 -1.037093527788835789e+00 -1.039995533231403702e+00 -2.262822477252697251e+00
-1.214752947210913536e+00 -9.125345334140450015e-01 -9.713685287249647082e-01 -1.166332911580476361e+00
-1.048391275277017698e+00 -7.148269528981753274e-01 -8.661451487637641389e-01 -1.115270087821598199e+00
-9.135064643151217245e-01 -4.289733994944895934e-01 -5.922101727896286194e-01 -8.826158902149533469e-01
-7.917277487478728837e-01 -2.854221639912596364e-01 -6.354030558697947306e-01 -8.515814591370893805e-01
-6.532973915517263919e-01 -3.109099626929158755e-01 -6.439392541620247989e-01 -8.052475732589319257e-01
-2.769391631165019074e+00 -2.987723348678461566e+00 -2.588687810253459176e+00 -2.851518975877128881e+00
-2.605397988401879861e+00 -4.999722333566372967e+00 -1.864366944647518398e+00 -2.905631531460940664e+00
-2.528138528433667265e+00 -2.028350981055232705e+00 -1.205193834212506365e+00 -2.530893448671876378e+00
-1.943912797928372349e+00 -1.023530874921832812e+00 -1.024371917281154953e+00 -4.933486026763544530e+00
-1.455101769443580606e+00 -1.021468988522195032e+00 -9.713999528814664108e-01 -9.968890417927726011e-01
-9.886067511685615594e-01 -1.166368373374152112e+00 -9.252083567750353232e-01 -1.340586562402072746e+00
-1.042346946146838649e+00 -1.027323120729129791e+00 -9.386789937543297269e-01 -9.966652504614985641e-01
-1.008014372818740734e+00 -8.837885271167351675e-01 -7.353382913019553824e-01 -1.038084642032684135e+00
-9.626486736793231636e-01 -7.500095946724187890e-01 -4.776928129089196284e-01 -9.373484573523783725e-01
-7.731971178509093878e-01 -4.982335044432455451e-01 -2.576024318939576507e-01 -6.967669866742844942e-01
-5.544243129066356301e-01 -7.775733896649655863e-02 -2.635417518835413420e-01 -6.017268504743448210e-01
-4.811824613617553537e-01 -4.249577306490404105e-02 -4.427693752215440259e-01 -6.432641421540650217e-01
-2.442812488626042278e+00 -1.864970177690068009e+00 -4.988907343827689189e+00 -2.428805615922084105e+00
0.000000000000000000e+00 0.000000000000000000e+00 0.000000000000000000e+00 0.000000000000000000e+00
-4.960724163943605269e+00 -8.168198205476669971e-01 -8.741595246568213406e-01 -1.907915989580244442e+00
-1.820563861902677383e+00 -7.596995600363388723e-01 -8.709288467703261150e-01 -1.163608579481975269e+00
-1.021756344420859053e+00 -1.298056481536631779e+00 -1.340402592150045313e+00 -9.755046053161380293e-01
-8.026809786939597124e-01 -4.392116727047153724e+00 -7.743136918874156116e-01 -7.835005948459119463e-01
-1.068772119523772490e+00 -7.565559030368526061e-01 -1.173179498188731129e+00 -9.565158577953437602e-01
-7.526738646656645493e-01 -4.556853094017375483e+00 -7.932631408689089225e-01 -7.353945261621265272e-01
-1.215959248110739965e+00 -8.219292890830651732e-01 -4.646752519514566471e-01 -7.780403732776961512e-01
-7.664846991899517681e-01 -1.563065536057052229e-01 -3.422217156711330199e-01 -6.658182713366902483e-01
-4.367091944752507504e-01 2.487909612817684052e-02 -5.136062114419519958e-02 -3.566267373960111953e-01
-3.517210521973893056e-01 1.177676008174897287e-01 -2.720193128054208542e-01 -4.691821216578759279e-01
-1.768346177083245596e+00 -4.738326183486319287e+00 -1.408054492277165393e+00 -2.184703956667352731e+00
-1.904609364315329678e+00 -7.206692696096517192e-01 -8.102798886589335225e-01 -4.452905054342438440e+00
-1.370206617498357593e+00 -6.677964105059147615e-01 -6.954022062444952246e-01 -1.135826467090719660e+00
-7.271263400511775998e-01 -6.797620270010195087e-01 -8.194366663444098142e-01 -6.871506273895522376e-01
-4.773220251900365807e-01 -4.328783382481274922e-01 -4.324574141163504137e+00 -4.978110396023269768e-01
0.000000000000000000e+00 0.000000000000000000e+00 0.000000000000000000e+00 0.000000000000000000e+00
-2.608515500000000209e+00 -3.096343477849292647e-01 -3.062897555000000160e+00 -3.636697544587620956e-01
0.000000000000000000e+00 0.000000000000000000e+00 0.000000000000000000e+00 0.000000000000000000e+00
-4.249526823515004104e+00 -4.782319256139623276e-01 -2.722446164115092104e-01 -4.997726044370816023e-01
-8.928318411427781376e-01 7.101286525261123195e-02 -1.231530876015799608e-01 -5.329501176637254645e-01
-1.747154679495136198e-01 2.690267538314487505e-01 1.292061396718310884e-01 -2.858324936008755923e-01
1.872245909236806838e-02 4.558959195927175245e-01 -1.827485331627785869e-02 -2.386026530458073280e-01
0.000000000000000000e+00 0.000000000000000000e+00 0.000000000000000000e+00 0.000000000000000000e+00
-4.249526823515004104e+00 -4.678941648701120393e-01 -4.700198274451987124e-01 -5.990551263131722592e-01
-7.753443986724549708e-01 -5.684937745931996078e-01 -5.719462463366029592e-01 -6.052020791198922112e-01
-6.055307106563956321e-01 -6.011591767835234856e-01 -5.987525383193630368e-01 -6.636950807623622772e-01
-5.071191422091171352e-01 -5.004740289422713317e-01 -6.200933579249584549e-01 -1.031987438839131244e+00
-4.341544496250675511e-01 -3.791055002861488665e-01 -3.833827411805375007e-01 -2.847663950000000277e+00
-3.997972863495796725e-01 -4.057568207601705557e-01 -5.435311423423695443e-01 -7.506545804851431081e-01
-3.309278833404629139e-01 -3.485045755977949078e-01 -3.053280038584026967e-01 -3.729067085835499729e+00
-9.470904231119284811e-01 -3.162652864653472395e-01 -4.793020724166612012e-02 -7.724837383987710471e-01
-2.609034107859498630e-01 2.069677677651697578e-02 3.161646060521208224e-01 -2.755203180494827375e-01
5.183285720737858260e-02 4.921512926888585437e-01 3.907083380938435879e-01 3.207694437989183633e-02
2.911933001363907758e-01 6.269765049881649288e-01 3.273129195482823439e-01 1.615826373655515902e-01
-4.377384830656685377e-01 -4.394580102312782843e-01 -4.426018504500889850e-01 -3.256607799500000233e+00
-6.729701749677425848e-01 -5.226022484774914822e-01 -5.151186073508307040e-01 -7.015345847416791791e-01
-5.521594662859491409e-01 -5.517576726243507146e-01 -5.515242860978347705e-01 -5.633680795808289066e-01
-5.488760458860640901e-01 -5.499924311661003040e-01 -5.436493705233649276e-01 -5.523132467396607570e-01
-5.031348421777690483e-01 -5.033405563264152782e-01 -4.898507777321804424e-01 -5.053247528919548870e-01
-4.626388252840960003e-01 -4.368274423585769006e-01 -4.311997739043387234e-01 -5.671538565810314569e-01
-3.968297668464375594e-01 -3.745192726134462524e-01 -3.950126187194361038e-01 -3.919152420847730189e-01
-3.053826637574248437e-01 -2.980668253124573175e-01 -2.181188923960454551e-01 -6.111276452511653634e-01
-3.691869231220187286e-01 -1.753046174254438150e-01 5.815724900388784951e-02 -3.683327554578454399e-01
-1.821555347560026294e-01 4.150882400265061833e-01 6.539009052007649370e-02 -2.333000532539235283e-01
1.285569748166063564e-01 5.894459138036536316e-01 6.472971935082452166e-01 1.930544748051742088e-01
4.921147839584864014e-01 7.852882398963092481e-01 6.529353090520654268e-01 3.545061386334767972e-01
-5.479867868109523643e-01 -5.586495590050248872e-01 -5.644999369019390034e-01 -5.485538628195830713e-01
-5.592908508070559837e-01 -5.528983649522239974e-01 -5.685809282234206563e-01 -5.631557660234601803e-01
-5.549891824809779495e-01 -5.433509843858074229e-01 -5.464272013218974822e-01 -5.446260737355819170e-01
-5.268856807936841413e-01 -5.216477433188753121e-01 -5.217498716181386831e-01 -5.163538893172234800e-01
-4.896703001149646517e-01 -4.851112343854139253e-01 -4.737679965966239970e-01 -4.773427134830814933e-01
-4.438968851007485950e-01 -4.052982552572709229e-01 -3.897747735453905293e-01 -4.051494524217844062e-01
-3.629772977690995939e-01 -3.384834163489302550e-01 -2.524094435278624315e-01 -3.631204505857424381e-01
-2.848156454197814380e-01 -1.931185978475711273e-01 -2.158046197362372548e-02 -3.683132043849002280e-01
-2.797008740413656214e-01 6.407361863655697265e-02 2.251758482755761293e-01 -2.620981405768436079e-01
-3.099957617714365482e-02 4.169376819182898375e-01 6.529890852391941891e-01 7.213167404630897728e-03
2.492128440291067615e-01 6.434333985364730779e-01 8.329155045853746664e-01 2.035729488668328035e-01
6.371723779276288191e-01 9.999999999999995559e-01 8.764755690950236655e-01 5.518883184805766229e-01
-5.657820034842397927e-01 -5.594406074950248886e-01 -5.505483157639561309e-01 -5.591833318273484732e-01
-5.493918648399395144e-01 -5.466944349799256475e-01 -5.493212595934587883e-01 -5.525480852890395367e-01
-5.389670138494112583e-01 -5.333775574665262642e-01 -5.215573157022361794e-01 -5.349347866246300098e-01
-5.154545703321463668e-01 -5.073268472769404402e-01 -5.045995796039624004e-01 -5.084251742058160106e-01
-4.867937274360566446e-01 -4.680039347152055162e-01 -4.591289882634048136e-01 -4.665036478370665485e-01
-4.250695542139630301e-01 -4.071994776714383812e-01 -3.565360363939044652e-01 -3.975432321750989040e-01
-3.450668467579321996e-01 -3.311153916153594667e-01 -2.086201585955177462e-01 -3.287744492862644807e-01
-3.017838920410401693e-01 -2.487431285314999629e-01 9.011412522454381735e-02 -2.509514674054053596e-01
-1.943883736267592310e-01 -9.579453642682032866e-02 4.511868331012588995e-01 -1.547246723235886912e-01
-4.613487494886801127e-03 2.690294943009026163e-01 7.795186479578014582e-01 2.101923370235831562e-02
3.410598857265015327e-01 6.113193422828826495e-01 9.999999890806535729e-01 3.450873027797163317e-01
0.000000000000000000e+00 0.000000000000000000e+00 0.000000000000000000e+00 0.000000000000000000e+00
