-3.514508110126611129e+00 -3.586782253989897917e+00 -2.839114553123607720e+00 -3.425773140405221184e+00
-3.225440129368545961e+00 -3.119051599514371720e+00 -2.680602540702215819e+00 -2.945865865343442636e+00
-2.916428726546128836e+00 -3.077138525394652380e+00 -2.604484657743897813e+00 -2.824362721086068007e+00
-2.799112302512391626e+00 -3.071251371976497779e+00 -2.380855149927398884e+00 -2.560736596549898270e+00
-2.595868230031717960e+00 -2.610581775536233717e+00 -2.196544715244486135e+00 -2.445618381940416253e+00
-2.481212546242760997e+00 -2.356797474461693298e+00 -1.976085740235758337e+00 -2.190865353308886210e+00
-2.254918020907456633e+00 -1.838452068188472621e+00 -1.910506715778390152e+00 -1.977579985952947261e+00
-2.099201152883788613e+00 -1.610643251462260395e+00 -1.950477654644132697e+00 -1.826258648713486421e+00
-3.557908252326784648e+00 -3.558852293302753989e+00 -3.440420305738009610e+00 -3.528475617355320892e+00
-3.569774672486102141e+00 -3.565991757445613253e+00 -3.414193861883510817e+00 -2.945732716123705242e+00
-3.444334426834054774e+00 -3.606739695893692588e+00 -3.459758560496080548e+00 -2.791022661407958516e+00
-3.297499738742335040e+00 -4.999999907539955046e+00 -2.608145860864927279e+00 -2.944855555103196743e+00
-2.990961976721227433e+00 -3.006411387570849580e+00 -2.407558830391616222e+00 -2.745107293209312349e+00
-2.911844447324804630e+00 -2.549417556760869008e+00 -1.803685155384007643e+00 -2.316471206705684960e+00
-2.419194598325999923e+00 -1.958322478400074784e+00 -1.643313966580463026e+00 -2.232944980122917311e+00
-1.947212551475788755e+00 -1.300493810482504120e+00 -1.752093182035432406e+00 -1.854610831937778093e+00
-3.540117689406632628e+00 -3.542562963773607798e+00 -3.537973632238887056e+00 -3.554382683384376129e+00
-3.540349908177027771e+00 -3.523654082239469076e+00 -3.665523948735287973e+00 -3.531634661074462223e+00
-3.438666496187599897e+00 -3.325783893306688110e+00 -4.999985468392919685e+00 -3.399683544747887698e+00
0.000000000000000000e+00 0.000000000000000000e+00 0.000000000000000000e+00 0.000000000000000000e+00
-4.993449897456812003e+00 -2.531086051596082687e+00 -2.818303717094851280e+00 -2.926702852496246177e+00
-3.002797697105207497e+00 -4.997944508416471088e+00 -1.752887020932779372e+00 -2.668227055976176931e+00
-2.432122588334697078e+00 -2.225869201231760020e+00 -1.366541880550791399e+00 -2.206615613824874700e+00
-1.731791400157642213e+00 -1.124204102869901023e+00 -1.429419042522479977e+00 -1.699070360235716226e+00
-3.536801579576597021e+00 -3.531447022311509087e+00 -3.524228149965036305e+00 -3.533176201235048275e+00
-3.517175273174782291e+00 -3.510908230691789811e+00 -3.429811028151306562e+00 -3.515584868693997223e+00
-3.491603945969159017e+00 -3.533644895198335245e+00 -3.321087970555475888e+00 -3.545575721491436738e+00
-3.071623294387758385e+00 -4.887358002275304258e+00 -2.550940797156017847e+00 -4.887358002275304258e+00
-3.184809529158006747e+00 -2.359410281922369901e+00 -4.908759981842996112e+00 -2.787906702635534195e+00
0.000000000000000000e+00 0.000000000000000000e+00 0.000000000000000000e+00 0.000000000000000000e+00
-4.999948547849271563e+00 -2.103358197857347012e+00 -1.189889699260261002e+00 -2.327011733299514606e+00
-1.856333168027551217e+00 -1.093637809581317288e+00 -1.423596601890381841e+00 -1.529904427414577661e+00
-3.545645179245751066e+00 -3.544227357267807133e+00 -3.676112702176115743e+00 -3.543601824045273574e+00
-3.478783879095090903e+00 -4.998651391972046554e+00 -3.678803055342467765e+00 -3.457829749587626456e+00
-3.564308476719241892e+00 -4.860935805278153943e+00 -4.926095585292826762e+00 -3.296966281607478511e+00
0.000000000000000000e+00 0.000000000000000000e+00 0.000000000000000000e+00 0.000000000000000000e+00
-4.860935805278153943e+00 -1.830264533539919691e+00 -1.929404889725821359e+00 -2.471247003987518731e+00
-2.105522283996791533e+00 -1.476205343790861324e+00 -2.682738226564307826e+00 -4.809239787761526941e+00
-2.363542833815091448e+00 -4.996519006954345699e+00 -1.107064731546259173e+00 -2.296079465328695335e+00
-1.801695121518666731e+00 -1.194722864482597124e+00 -1.340727934047908798e+00 -1.354061857092524468e+00
-3.192775551401877188e+00 -2.881938831841216242e+00 -4.999750100209735315e+00 -3.319210686499998619e+00
0.000000000000000000e+00 0.000000000000000000e+00 0.000000000000000000e+00 0.000000000000000000e+00
0.000000000000000000e+00 0.000000000000000000e+00 0.000000000000000000e+00 0.000000000000000000e+00
-3.587852317594999896e+00 -1.369659979230628100e+00 -1.425147728681908532e+00 -3.256607799500000233e+00
-1.847715601183114398e+00 -4.392116727047153724e+00 -1.537133896698557933e+00 -1.934064553745376669e+00
-1.741223154707381537e+00 -6.178275084271622752e-01 -4.709251314984799208e+00 -1.829117026564204052e+00
0.000000000000000000e+00 0.000000000000000000e+00 0.000000000000000000e+00 0.000000000000000000e+00
-4.999999998125320033e+00 2.395193671622075082e-01 -1.087809532790833256e+00 -8.834764395480089183e-01
-2.938106391845305421e+00 -2.766887753087454271e+00 -4.991014948500428261e+00 -3.498329664549204576e+00
0.000000000000000000e+00 0.000000000000000000e+00 0.000000000000000000e+00 0.000000000000000000e+00
-3.856160377251949711e+00 -2.086420873309529078e+00 -1.730108818705500928e+00 -4.073489905574079195e+00
-1.550114858043699861e+00 -3.062897555000000160e+00 -3.729067085835499729e+00 -1.608663122081273489e+00
0.000000000000000000e+00 0.000000000000000000e+00 0.000000000000000000e+00 0.000000000000000000e+00
-3.062897555000000160e+00 -2.097062396660147321e-02 -3.256607799500000233e+00 -1.436009782749646302e+00
0.000000000000000000e+00 0.000000000000000000e+00 0.000000000000000000e+00 0.000000000000000000e+00
-4.999991419231335499e+00 9.999999999999995559e-01 3.935833878569825472e-01 -6.536986635213326569e-01
-2.757913969882209493e+00 -2.811689773289361760e+00 -2.936738207401360601e+00 -2.849357239187344515e+00
-2.441052278256537811e+00 -2.258706394577565391e+00 -2.146270010749624646e+00 -4.926095585292826762e+00
-2.364454128883006323e+00 -2.472558619599210417e+00 -4.788044208623919218e+00 -2.245848732250612212e+00
0.000000000000000000e+00 0.000000000000000000e+00 0.000000000000000000e+00 0.000000000000000000e+00
-5.000000000000000000e-01 -1.580266076300937406e-01 -2.003484802021327296e-02 -1.354999999999999982e+00
-1.205195065776493157e-01 -8.297186816722212921e-02 3.665975238846110318e-01 -6.460205330250952116e-01
-4.783503774347891424e-02 1.849248349999997251e-03 8.784233454094307891e-01 -1.354999999999999982e+00
0.000000000000000000e+00 0.000000000000000000e+00 0.000000000000000000e+00 0.000000000000000000e+00
