-6.436759382648844785e-02 -1.291450274374095486e-01 3.782668254600100866e-02 -6.422794752294741505e-02
-6.556045412409257367e-02 -5.000000000000000000e+00 1.455079492401834818e-01 3.336428130707010109e-02
3.189131055356728139e-02 2.589341725591378096e-01 4.087045434051271575e-03 1.444847657821825004e-01
1.302874455155168809e-01 -4.999999993542991739e+00 -1.793605015547197756e-02 2.001185721239735066e-02
-1.293898740371800249e-01 -3.067437409726388522e-02 -5.000000000000000000e+00 -6.750264144388183618e-02
0.000000000000000000e+00 0.000000000000000000e+00 0.000000000000000000e+00 0.000000000000000000e+00
-4.987849999999999895e+00 5.000968920192931932e-01 -4.999997342794999966e+00 -1.252831623198347177e-01
0.000000000000000000e+00 0.000000000000000000e+00 0.000000000000000000e+00 0.000000000000000000e+00
-3.266610728488111848e-02 -5.000000000000000000e+00 2.514876968161942061e-01 -1.581605170914328062e-01
-2.687618844060177814e-01 2.270776787676248853e-01 5.218564140999999434e-01 -4.999901584999999926e+00
1.095290301864455113e-01 7.830753699999999373e-01 -4.998906500000000364e+00 3.543675756542054023e-01
0.000000000000000000e+00 0.000000000000000000e+00 0.000000000000000000e+00 0.000000000000000000e+00
0.000000000000000000e+00 0.000000000000000000e+00 0.000000000000000000e+00 0.000000000000000000e+00
-4.549999999999999822e+00 5.231155509999998454e-01 7.994654499999999109e-01 -1.822163525000003448e-02
5.309992449999998421e-01 6.869379999999999376e-01 9.729999999999999760e-01 5.580917366499998922e-01
0.000000000000000000e+00 0.000000000000000000e+00 0.000000000000000000e+00 0.000000000000000000e+00
