-3.462998169479713617e+00 -3.643139720933744830e+00 -2.802270881419282933e+00 -3.575678145763465654e+00
-3.129413547830212305e+00 -3.274174225492636481e+00 -2.534711177384123104e+00 -2.991234660791596056e+00
-2.978476896978941912e+00 -3.061640033596757959e+00 -2.292113918372335135e+00 -2.700073128837892966e+00
-2.854175474962021397e+00 -2.610885336923431943e+00 -2.156503680850405669e+00 -2.528996513400406432e+00
-2.577464602699897078e+00 -2.435912110554356858e+00 -1.949455363763598514e+00 -2.330003003644762316e+00
-2.356519810465703468e+00 -2.134615179814152608e+00 -1.863354578958073215e+00 -2.181845990390999912e+00
-2.207781298399543957e+00 -1.863638594509325008e+00 -1.717711593441822782e+00 -1.897959282904554401e+00
-2.014308656203515291e+00 -1.527560930345283952e+00 -1.793251691626365663e+00 -1.723045809130056005e+00
-3.621630007409839536e+00 -3.611175012372114246e+00 -3.475254552904429861e+00 -3.622406587694966706e+00
-3.616935677927239912e+00 -3.654540053921487619e+00 -3.058197885077106548e+00 -3.489433593410414591e+00
-3.502859595009156113e+00 -3.669898499513313261e+00 -3.150394772140479915e+00 -2.680812001632103758e+00
-3.269890863164090611e+00 -4.999999907539955046e+00 -2.375451492889631311e+00 -2.895076945410766101e+00
-3.085629834573143437e+00 -3.002581298290595502e+00 -2.105755180886814237e+00 -2.751879843999153863e+00
-2.653550835990785561e+00 -2.816339928341967003e+00 -1.717485133659219398e+00 -2.512919476144761521e+00
-2.154765732701899417e+00 -1.688633868074797206e+00 -1.509844064873800518e+00 -2.026874240817063022e+00
-1.849455634429451711e+00 -1.073535278279111660e+00 -1.516508299462359766e+00 -1.785548069190502130e+00
-3.597029790663447191e+00 -3.579353876322155070e+00 -3.587146923592249070e+00 -3.639923488121087125e+00
-3.598377807811456996e+00 -3.584744938565016081e+00 -3.638679730396141121e+00 -3.551075252256760351e+00
-3.526711139251470950e+00 -3.512471290932471124e+00 -4.999980066382605948e+00 -3.178357981311395797e+00
0.000000000000000000e+00 0.000000000000000000e+00 0.000000000000000000e+00 0.000000000000000000e+00
-4.997716120462746048e+00 -2.439633395614542177e+00 -3.047440527000115473e+00 -2.850815165389747996e+00
-3.101749413758075669e+00 -4.997716120462746048e+00 -1.837051629020300725e+00 -2.592340529645420943e+00
-2.503610585979509029e+00 -1.764550196215906253e+00 -1.188996490318614541e+00 -2.114119702144419577e+00
-1.803642935010820292e+00 -9.445234601263053920e-01 -1.321647980370854958e+00 -1.561483839993194511e+00
-3.574540042581044297e+00 -3.556941750592773843e+00 -3.566628381337141107e+00 -3.577009680309394035e+00
-3.568942973575198074e+00 -3.593102053826798592e+00 -3.586025501717772901e+00 -3.558543302700249100e+00
-3.550627670526044000e+00 -3.749676719211169740e+00 -3.607354127602578675e+00 -3.627770681608419423e+00
-3.006164289017811964e+00 -4.960724163943605269e+00 -2.644914637474423014e+00 -4.908759981842996112e+00
-3.141993937582979068e+00 -1.917029792444428171e+00 -4.956360182159561312e+00 -2.696989877972513661e+00
0.000000000000000000e+00 0.000000000000000000e+00 0.000000000000000000e+00 0.000000000000000000e+00
-4.999797581169885596e+00 -1.729170186432465339e+00 -1.109455819270111609e+00 -2.188253707443468254e+00
-1.506172109251270097e+00 -8.012335147047058292e-01 -9.515278904688948547e-01 -1.459776889014301027e+00
-3.540560406796147142e+00 -3.465536793569186091e+00 -3.654968315127820055e+00 -3.554268024981364515e+00
-3.460107283905110354e+00 -4.999115178272860227e+00 -3.637043372920233608e+00 -3.467473867911848640e+00
-3.325173704072690750e+00 -4.828315808985374602e+00 -4.874842224750338460e+00 -3.335769021028065939e+00
0.000000000000000000e+00 0.000000000000000000e+00 0.000000000000000000e+00 0.000000000000000000e+00
-4.676945905538666182e+00 -1.684698880035615742e+00 -1.586812132734823688e+00 -2.090851253872768822e+00
-1.717428942362920763e+00 -1.531873663677605801e+00 -1.817523175857855167e+00 -4.860935805278153943e+00
-2.304092518034630555e+00 -4.991913453650385080e+00 -8.932078525317203033e-01 -2.680433948279019152e+00
-1.565416564459328752e+00 -2.292582414995673057e-01 -7.310898933830354274e-01 -9.858241907529942116e-01
-3.477576875870946438e+00 -3.187081269689711061e+00 -4.999419468464823879e+00 -3.477767292014660505e+00
0.000000000000000000e+00 0.000000000000000000e+00 0.000000000000000000e+00 0.000000000000000000e+00
0.000000000000000000e+00 0.000000000000000000e+00 0.000000000000000000e+00 0.000000000000000000e+00
-4.073489905574079195e+00 -1.226975759481473860e+00 -1.519435766870651294e+00 -3.062897555000000160e+00
-1.740808502009756786e+00 -4.601167784615637579e+00 -1.662802769403047165e+00 -2.073327344969608355e+00
-2.240552262595721267e+00 -9.858304355286232612e-01 -3.856160377251949711e+00 -1.654684872603879420e+00
0.000000000000000000e+00 0.000000000000000000e+00 0.000000000000000000e+00 0.000000000000000000e+00
-4.999999988759016745e+00 4.635929825324573983e-01 -7.147922099589419931e-01 -9.785166612748753545e-01
-3.351440019346887844e+00 -2.413235417211390121e+00 -4.993449897456812003e+00 -3.325720477759092297e+00
0.000000000000000000e+00 0.000000000000000000e+00 0.000000000000000000e+00 0.000000000000000000e+00
-3.256607799500000233e+00 -1.906469339058445067e+00 -1.245614490742680047e+00 -3.729067085835499729e+00
-1.527348178810882473e+00 -2.847663950000000277e+00 -3.256607799500000233e+00 -1.560599644586993184e+00
0.000000000000000000e+00 0.000000000000000000e+00 0.000000000000000000e+00 0.000000000000000000e+00
-3.256607799500000233e+00 -1.203186018714159922e-01 -3.970544339526754563e+00 -8.050369618459084498e-01
0.000000000000000000e+00 0.000000000000000000e+00 0.000000000000000000e+00 0.000000000000000000e+00
-4.999994933141911346e+00 9.999999999999995559e-01 4.976962116163458072e-01 -3.389902679037046784e-01
-2.487949304653723104e+00 -2.486954721420046699e+00 -2.187652582006978541e+00 -2.881213174032100532e+00
-2.268238631017705398e+00 -2.473159673715739082e+00 -1.992917390517425780e+00 -4.917883983658696501e+00
-1.679651681521381112e+00 -1.674321175314306798e+00 -4.764493565137687625e+00 -1.781359397668318634e+00
0.000000000000000000e+00 0.000000000000000000e+00 0.000000000000000000e+00 0.000000000000000000e+00
-2.047550000000000203e+00 -2.604627099999999862e-01 -1.294924885209099708e-01 -5.000000000000000000e-01
-2.604529199178395316e-01 -1.707876326532289379e-01 1.214241566620100632e-01 -3.691732531697455855e-01
-6.533392424598084836e-02 1.205070388187477887e-01 8.332281830033343439e-01 -1.719500000000000028e+00
0.000000000000000000e+00 0.000000000000000000e+00 0.000000000000000000e+00 0.000000000000000000e+00
