5.404578550011489568e-01 5.794293210538410399e-01 5.794293210538410399e-01 5.404578550011489568e-01
5.404578550011489568e-01 6.204519168987800981e-01 6.204519168987800981e-01 5.794293210538410399e-01
5.794293210538410399e-01 6.636335967355579957e-01 6.636335967355579957e-01 6.204519168987800981e-01
6.204519168987800981e-01 7.090879965637453264e-01 7.090879965637453264e-01 6.636335967355579957e-01
6.636335967355579957e-01 7.569347332249951599e-01 7.569344971399774025e-01 7.090879965629165449e-01
7.090879563906820060e-01 8.072997174398877096e-01 -5.000000000000000000e+00 6.958303586130540896e-01
0.000000000000000000e+00 0.000000000000000000e+00 0.000000000000000000e+00 0.000000000000000000e+00
-5.000000000000000000e+00 2.360139240165579633e-01 4.469398242372291108e-01 1.076661899723906912e-01
-1.415783859991355254e-01 8.790731999214883574e-01 -1.364826210254165006e-01 -1.380749410898216289e-01
-1.385586816806242683e-01 3.641396351688411803e-01 6.308273522232291097e-02 -5.320260581913205389e-03
-5.946908317589816306e-03 1.005648994291213238e+00 -1.305289432880841483e-01 -1.330685479109391389e-01
-1.313578813756902663e-01 4.426060203765351808e-01 -1.269834593913067577e-01 -1.300844023042191933e-01
-1.290991689955076627e-01 -1.055990894989911333e-01 -1.234188659231590518e-01 -1.254876057760734853e-01
-1.241523318448037871e-01 -1.210749364526824412e-01 -1.195375320918537765e-01 -1.216681037457473663e-01
-1.220734090524136783e-01 -1.156005320260643232e-01 -1.163764398862208033e-01 -1.179396717403164846e-01
-1.176366713078181997e-01 -1.146620432140784546e-01 -1.138101481572893758e-01 -1.138495737802218549e-01
-1.112354040243161979e-01 -1.122963249763017646e-01 -1.129057842964350522e-01 -1.125167474683425872e-01
-1.145509174262274998e-01 -1.096680150881909760e-01 -1.112581739977328843e-01 -1.109526726498721999e-01
-1.112266944064888019e-01 -1.102106654338904368e-01 -1.098769998255478830e-01 -1.097709315533337698e-01
-1.098122188609395589e-01 -1.128518053196258808e-01 -1.101870549240111935e-01 -1.111190127642365383e-01
5.794293210538410399e-01 -5.000000000000000000e+00 6.204519168987800981e-01 5.404578550011489568e-01
5.794293210538410399e-01 -5.000000000000000000e+00 6.636335967355579957e-01 5.794293210538410399e-01
6.204519168987800981e-01 7.090879965637453264e-01 7.090879965637453264e-01 6.204519168987800981e-01
6.636335967355579957e-01 7.569347332249951599e-01 7.569347332249951599e-01 6.636335967355579957e-01
7.090879965637453264e-01 8.072997191842055109e-01 8.072997191842055109e-01 7.090879965637453264e-01
7.569347332210071277e-01 8.603154938781111261e-01 8.603152067550353665e-01 7.569257147818547748e-01
8.072635024050398567e-01 9.161215721363180631e-01 9.080766981754979650e-01 -5.000000000000000000e+00
7.743577316459037130e-01 9.748635783223464912e-01 8.436714865869301416e-01 1.821515414953377154e-01
4.479679998017361275e-01 1.024497795236163356e+00 8.445516361976036501e-01 1.765620592721835191e-01
-1.364569024022281307e-01 -1.313127773824360467e-01 1.046694416234255964e+00 -1.353783935498562296e-01
-1.342384198292579101e-01 1.167289337313333064e+00 8.980793963201827435e-01 5.694643617805164038e-01
1.043311784208613702e+00 -5.000000000000000000e+00 -1.100386706743615717e-01 -1.301878811323317620e-01
-1.269530956439414993e-01 -9.072504096972695831e-02 -1.203656602830320416e-01 -1.259642306925743693e-01
-1.229512317480388056e-01 -1.179986216212504380e-01 -1.178255150953593511e-01 -1.220523076600500828e-01
-1.189960540994095400e-01 -1.137713941203103568e-01 -1.158066877565810393e-01 -1.151660499487442563e-01
-1.150270575968213860e-01 -1.126296457654008265e-01 -1.126182525711161841e-01 -1.148487842194535341e-01
-1.151623061834194106e-01 -1.101586469095611476e-01 -1.097610082650269936e-01 -1.122947754767509576e-01
-1.096454452920249817e-01 -1.079811183306281647e-01 -1.098198147000864072e-01 -1.105456990202656198e-01
-1.092588166414660555e-01 -1.087235413096993564e-01 -1.102337819988524897e-01 -1.099708049774472812e-01
-1.112874009777587991e-01 -1.097431360309933518e-01 -1.123348494211609400e-01 -1.131254857719302259e-01
0.000000000000000000e+00 0.000000000000000000e+00 0.000000000000000000e+00 0.000000000000000000e+00
0.000000000000000000e+00 0.000000000000000000e+00 0.000000000000000000e+00 0.000000000000000000e+00
-5.000000000000000000e+00 7.569347332249951599e-01 7.569347332249951599e-01 6.636335967355579957e-01
7.090879965637453264e-01 8.072997191842055109e-01 8.072997191842055109e-01 7.090879965637453264e-01
7.569347332249951599e-01 8.603154938781111261e-01 8.603154938781111261e-01 7.569347332249951599e-01
8.072997191842055109e-01 9.161215725032749724e-01 9.161215725032748614e-01 8.072997191842053999e-01
8.603152280880227432e-01 9.748646149065258726e-01 9.748648131613421031e-01 8.603154557338434927e-01
9.161215718609238001e-01 1.036699803327728597e+00 1.036673579215795282e+00 9.160971358394071062e-01
9.746506996826548308e-01 1.101787639465465096e+00 1.071872539941613134e+00 9.257626312598548068e-01
9.982437651649894716e-01 1.170301850405776278e+00 9.937520880898658149e-01 3.064972196899136136e-01
7.610458329704504754e-01 1.242413936362948945e+00 -5.000000000000000000e+00 1.079352455662098587e+00
0.000000000000000000e+00 0.000000000000000000e+00 0.000000000000000000e+00 0.000000000000000000e+00
-5.000000000000000000e+00 -8.390875168448040655e-02 -1.157072030605197366e-01 -1.232881515958626911e-01
-1.170186180845747270e-01 -5.000000000000000000e+00 -1.142183773424265553e-01 -1.179896532004157533e-01
-1.148378734258871520e-01 -1.106471478901532302e-01 -1.112463291576202412e-01 -1.144888145090458553e-01
-1.100756361118900017e-01 -1.093981954205906493e-01 -1.100742934809460227e-01 -1.142760631378424846e-01
-1.070210350209607475e-01 -1.073790946399178076e-01 -1.068005208783269488e-01 -1.108391853951100625e-01
-1.073331676871829565e-01 -1.039510305271606205e-01 -1.077344163520969067e-01 -1.086091246774810448e-01
-1.068062043556974178e-01 -1.055946689273527805e-01 -1.094946410160987094e-01 -1.119455516367336145e-01
-1.092753164031406848e-01 -1.062643441360105467e-01 -1.068160067624694815e-01 -1.123285849987018387e-01
6.635340587391188594e-01 7.069648107214761001e-01 7.090879965637453264e-01 -5.000000000000000000e+00
6.636335967355579957e-01 7.569347332249951599e-01 7.569347332249951599e-01 -5.000000000000000000e+00
7.090879965637453264e-01 8.072997191842055109e-01 8.072997191842055109e-01 7.090879965637453264e-01
7.569347332249951599e-01 8.603154938781111261e-01 8.603154938781111261e-01 7.569347332249951599e-01
8.072997191842055109e-01 9.161215725032749724e-01 9.161215725032749724e-01 8.072997191842055109e-01
8.603154938781111261e-01 9.748648131613421031e-01 9.748648131613421031e-01 8.603154938781111261e-01
9.161215725032708646e-01 1.036699803327724378e+00 1.036699803327728597e+00 9.161215725002354038e-01
9.748648131608117495e-01 1.101789266660766931e+00 1.101789266660593070e+00 9.748648131613421031e-01
1.036578754533981517e+00 1.170302055940224850e+00 1.170304491221841658e+00 1.035966828999864253e+00
1.101789039771300605e+00 -5.000000000000000000e+00 1.242425780233530119e+00 1.101635667941180952e+00
1.170279915970909856e+00 1.318342926561615558e+00 7.305799767054862448e-01 1.170057446725654593e+00
1.119471621914464254e+00 -5.000000000000000000e+00 7.157042375946156554e-01 -5.000000000000000000e+00
-1.006776968475799616e-01 1.347132054717793181e+00 -5.000000000000000000e+00 -9.136424084476540974e-02
0.000000000000000000e+00 0.000000000000000000e+00 0.000000000000000000e+00 0.000000000000000000e+00
-4.999999999995292654e+00 -1.076754904474307994e-01 -1.083374823170050044e-01 -1.132289676193573708e-01
-1.065732747813010056e-01 -1.057053915237063657e-01 -1.057013028076688593e-01 -1.112622582959610779e-01
-1.060330949779339366e-01 -4.999999999999961808e+00 -1.035480810279198888e-01 -1.067958360710671156e-01
-1.067015833243096790e-01 -9.904680647235314384e-02 -1.016778291068440032e-01 -1.066689976653442673e-01
-1.027476873070121283e-01 -1.026734582371798682e-01 -1.051599964822232808e-01 -1.078396662297925884e-01
-1.049699730650929114e-01 -1.017966376503469800e-01 -1.037330994170469478e-01 -1.104435213865025411e-01
7.090862549045037211e-01 7.569326031087859619e-01 7.569347332249951599e-01 6.635971293861533393e-01
7.090879965637453264e-01 8.072997191842055109e-01 8.072997191842055109e-01 7.090879965637453264e-01
7.569347332249951599e-01 8.603154938781111261e-01 8.603154938781111261e-01 7.569347332249951599e-01
8.072997191842055109e-01 9.161215725032749724e-01 9.161215725032749724e-01 8.072997191842055109e-01
8.603154938781111261e-01 9.748648131613421031e-01 9.748648131613421031e-01 8.603154938781111261e-01
9.161215725032749724e-01 1.036699803327728597e+00 1.036699803327728597e+00 9.161215725032749724e-01
9.748648131613421031e-01 1.101789266660766931e+00 1.101789266660766931e+00 9.748648131613421031e-01
1.036699803327712166e+00 1.170304491221860088e+00 1.170304491221779486e+00 1.036699803327728375e+00
1.101789230100044703e+00 1.242425780233537003e+00 -5.000000000000000000e+00 1.101789261494312333e+00
0.000000000000000000e+00 0.000000000000000000e+00 0.000000000000000000e+00 0.000000000000000000e+00
-5.000000000000000000e+00 1.398255712170124010e+00 -5.000000000000000000e+00 1.242410730067841973e+00
0.000000000000000000e+00 0.000000000000000000e+00 0.000000000000000000e+00 0.000000000000000000e+00
-5.000000000000000000e+00 1.570683349863861267e+00 1.017188539943397085e+00 7.133346500920170197e-01
1.423055977980154152e+00 -1.013809696403696892e-01 -1.045751186197469429e-01 -4.999999999999999112e+00
-1.052276529770700131e-01 -1.042441413059984889e-01 -1.036481875725920598e-01 -1.089896862235580771e-01
-1.032960382901429580e-01 -1.007795926488823657e-01 -4.999999998062897077e+00 -1.103280741421916594e-01
0.000000000000000000e+00 0.000000000000000000e+00 0.000000000000000000e+00 0.000000000000000000e+00
-4.999999999999872990e+00 -9.375537448026072251e-02 -9.610183269936525829e-02 -1.024262771436978831e-01
-9.845900677849592220e-02 -9.824248086428687132e-02 -1.016115518634925635e-01 -1.044918171044454669e-01
-9.801528256511551906e-02 -9.687334852865010781e-02 -1.011639351889088018e-01 -1.037782694362287539e-01
7.569329761602910933e-01 8.072926017569607149e-01 8.072997191842055109e-01 7.090875317408504852e-01
7.569347332249951599e-01 8.603154938781111261e-01 8.603154938781111261e-01 7.569347332249951599e-01
8.072997191842055109e-01 9.161215725032749724e-01 9.161215725032749724e-01 8.072997191842055109e-01
8.603154938781111261e-01 9.748648131613421031e-01 9.748648131613421031e-01 8.603154938781111261e-01
9.161215725032749724e-01 1.036699803327728597e+00 1.036699803327728597e+00 9.161215725032749724e-01
9.748648131613421031e-01 1.101789266660766931e+00 1.101789266660766931e+00 9.748648131613421031e-01
1.036699803327728597e+00 1.170304491221860088e+00 1.170304491221860088e+00 1.036699803327728597e+00
1.101789266660766931e+00 1.242425780233537003e+00 1.242425780233537003e+00 1.101789266660766931e+00
1.170304491196896279e+00 1.318342926561618000e+00 1.318342926560716943e+00 1.170304491221852317e+00
1.242425713761111439e+00 1.398255712170124232e+00 1.398255274282656391e+00 -5.000000000000000000e+00
1.318342682711151737e+00 1.482374433863288710e+00 1.482374401873334469e+00 1.318342921233009113e+00
1.392217760253735559e+00 1.570920456698198686e+00 1.569857036886056267e+00 -5.000000000000000000e+00
1.165187912980693463e+00 1.664126796392678465e+00 1.340437500683413941e+00 1.479233634459186986e+00
1.565953216684556226e+00 5.102675982165324475e-01 7.190773039501709984e-01 -1.056432622810655753e-01
1.138945038827702483e+00 4.713877753005712989e-01 -1.007226056462854624e-01 -1.057488339717631703e-01
-1.025620605193469093e-01 1.055659595324672129e+00 -9.732873343441975078e-02 -9.779349837367326548e-02
-9.334749629387129044e-02 -9.423343490233561381e-02 -9.364122980237159222e-02 -4.999999998062897077e+00
-9.708381656513764835e-02 -9.480599700875919078e-02 -9.627154696981843340e-02 -9.754863474997647887e-02
-9.777406879430285136e-02 -9.328605406417157797e-02 -9.922191988483823610e-02 -9.923735389807358809e-02
-9.725101035367421376e-02 -9.822993999398639542e-02 -1.017106810389557942e-01 -9.888911102949909937e-02
8.072203055380962056e-01 8.602894499367954584e-01 8.603154938781111261e-01 7.562767361321485193e-01
8.072997191842055109e-01 9.161215725032749724e-01 9.161215725032749724e-01 8.072997191842055109e-01
8.603154938781111261e-01 9.748648131613421031e-01 9.748648131613421031e-01 8.603154938781111261e-01
9.161215725032749724e-01 1.036699803327728597e+00 1.036699803327728597e+00 9.161215725032749724e-01
9.748648131613421031e-01 1.101789266660766931e+00 1.101789266660766931e+00 9.748648131613421031e-01
1.036699803327728597e+00 1.170304491221860088e+00 1.170304491221860088e+00 1.036699803327728597e+00
1.101789266660766931e+00 -5.000000000000000000e+00 1.242425780233537003e+00 1.101789266660766931e+00
1.170304491221860088e+00 1.318342926561618000e+00 1.318342926561618000e+00 1.170304491221860088e+00
1.242425780233537003e+00 1.398255712170124232e+00 1.398255712170124232e+00 1.242425780233537003e+00
1.318342926561618000e+00 1.482374433863288710e+00 1.482374433863288710e+00 1.318342926561618000e+00
1.398255712170124232e+00 1.570920456698198686e+00 1.570920456698198686e+00 1.398255712170124232e+00
1.482374433863288710e+00 1.664126796524419749e+00 1.664126796524419749e+00 1.482374433863288488e+00
1.570920291301401317e+00 1.762238733183599804e+00 1.757072802539157097e+00 1.570919409454376137e+00
1.664055858433481250e+00 1.864420714533578272e+00 -5.180912566122297669e-04 1.116988486602473962e+00
1.200250773045926866e+00 -1.320887102048237671e-02 1.276845747932749298e+00 3.377541116974743796e-01
-9.961289008027053582e-02 1.951191512866062627e+00 2.474059638229021141e-01 -1.010125006783041540e-01
-9.735591820453630418e-02 1.714599836622434204e+00 1.296216699603126576e-01 -9.748002669916294716e-02
8.420941277437096195e-01 -9.199802488240357845e-02 -9.305443289274080432e-02 -9.681223744765628247e-02
1.296543855543247914e-01 -9.011654314736375349e-02 -9.822609643264934576e-02 -8.796680920451187269e-02
-9.351501383904424480e-02 -4.999970475499999623e+00 -9.837573929563048214e-02 -1.002704092279904091e-01
8.603137202244608428e-01 9.158904732681157901e-01 9.161215725032749724e-01 8.043726533597630457e-01
8.603154938781111261e-01 9.748648131613421031e-01 9.748648131613421031e-01 8.603154938781111261e-01
9.161215725032749724e-01 1.036699803327728597e+00 1.036699803327728597e+00 9.161215725032749724e-01
9.748648131613421031e-01 1.101789266660766931e+00 1.101789266660766931e+00 9.748648131613421031e-01
1.036699803327728597e+00 1.170304491221860088e+00 1.170304491221860088e+00 1.036699803327728597e+00
1.101789266660766931e+00 1.242425780233537003e+00 -5.000000000000000000e+00 1.101789266660766931e+00
0.000000000000000000e+00 0.000000000000000000e+00 0.000000000000000000e+00 0.000000000000000000e+00
-5.000000000000000000e+00 1.398255712170124232e+00 1.398255712170124232e+00 1.242425780233537003e+00
1.318342926561618000e+00 1.482374433863288710e+00 1.482374433863288710e+00 1.318342926561618000e+00
1.398255712170124232e+00 1.570920456698198686e+00 1.570920456698198686e+00 1.398255712170124232e+00
1.482374433863288710e+00 1.664126796524419749e+00 1.664126796524419749e+00 1.482374433863288710e+00
1.570920456698198686e+00 1.762238733183599804e+00 1.762238733183599804e+00 1.570920456698198686e+00
1.664126796524419749e+00 1.865514455982736797e+00 1.865514455982736797e+00 1.664126796524401541e+00
1.757783574206070121e+00 1.974225743139722988e+00 1.974152127358265174e+00 1.716036013546047734e+00
-9.736971524597744232e-02 2.088658664473522553e+00 1.973362786318419770e+00 9.813917914187892944e-01
1.618381407377206260e+00 2.207585759794457925e+00 1.011583453087408158e+00 6.405142805886576696e-01
-9.015724613838645152e-02 2.078418897131519394e+00 8.504480875770656922e-01 8.419367026243491647e-01
1.338342652964897406e+00 1.934900570851178170e+00 3.548349280533016348e-01 -8.866974077251715824e-02
1.014995234624697540e+00 -1.512194915788846183e-02 -4.999999999418869301e+00 -8.591398572157024627e-02
0.000000000000000000e+00 0.000000000000000000e+00 0.000000000000000000e+00 0.000000000000000000e+00
9.153524037713066663e-01 9.610527369502077644e-01 9.748648131613421031e-01 8.578801517209025951e-01
9.161215725032749724e-01 1.036699803327728375e+00 1.036699803327728597e+00 9.161215725032749724e-01
9.748648131613421031e-01 1.101789266660766931e+00 1.101789266660766931e+00 9.748648131613421031e-01
1.036699803327728597e+00 1.170304491221860088e+00 1.170304491221860088e+00 1.036699803327728597e+00
1.101789266660766931e+00 1.242425780233537003e+00 1.242425780233537003e+00 1.101789266660766931e+00
1.170304491221860088e+00 1.318342926561618000e+00 1.318342926561618000e+00 1.170304491221860088e+00
1.242425780233537003e+00 1.398255712170124232e+00 1.398255712170124232e+00 -5.000000000000000000e+00
1.318342926561618000e+00 1.482374433863288710e+00 1.482374433863288710e+00 1.318342926561618000e+00
1.398255712170124232e+00 1.570920456698198686e+00 1.570920456698198686e+00 1.398255712170124232e+00
1.482374433862380769e+00 1.664126796524419749e+00 1.664126796524419305e+00 1.482374433863288710e+00
1.570920456689001155e+00 1.762238733183599582e+00 1.762238733183599804e+00 1.570920456671777599e+00
1.664126796524419749e+00 1.865514455982736797e+00 1.865514455982736797e+00 1.664126796524419749e+00
1.762238733183599804e+00 1.974225743139722988e+00 1.974225743139722988e+00 1.762238733183599804e+00
1.865514455982638431e+00 2.088658676989182172e+00 2.088658676433945871e+00 1.865514455844112351e+00
1.974225318518687100e+00 2.209114396830717642e+00 2.201959437475995873e+00 1.974189878611197102e+00
1.892767734659421830e+00 2.335909888024199077e+00 2.081473703773346173e+00 1.951198870654301976e+00
2.207917892565590900e+00 2.002924888907809287e+00 2.092936154028525397e+00 1.924289397570165372e+00
1.434243872505268635e+00 2.320342267228130417e+00 5.832150447311786057e-03 1.253310340934368439e+00
1.439426330519147479e+00 -7.883227864474277868e-02 -7.850168592913547849e-02 -4.397833788774814512e-02
-8.030670531764251552e-02 -8.240109948274833285e-02 -8.041064073387889366e-02 -4.999991142649999887e+00
-1.354785982352884055e-01 -5.000000000000000000e+00 1.036676766115309567e+00 9.152854891272345084e-01
9.739928963229547154e-01 1.101789266638669496e+00 1.101789266660766931e+00 9.748628437282869097e-01
1.036699803327728597e+00 1.170304491221860088e+00 1.170304491221860088e+00 1.036699803327728597e+00
1.101789266660766931e+00 1.242425780233537003e+00 1.242425780233537003e+00 1.101789266660766931e+00
1.170304491221860088e+00 1.318342926561618000e+00 1.318342926561618000e+00 1.170304491221860088e+00
1.242425780233537003e+00 1.398255712170124232e+00 1.398255712170124232e+00 1.242425780233537003e+00
1.318342926561618000e+00 1.482374433863288710e+00 1.482374433863288710e+00 1.318342926561618000e+00
1.398255712170124232e+00 1.570920456698198686e+00 1.570920456698198686e+00 1.398255712170124232e+00
1.482374433863288710e+00 1.664126796524419749e+00 1.664126796524419749e+00 1.482374433863288710e+00
1.570920456698198686e+00 1.762238733183599804e+00 1.762238733183599804e+00 1.570920456698198686e+00
1.664126796524419749e+00 1.865514455982736797e+00 1.865514455982736797e+00 1.664126796524419749e+00
1.762238733183599804e+00 1.974225743139722988e+00 1.974225743139722988e+00 1.762238733183599804e+00
1.865514455982736797e+00 2.088658676989182172e+00 2.088658676989182172e+00 1.865514455982736797e+00
1.974225743139722988e+00 2.209114396830718086e+00 2.209114396830667015e+00 1.974225743139421230e+00
2.088658659316247057e+00 2.335909891400755889e+00 2.335909891400709260e+00 2.088658668664799212e+00
2.209114330610436383e+00 2.469378833053426980e+00 2.230414666020002379e+00 2.209109766684655529e+00
2.335900810817837403e+00 2.537325288672895862e+00 2.323858510797571331e+00 1.502438435769059444e+00
1.975377216920122248e+00 2.469377559466146455e+00 9.548452961494330316e-01 1.832860429539033831e+00
2.310671678589743205e+00 -7.713050233775345377e-02 -8.004176825598463552e-02 -7.594347170086299115e-02
-7.729024693093550225e-02 -4.999999202838499635e+00 -8.105535847202216537e-02 -8.081045130012771971e-02
0.000000000000000000e+00 0.000000000000000000e+00 0.000000000000000000e+00 0.000000000000000000e+00
-5.000000000000000000e+00 1.036165166661103809e+00 1.170304491221860088e+00 1.036697728688842135e+00
1.101789266660766931e+00 1.101789266660766931e+00 1.242425780233537003e+00 1.101789266660766931e+00
1.170304491221860088e+00 1.170304491221860088e+00 1.318342926561618000e+00 1.170304491221860088e+00
1.242425780233537003e+00 1.242425780233537003e+00 1.398255712170124232e+00 1.242425780233537003e+00
1.318342926561618000e+00 1.318342926561618000e+00 1.482374433863288710e+00 1.318342926561618000e+00
1.398255712170124232e+00 -5.000000000000000000e+00 1.570920456698198686e+00 1.398255712170124232e+00
1.482374433863288710e+00 1.664126796524419749e+00 1.664126796524419749e+00 1.482374433863288710e+00
1.570920456698198686e+00 1.762238733183599804e+00 1.762238733183599804e+00 1.570920456698198686e+00
1.664126796524419749e+00 1.865514455982736797e+00 1.865514455982736797e+00 1.664126796524419749e+00
1.762238733183599804e+00 1.974225743139722988e+00 1.974225743139722988e+00 1.762238733183599804e+00
1.865514455982736797e+00 2.088658676989182172e+00 2.088658676989182172e+00 1.865514455982736797e+00
1.974225743139722988e+00 -5.000000000000000000e+00 2.209114396830718086e+00 1.974225743139722988e+00
2.088658676989182172e+00 2.335909891400755889e+00 2.335909891400755889e+00 2.088658676989182172e+00
2.209114396830718086e+00 2.469378833053426980e+00 2.469378833053426980e+00 2.209114396830718086e+00
2.335909891400755889e+00 2.609872455845712480e+00 2.609872455845712480e+00 2.335909891400724359e+00
2.469374329309853344e+00 2.757760479837592094e+00 2.469377762473967231e+00 2.200273244429186814e+00
2.609872448305240678e+00 2.083213855288158278e+00 1.217890002907136893e+00 2.320012571141766955e+00
8.429089508352962667e-01 -4.999671949999999754e+00 -4.999901584999999926e+00 1.893975492780673342e+00
0.000000000000000000e+00 0.000000000000000000e+00 0.000000000000000000e+00 0.000000000000000000e+00
-1.255136478037695014e-01 -1.240198058189760505e-01 9.607767169082496173e-01 -5.000000000000000000e+00
8.193222458144608922e-01 9.747600003033066729e-01 7.342030341289820239e-01 1.101781991795965032e+00
1.024565784911788624e+00 1.166393979639261724e+00 1.170304491221860088e+00 1.170304414195755038e+00
1.101789266660764044e+00 1.242425433950500091e+00 1.242425780233537003e+00 1.242425780233537003e+00
1.170304491221860088e+00 1.318342926561271833e+00 1.318342926561618000e+00 1.318342926561618000e+00
1.242425780233537003e+00 1.398255712170124232e+00 -5.000000000000000000e+00 1.398255712170124232e+00
0.000000000000000000e+00 0.000000000000000000e+00 0.000000000000000000e+00 0.000000000000000000e+00
-5.000000000000000000e+00 1.570920456698198686e+00 1.762238733183599804e+00 1.570920456698198686e+00
1.664126796524419749e+00 1.664126796524419749e+00 1.865514455982736797e+00 1.664126796524419749e+00
1.762238733183599804e+00 1.762238733183599804e+00 1.974225743139722988e+00 1.762238733183599804e+00
1.865514455982736797e+00 -5.000000000000000000e+00 2.088658676989182172e+00 1.865514455982736797e+00
1.974225743139722988e+00 2.209114396830718086e+00 -5.000000000000000000e+00 1.974225743139722988e+00
0.000000000000000000e+00 0.000000000000000000e+00 0.000000000000000000e+00 0.000000000000000000e+00
-5.000000000000000000e+00 2.469378833053426980e+00 2.469378833053426980e+00 2.209114396830718086e+00
2.335909891400178129e+00 2.609872455845712480e+00 2.609872455845712480e+00 2.335909891400755889e+00
2.469378833053426980e+00 2.757760479837592094e+00 2.757760479837592094e+00 2.469378833053426980e+00
2.609872455833945892e+00 2.913432084039570658e+00 2.609871810533598513e+00 2.609872455845650752e+00
2.757760323791136337e+00 -4.999970475499999623e+00 -4.999999999825661234e+00 -7.555250500704130401e-02
0.000000000000000000e+00 0.000000000000000000e+00 0.000000000000000000e+00 0.000000000000000000e+00
-4.865000000000000213e+00 -1.696695000000000147e-02 -2.027357499999999854e-02 -3.500000000000000000e+00
-1.233240614721639039e-01 -1.229023463896829205e-01 -1.226093650767871024e-01 -1.270503406799212420e-01
-1.248209135118685115e-01 -1.202031344194501999e-01 1.127425365862766871e+00 9.502079801922196367e-01
9.595180410654454706e-01 -1.178216109220798363e-01 1.242049556091352702e+00 1.101789261372781104e+00
1.123995311526725160e+00 -5.000000000000000000e+00 1.318342917240197032e+00 1.170022316938220674e+00
1.242335084187566441e+00 2.550650855963410013e-01 1.398255712170124232e+00 1.242425780233537003e+00
1.318342918616464576e+00 -5.000000000000000000e+00 1.482374433863288710e+00 1.318342926561618000e+00
1.398255702825100144e+00 1.398255569124588371e+00 1.570920456698198686e+00 -5.000000000000000000e+00
1.482374433863288710e+00 1.482374433863288710e+00 1.664126796524419749e+00 1.664126796524419749e+00
1.570920456698198686e+00 1.570920456689848255e+00 1.762238733183599804e+00 1.762238733183599804e+00
1.664126796524419749e+00 1.664126796524419749e+00 -5.000000000000000000e+00 1.865514455982736797e+00
0.000000000000000000e+00 0.000000000000000000e+00 0.000000000000000000e+00 0.000000000000000000e+00
-5.000000000000000000e+00 -5.000000000000000000e+00 2.335909891400755889e+00 2.088658676989182172e+00
2.209114396830718086e+00 -5.000000000000000000e+00 2.469378833053426980e+00 -5.000000000000000000e+00
2.335909891400755889e+00 2.609872455845712480e+00 2.609872455845712480e+00 2.335909891400755889e+00
2.469378833053426980e+00 2.757760479837592094e+00 2.757760479837592094e+00 2.469378833053426980e+00
2.609872455845712480e+00 2.913432084039570658e+00 2.913432084039570658e+00 2.609872455845712480e+00
2.757760479837588541e+00 3.077296930567968936e+00 -5.000000000000000000e+00 2.757760479837592094e+00
0.000000000000000000e+00 0.000000000000000000e+00 0.000000000000000000e+00 0.000000000000000000e+00
-4.865000000000000213e+00 -2.759756093499999771e-02 -2.453395356999999929e-02 -3.500000000000000000e+00
-2.964609144000000113e-02 -2.368815714999999988e-02 -2.222914749999999745e-02 -2.230285749999999859e-02
-1.205271859967703280e-01 -5.000000000000000000e+00 -1.201834079565921309e-01 -1.213094696101764680e-01
-1.214518578972388352e-01 -1.163151701788721903e-01 -1.173188213166214827e-01 6.455898850813830414e-01
-1.196758287250439534e-01 -1.136832979080707462e-01 -5.000000000000000000e+00 -1.199265192391648915e-01
0.000000000000000000e+00 0.000000000000000000e+00 0.000000000000000000e+00 0.000000000000000000e+00
-5.000000000000000000e+00 6.499592648296028674e-01 -5.000000000000000000e+00 -1.144263338454738904e-01
0.000000000000000000e+00 0.000000000000000000e+00 0.000000000000000000e+00 0.000000000000000000e+00
-5.000000000000000000e+00 1.205083468283498993e+00 1.340041804164582739e+00 1.482374433817778669e+00
1.398167656057230257e+00 1.398252953754434147e+00 1.570478870864931098e+00 1.570920456698198686e+00
1.482334903804360504e+00 1.287847902640247399e+00 1.662837073650990760e+00 1.664126796524374896e+00
1.568844239847159816e+00 7.582292344842903598e-01 -5.000000000000000000e+00 1.762238733183599804e+00
0.000000000000000000e+00 0.000000000000000000e+00 0.000000000000000000e+00 0.000000000000000000e+00
0.000000000000000000e+00 0.000000000000000000e+00 0.000000000000000000e+00 0.000000000000000000e+00
0.000000000000000000e+00 0.000000000000000000e+00 0.000000000000000000e+00 0.000000000000000000e+00
-5.000000000000000000e+00 2.757760479837592094e+00 2.757760479837591649e+00 2.469378833053426980e+00
2.609872455845712480e+00 2.913432084039570658e+00 2.913432084039570658e+00 2.609872455845712480e+00
2.757760479837592094e+00 3.077296930567968936e+00 3.077296930567968936e+00 2.757760479837592094e+00
2.913432084039570658e+00 3.249786242703124994e+00 -5.000000000000000000e+00 2.913432083980846965e+00
0.000000000000000000e+00 0.000000000000000000e+00 0.000000000000000000e+00 0.000000000000000000e+00
-4.865000000000000213e+00 3.622476516730855689e+00 3.469358910266145291e+00 -3.093695174429999736e-02
3.335829839719155476e+00 3.815925878260899573e+00 6.235718639476403036e-01 -1.744071000000000163e-02
0.000000000000000000e+00 0.000000000000000000e+00 0.000000000000000000e+00 0.000000000000000000e+00
-5.000000000000000000e+00 -1.128356398367993535e-01 -1.119400360552425949e-01 -1.198625164798716447e-01
-1.161995771815791806e-01 -1.091680136186001515e-01 -5.000000000000000000e+00 -1.152320533262106012e-01
0.000000000000000000e+00 0.000000000000000000e+00 0.000000000000000000e+00 0.000000000000000000e+00
-5.000000000000000000e+00 -1.043385046160334728e-01 1.054513960930949512e+00 3.410183422636912098e-01
6.131439940863429028e-01 -1.001017742130163590e-01 1.260774332634099881e+00 -4.999999999984309440e+00
-1.035251884711391873e-01 -4.999999999418869301e+00 1.385647412773018727e+00 1.263326726692385993e+00
8.001706295316091122e-01 -8.985438478569658660e-02 1.305186416121656645e+00 1.482374433444695772e+00
1.397812707357001027e+00 -8.841121373447716203e-02 7.131701400311790673e-01 1.070931690455711349e+00
1.159823318659227942e+00 -8.295227225940780824e-02 8.966175719147132517e-01 -8.545069634547194926e-02
-8.493525288461273304e-02 -7.707661034129115185e-02 1.952132719482660317e+00 -4.999999999418869301e+00
6.714513295633757206e-01 -7.091572438294531378e-02 2.597199308114223726e+00 -4.998906500000000364e+00
2.282317712755194794e+00 2.172854284871462482e+00 2.757760476103211289e+00 -4.999999998062897077e+00
2.609872441193128445e+00 2.609872453310427165e+00 2.913432084039570658e+00 2.609872455845712480e+00
2.757760479837592094e+00 -5.000000000000000000e+00 3.077296930567968936e+00 2.757760479837592094e+00
2.913432084039570658e+00 3.249786242703124994e+00 3.249786242703124994e+00 2.913432084039570658e+00
3.077296930567968936e+00 3.431353939687499910e+00 3.431353939685791499e+00 3.077296930567968936e+00
3.249783361162360329e+00 3.622325907271777723e+00 3.622477831249998115e+00 -4.999999998062897077e+00
3.431352664341866365e+00 3.823660874999999848e+00 3.823639455960351263e+00 3.431348325737832994e+00
3.613171728682839312e+00 4.035432499978341525e+00 3.740105489448917631e+00 3.467545171661211789e+00
-1.088314825273930114e-01 -1.047862332239234140e-01 -1.118602084624273629e-01 -4.999999999999988454e+00
-1.089235218870236582e-01 -5.000000000000000000e+00 -1.093254998179551823e-01 -1.139370939541433647e-01
-1.077124250673263395e-01 -1.055679030383152028e-01 -5.000000000000000000e+00 -1.108754966948666265e-01
0.000000000000000000e+00 0.000000000000000000e+00 0.000000000000000000e+00 0.000000000000000000e+00
-4.999999999999988454e+00 -9.997837290697865475e-02 -9.966645971266391291e-02 -1.036038920651829176e-01
-1.001079196431731988e-01 -9.495161085981046467e-02 -4.999999999418869301e+00 7.303322002564824889e-01
0.000000000000000000e+00 0.000000000000000000e+00 0.000000000000000000e+00 0.000000000000000000e+00
-4.999999999999961808e+00 -8.441375319009483680e-02 -8.414952929381794289e-02 9.001446437662625755e-01
-8.833758846780589979e-02 -8.342022689497874399e-02 -8.275362800783521433e-02 -8.867081383814696960e-02
-7.768286799111155660e-02 -7.755606295671431394e-02 -7.734948291733238779e-02 -8.201638769976715704e-02
-8.140201200222338396e-02 -7.126377743607074933e-02 -7.128220314777622413e-02 -7.498450719042294710e-02
-7.337240826939708804e-02 1.080842083933805098e+00 3.874364798312340818e-02 -6.991932759152866272e-02
3.924802284371326638e-02 1.836169214171984532e+00 1.807482791247185583e+00 2.536194001179563617e+00
1.546168252451836977e+00 2.396020229487902387e-01 -4.999999760851549624e+00 2.757760479468335912e+00
0.000000000000000000e+00 0.000000000000000000e+00 0.000000000000000000e+00 0.000000000000000000e+00
-5.000000000000000000e+00 -5.000000000000000000e+00 3.431353939687499910e+00 3.077296930567966715e+00
3.249786242703124994e+00 3.622477831249999891e+00 3.622477831249999891e+00 3.249786242703124994e+00
3.431333461439896482e+00 3.823660874999999848e+00 3.823660874995855163e+00 3.431353939382927987e+00
3.622477206192588728e+00 4.035288811663833464e+00 4.035432499999999756e+00 3.622458366738398716e+00
3.823660763741421942e+00 4.258350000000000080e+00 4.035432499931114414e+00 3.823660833872682296e+00
-1.043058581119765404e-01 -1.014605957119331797e-01 -4.999999999418869301e+00 -1.086731495993854824e-01
0.000000000000000000e+00 0.000000000000000000e+00 0.000000000000000000e+00 0.000000000000000000e+00
-5.000000000000000000e+00 -1.006798105980788310e-01 -1.018621701109976435e-01 -1.084969303667578655e-01
-1.018500098806495585e-01 -9.856003699906648596e-02 -9.723066529474164166e-02 -4.999999999999988454e+00
-9.586761555394225642e-02 -9.502974172979906931e-02 -9.492818157390538192e-02 -1.002139687709291266e-01
-9.913589814263688849e-02 -9.287742164902175468e-02 -8.951119385568745423e-02 -9.966844424560647453e-02
-8.370559391231556512e-02 -8.387457214487678558e-02 -8.665459002546664624e-02 -4.999999760851549624e+00
-8.507319416252741295e-02 -8.249915106220914729e-02 -8.221099420264035840e-02 -8.608890478577456429e-02
-8.404514790155229176e-02 -7.768545149855182741e-02 -7.768346475011179975e-02 -8.436141665171312254e-02
-8.338188204541260862e-02 -7.134627866692444531e-02 1.657127604695152467e-01 -7.596922682159884532e-02
4.523416143917625976e-02 -6.474853257078588831e-02 1.326819739148376476e+00 -7.592132026100056885e-02
6.827977239221458827e-01 -4.999999928255465242e+00 1.922450105698660927e+00 -6.509020234816524642e-02
8.477436670019343756e-01 2.173317652454231030e+00 1.694855003998583798e-01 2.332862506960502902e+00
1.036413546245287476e+00 -4.865000000000000213e+00 -4.549999999999999822e+00 -6.000576411569709390e-02
0.000000000000000000e+00 0.000000000000000000e+00 0.000000000000000000e+00 0.000000000000000000e+00
0.000000000000000000e+00 0.000000000000000000e+00 0.000000000000000000e+00 0.000000000000000000e+00
-5.000000000000000000e+00 3.823660874999999848e+00 3.823660874999999848e+00 3.431353939687499910e+00
3.622477831249999891e+00 4.035432499999999756e+00 4.035432499999999756e+00 3.622477831249999891e+00
3.822817431318108472e+00 4.258350000000000080e+00 4.258349305985122513e+00 3.823660418761902768e+00
4.035430809538895325e+00 4.493000000000000327e+00 4.258349392414674028e+00 4.035432494467048770e+00
-9.942627968063443011e-02 -9.694536812976140006e-02 -9.735697504739009023e-02 -1.039156400141348358e-01
-9.905626544627074703e-02 -4.987849999999999895e+00 -9.345898889471437876e-02 -4.999999202838499635e+00
-9.829653086588642508e-02 -9.601078975905091850e-02 -9.772314895933954804e-02 -9.694046002783140992e-02
-9.650856672848338869e-02 -9.561468639714311435e-02 -9.349382898502917039e-02 -9.975852662571983720e-02
-9.744453424704004052e-02 -9.088488866481612971e-02 -9.128507863309080761e-02 -9.620700555505130869e-02
-8.990507344446074800e-02 -8.850795668841220099e-02 -8.817909757643943580e-02 -9.154824236867456499e-02
-9.065490504426924889e-02 -8.293911468527973008e-02 -8.261048587886143935e-02 -8.855189600581372944e-02
-8.703404714736216741e-02 -7.833478620644447610e-02 -7.708460320611615346e-02 -8.534235513783075544e-02
-8.184165968423096071e-02 -7.195635980630987749e-02 -7.161782377518134679e-02 -8.039393249308832146e-02
-7.524524464663599754e-02 -4.999999998062897077e+00 -6.489025320552639642e-02 -7.224362930531867677e-02
-7.134950023441932743e-02 -5.186098549154483789e-02 -4.999671949999999754e+00 -6.947846733834023292e-02
0.000000000000000000e+00 0.000000000000000000e+00 0.000000000000000000e+00 0.000000000000000000e+00
-4.999901584999999926e+00 2.709156487499762456e+00 -4.999999202838499635e+00 9.842271655211647374e-01
0.000000000000000000e+00 0.000000000000000000e+00 0.000000000000000000e+00 0.000000000000000000e+00
-4.987849999999999895e+00 -2.561704868642500008e-02 2.908818838493676839e+00 -4.959500000000000242e+00
2.270671555534708119e+00 3.430023845904997426e+00 3.823660874963052514e+00 -4.959500000000000242e+00
3.622477829271702809e+00 4.035430866760914448e+00 4.035432499999999756e+00 3.622477826545275725e+00
3.823660874999999848e+00 4.258350000000000080e+00 4.258350000000000080e+00 3.823660874999999848e+00
4.035432499999999756e+00 4.493000000000000327e+00 4.493000000000000327e+00 4.035432499999999756e+00
4.258350000000000080e+00 4.740000000000000213e+00 4.492999999999885752e+00 4.258349999999911262e+00
-9.399673266113878212e-02 -9.340260388310379913e-02 -4.999999760851549624e+00 -9.781017090915172796e-02
0.000000000000000000e+00 0.000000000000000000e+00 0.000000000000000000e+00 0.000000000000000000e+00
-4.999999760851549624e+00 -9.520911745954682703e-02 -9.173985504516957157e-02 -9.902113056456653128e-02
-9.544214256295997789e-02 -9.409652112533799240e-02 -9.290587770200403606e-02 -9.651702946151693996e-02
-9.505046812549701463e-02 -9.752826030678549141e-02 -8.848440687253132653e-02 -9.314151507547027697e-02
-9.148676591549852188e-02 -4.999999993542991739e+00 -8.392337181857721651e-02 -9.136606618771184185e-02
-8.766908500247164171e-02 -8.326663395808846235e-02 -7.928721761332359341e-02 -8.787034234567753233e-02
-7.749149956038994813e-02 -4.999999978476639129e+00 -7.337430300919291215e-02 -8.299496545105583545e-02
-7.888224998250617515e-02 -6.707022070617184306e-02 -4.999671949999999754e+00 -7.443414259599481775e-02
0.000000000000000000e+00 0.000000000000000000e+00 0.000000000000000000e+00 0.000000000000000000e+00
-4.999999202838499635e+00 -5.081413286338468810e-02 -3.510879788653384348e-02 -5.795086419733970484e-02
-4.534995722463798506e-02 6.010629208370529136e-03 -4.246382582676706818e-02 -4.998906500000000364e+00
-4.943960050232203834e-02 2.176521820847479027e+00 2.987134771638482622e+00 1.920156261548328080e+00
2.683583233916444932e+00 6.093926706374359625e-01 3.219414037781444637e+00 -4.999999202838499635e+00
-3.360202400310000059e-02 7.629736030532681124e-01 3.783474599078437528e+00 1.091169627979079015e+00
3.489584961205253855e+00 -3.014486188874999917e-02 4.025572169743139028e+00 3.622477138998223101e+00
3.683177035907992281e+00 3.806703124694033491e+00 4.258349999999998303e+00 3.792422552119700363e+00
4.035432499908183424e+00 -4.999999999999996447e+00 4.493000000000000327e+00 4.035432499858471189e+00
4.258350000000000080e+00 4.740000000000000213e+00 4.739999999999597868e+00 4.258350000000000080e+00
4.492999999999999439e+00 5.000000000000000000e+00 4.739999999998661728e+00 4.492999999896761132e+00
-8.823013654741021505e-02 -8.841313115094705244e-02 -9.311074477792373461e-02 -8.898300156705014896e-02
-9.160064772658342569e-02 -9.416184786095808945e-02 -9.379838700792161865e-02 -4.999997342794999966e+00
-9.187880709524059997e-02 -9.392050245834199229e-02 -9.413863604554362219e-02 -9.372159337945881741e-02
-9.528582202727209349e-02 -9.366049337134418895e-02 -9.728830247062933423e-02 -9.718129103650960388e-02
-9.720644138404654910e-02 -9.402927202851742161e-02 -4.999997342794999966e+00 -9.353860941064029433e-02
0.000000000000000000e+00 0.000000000000000000e+00 0.000000000000000000e+00 0.000000000000000000e+00
-4.999901584999999926e+00 -7.982438513356110432e-02 -4.998906500000000364e+00 -8.115140167885084854e-02
0.000000000000000000e+00 0.000000000000000000e+00 0.000000000000000000e+00 0.000000000000000000e+00
-4.999901584999999926e+00 -6.378240174091089065e-02 -6.125117263086019698e-02 -6.518870495017621558e-02
-6.239861649062961729e-02 -5.683053157299664676e-02 -5.768811727233278536e-02 -4.999671949999999754e+00
-5.882181066133935349e-02 -5.222026031833858217e-02 -2.411925056738255246e-03 -5.402719070600275897e-02
-4.936535653223070308e-02 1.829243549918999068e-01 3.791804705582717538e-01 -1.515422230143322405e-02
1.783020173206437686e-01 2.778164267225397555e-01 1.229822466857214414e-01 2.737129012168943998e+00
-4.363932610751816710e-02 3.821818154382551347e-01 1.678022949610269432e-01 2.328003947890275871e+00
-3.033978808349999806e-02 -3.031772128875000194e-02 -2.928728478374999916e-02 2.551450812607190421e+00
-2.814400207499999709e-02 -2.222914749999999745e-02 -2.258145924999999804e-02 2.138732755904326766e+00
-2.715595758749999797e-02 -2.906869454999999602e-02 -4.999671949999999754e+00 4.034253137287922009e+00
0.000000000000000000e+00 0.000000000000000000e+00 0.000000000000000000e+00 0.000000000000000000e+00
-4.999999999999996447e+00 4.739999999827733568e+00 5.000000000000000000e+00 4.493000000000000327e+00
0.000000000000000000e+00 0.000000000000000000e+00 0.000000000000000000e+00 0.000000000000000000e+00
