-2.888529564488285128e+00 -2.883068598803341764e+00 -2.877094173733426352e+00 -2.886124284560599662e+00
-2.869714372142926351e+00 -2.808341279621297204e+00 -2.808963093247410114e+00 -2.821189826193100103e+00
-2.811950100230836913e+00 -2.727036305297586782e+00 -2.725872899412447037e+00 -2.746783500131427580e+00
-2.689272562008998335e+00 -2.674696679691809464e+00 -2.660114902128958736e+00 -2.670272305452912054e+00
-2.623644572593952340e+00 -2.595142324091918695e+00 -2.667936383709275994e+00 -2.611022416717483807e+00
-2.432964568961573537e+00 -2.433389351776343634e+00 -4.996132229949273196e+00 -2.607522022222232838e+00
0.000000000000000000e+00 0.000000000000000000e+00 0.000000000000000000e+00 0.000000000000000000e+00
-4.809239787761526941e+00 -1.998296627093072653e+00 -1.979137903253352260e+00 -2.153896404069612469e+00
-2.224187852373590957e+00 -1.872610446378176974e+00 -1.871610423424034941e+00 -1.875430919582410150e+00
-1.841132649947419875e+00 -1.918905270930696183e+00 -1.810626756176275665e+00 -1.819606178103196470e+00
-1.767879575019897898e+00 -1.750154335571215469e+00 -1.749448712606763712e+00 -1.745379891027719621e+00
-1.706412582872453232e+00 -1.710542918860570971e+00 -1.708271263184598210e+00 -1.712489315622148789e+00
-1.672127309696166630e+00 -1.671517156999966280e+00 -1.674279712679506149e+00 -1.679513195898467925e+00
-1.643024031215479797e+00 -1.647864299113121156e+00 -1.660568596556082133e+00 -1.659870930914673748e+00
-1.638374888979204469e+00 -1.645246816119070976e+00 -1.644379001493622150e+00 -1.649259573921870725e+00
-1.638337512684193920e+00 -1.637444973794037528e+00 -1.637703172034263854e+00 -1.643554559431254392e+00
-2.828939230693178875e+00 -2.806634966881235371e+00 -2.807514406951813868e+00 -2.882872138787629268e+00
-2.764115415251320762e+00 -2.745584482116767422e+00 -2.746201397952741985e+00 -2.782273886142032637e+00
-2.703455415683973850e+00 -2.698598205163532882e+00 -2.693295063892027663e+00 -2.709383696671999964e+00
-2.634334579808939925e+00 -2.776992284021032376e+00 -2.620248704750052671e+00 -2.635640599615247215e+00
-2.608671523953690397e+00 -2.554324366956385539e+00 -2.564802546219909996e+00 -2.560025291946710801e+00
-2.457331654206070581e+00 -2.420321736462453188e+00 -2.642139428023231762e+00 -2.522545344079282881e+00
-2.283763958923853643e+00 -2.275931259851935007e+00 -2.099102322998823489e+00 -4.993449897456812003e+00
-2.182303903358281172e+00 -2.301403260368261261e+00 -2.144745625520446008e+00 -1.996420472141847036e+00
-1.892618409815383540e+00 -4.828315808985374602e+00 -1.880777262701303298e+00 -1.887126348496558581e+00
-1.992301222988511311e+00 -4.809239787761526941e+00 -1.606010470274287449e+00 -1.608116697957528984e+00
-1.677425488556334887e+00 -1.973606129351465066e+00 -1.703849575521707127e+00 -1.714644784681148781e+00
-1.688813894948357541e+00 -1.687190715906923266e+00 -1.688971887958291340e+00 -1.692561734974975751e+00
-1.665033474272131109e+00 -1.667900984624165694e+00 -1.665232985117488962e+00 -1.660280987495531768e+00
-1.647657084262804883e+00 -1.642562877327506277e+00 -1.646283237227179175e+00 -1.642039958631680507e+00
-1.637836019450620961e+00 -1.630436670571960400e+00 -1.642975987109903446e+00 -1.626797502961053299e+00
-1.632873063938278690e+00 -1.628954471789767711e+00 -1.637150258164444594e+00 -1.630614581455229750e+00
-2.747071446427480357e+00 -2.734295830089348733e+00 -2.736855605156379045e+00 -2.791022370279575338e+00
-2.702018176220410073e+00 -2.679443372622178465e+00 -2.714873479674776657e+00 -2.738742135880067874e+00
-2.700714918364700790e+00 -2.820565118319992681e+00 -2.843235304335260505e+00 -2.697207538502556456e+00
-2.525134556967961075e+00 -4.999953693064344229e+00 -2.508690788112000192e+00 -2.540883938519058471e+00
-2.514099575449441737e+00 -2.641569072306962251e+00 -2.458051592404139729e+00 -2.526946278612635766e+00
-2.453435388553709462e+00 -2.377267803236622790e+00 -2.390343213991732885e+00 -2.464666843995507506e+00
-2.303683566722952047e+00 -2.297518437616637321e+00 -2.546002394748579256e+00 -2.445448183645372975e+00
-2.083834915621162409e+00 -2.066617069322219447e+00 -4.983093040432386545e+00 -2.052541837122819679e+00
0.000000000000000000e+00 0.000000000000000000e+00 0.000000000000000000e+00 0.000000000000000000e+00
0.000000000000000000e+00 0.000000000000000000e+00 0.000000000000000000e+00 0.000000000000000000e+00
-4.556853094017375483e+00 -1.651932789834194892e+00 -1.655769197987589036e+00 -1.660114069601475340e+00
-1.783327868166277641e+00 -1.674307107633352665e+00 -1.679694298348959336e+00 -1.675131634541323189e+00
-1.651306278988474707e+00 -1.654280586457663960e+00 -1.650471974822213195e+00 -1.650984581330489975e+00
-1.628463100426684962e+00 -1.625057560573705207e+00 -1.625490978687149868e+00 -1.628269589731933031e+00
-1.617461084062776777e+00 -1.608873018692141166e+00 -1.609278874931280745e+00 -1.614867860099039376e+00
-1.610411457017925541e+00 -1.607466736687321207e+00 -1.611947962739174178e+00 -1.610064656658945825e+00
-2.662808355706429708e+00 -2.662048292980116582e+00 -2.662840770126422285e+00 -2.710236337147445607e+00
-2.657564100232689075e+00 -2.602831485287893099e+00 -2.629922318986560370e+00 -2.657292571746344478e+00
-2.464311577291658839e+00 -2.434652526455960420e+00 -4.999990465812595097e+00 -2.544803890324259132e+00
0.000000000000000000e+00 0.000000000000000000e+00 0.000000000000000000e+00 0.000000000000000000e+00
-4.994104907711131247e+00 -2.329728021038102614e+00 -2.321853745767784805e+00 -2.341324297541989452e+00
-2.395291908375890344e+00 -2.297325892919489743e+00 -2.300189044123293947e+00 -2.312537314775942043e+00
-2.261559171755257225e+00 -2.223275376603608411e+00 -2.232160777048171951e+00 -2.259189941197601303e+00
-2.190246397532561673e+00 -2.186151126668198774e+00 -2.281611332470200981e+00 -2.597835355592134299e+00
-1.906394855768496210e+00 -1.937054064623567218e+00 -1.895966983267038941e+00 -4.738326183486319287e+00
-1.676463028222836327e+00 -3.729067085835499729e+00 -1.650876716155935675e+00 -4.452905054342438440e+00
-1.914204003790580533e+00 -1.773424615100453350e+00 -1.655417048559598481e+00 -1.660976519483787994e+00
-1.655300815459502806e+00 -1.772956778910107500e+00 -1.656483613257053289e+00 -1.657291778522305581e+00
-1.627564273244928028e+00 -1.620164085205555660e+00 -1.622238096947422159e+00 -1.631726946487848107e+00
-1.601650365381806385e+00 -1.593065512693110808e+00 -1.593087943316504607e+00 -1.593474448860981774e+00
-1.585878179478040773e+00 -1.575015300366799487e+00 -1.581974108054981398e+00 -1.581152354388172254e+00
-1.576752940440000472e+00 -1.579744792794472108e+00 -1.578594934419119244e+00 -1.592587317818442205e+00
-2.602954093130842583e+00 -3.021910745205635074e+00 -2.601974182228558696e+00 -2.601595205701317859e+00
-2.567227878107483985e+00 -2.541581929994454647e+00 -2.531692663741861526e+00 -2.606043721390712165e+00
-2.490521142414764189e+00 -2.452365775156813310e+00 -2.593893090892205766e+00 -2.949594113958212915e+00
-2.300489760489969449e+00 -2.286963736561091753e+00 -2.284143140841336628e+00 -4.993449897456812003e+00
-2.274557777546005077e+00 -2.236504729768928001e+00 -2.237984102690168342e+00 -2.531159363183975053e+00
-2.231143177236126096e+00 -2.225457258328131793e+00 -2.217785295047521199e+00 -2.229813233037040821e+00
-2.190170300703997430e+00 -2.126651555478798805e+00 -2.171758941727318426e+00 -2.206172359121555626e+00
-2.133548081437612431e+00 -2.071404739411619289e+00 -2.253059745214109011e+00 -2.101794764076233335e+00
-2.046645434551319642e+00 -2.157717406014522332e+00 -4.887358002275304258e+00 -2.065448803409386080e+00
0.000000000000000000e+00 0.000000000000000000e+00 0.000000000000000000e+00 0.000000000000000000e+00
-4.392116727047153724e+00 -1.414742460668318325e+00 -1.589371459347454385e+00 -1.399139358156094248e+00
-1.631133094622959634e+00 -4.556853094017375483e+00 -1.549538035864593599e+00 -1.565472682742226285e+00
-1.573333789546103700e+00 -1.723333839645581511e+00 -1.573167686760246653e+00 -1.580868225830342810e+00
-1.532965675018496343e+00 -1.519077595257149804e+00 -1.536749018708836623e+00 -1.560288426433291686e+00
-1.537055910175719076e+00 -1.532309194941528840e+00 -1.544364034314254619e+00 -1.536089570274570271e+00
-1.538324073125359348e+00 -1.541360930946091612e+00 -1.541860896880414833e+00 -1.558716091896947153e+00
-2.665416060780929630e+00 -4.999817823052897126e+00 -2.456483346391573619e+00 -2.458195317140145164e+00
-2.726754892996599455e+00 -2.512133299518992668e+00 -2.444650589445962918e+00 -2.499414766879384242e+00
-2.469289307405519551e+00 -2.371151681373961928e+00 -2.372510149442090377e+00 -2.434313685920669101e+00
-2.347611405488473579e+00 -2.290678691407333378e+00 -2.291107510968307004e+00 -2.368699488124345720e+00
-2.239591426141305242e+00 -2.215631058635627593e+00 -2.215845907471117648e+00 -2.224592461330843651e+00
-2.207123561063135231e+00 -2.139052880055933414e+00 -2.147874430760423614e+00 -2.175480788821079869e+00
-2.151635538104187173e+00 -2.012393822695702106e+00 -2.083402048341592039e+00 -2.107734722031910479e+00
-2.040079901188818656e+00 -1.967959242282751209e+00 -2.161409959140221826e+00 -2.057212622632250465e+00
-1.859539673713725749e+00 -1.848171743840516079e+00 -4.788044208623919218e+00 -2.011361236480553316e+00
0.000000000000000000e+00 0.000000000000000000e+00 0.000000000000000000e+00 0.000000000000000000e+00
-4.073489905574079195e+00 -1.529008828602871572e+00 -2.608515500000000209e+00 -1.517376105014273335e+00
0.000000000000000000e+00 0.000000000000000000e+00 0.000000000000000000e+00 0.000000000000000000e+00
-4.676945905538666182e+00 -1.391551676014292305e+00 -1.402061645981954596e+00 -1.407628898746771329e+00
-1.623207897524174603e+00 -1.388935353219102442e+00 -1.464680779356885232e+00 -1.467443652412595556e+00
-1.484420051677163288e+00 -1.482761242437786953e+00 -1.489855222199055085e+00 -1.493635682056678515e+00
-1.497523007913473148e+00 -1.494965950492325835e+00 -1.502538603427805652e+00 -1.509570081619898918e+00
0.000000000000000000e+00 0.000000000000000000e+00 0.000000000000000000e+00 0.000000000000000000e+00
-4.998501546635607085e+00 -2.271882272728891650e+00 -2.277032875211220553e+00 -2.276940658401100492e+00
-2.571233571034020837e+00 -2.299433534367709697e+00 -2.294641880546245183e+00 -2.338895570859505835e+00
-2.264897578649993637e+00 -2.219299671809787267e+00 -2.215451397744141016e+00 -2.252226852080372321e+00
-2.218010900933154783e+00 -2.148411390157044742e+00 -2.126598691281403219e+00 -2.178892675246177912e+00
-2.162093349886370142e+00 -2.061156868569443024e+00 -2.023793091762936758e+00 -2.136980759867548318e+00
-2.096286296142682026e+00 -1.889808912003710484e+00 -1.989474235365638499e+00 -2.089933994492162217e+00
-2.025087142164439413e+00 -1.831379312986900487e+00 -1.946637288744191618e+00 -2.018507675117194644e+00
-1.855976281698165531e+00 -1.814558350002646536e+00 -1.954814851423172906e+00 -2.066035573784202217e+00
-1.685877222849060608e+00 -1.672821093334011966e+00 -1.696498106924543281e+00 -4.874842224750338460e+00
-2.190294712395361998e+00 -1.622079969309474956e+00 -1.853478346696100898e+00 -1.656886661483276679e+00
-1.272701176564510650e+00 -1.249252935220003691e+00 -1.259266538845402517e+00 -4.764493565137687625e+00
-1.458965888341384298e+00 -1.397573628659441569e+00 -1.403811531122485246e+00 -1.854857802527902777e+00
-1.414161089089554402e+00 -1.232853133653743605e+00 -1.415001624155723059e+00 -1.430682529630539879e+00
-1.413609289705138217e+00 -1.427388078771338220e+00 -1.438260258128568170e+00 -1.436672193432004141e+00
-1.450643252670539951e+00 -1.450136113525361203e+00 -1.461324819673079700e+00 -1.458952724922161881e+00
-2.005241376035795220e+00 -1.936668790957545960e+00 -1.912659504617648887e+00 -4.828315808985374602e+00
-2.275576834150403016e+00 -2.257717327472055668e+00 -2.258596359807136356e+00 -2.264382493289011755e+00
-2.256423475653500432e+00 -2.499613811335076541e+00 -2.221101824787626189e+00 -2.227092695012190759e+00
-2.197217119991932588e+00 -2.151083118698888796e+00 -2.132396270521771608e+00 -2.193359289104420906e+00
-2.149929011668694212e+00 -2.074855721473737535e+00 -2.050574532240835968e+00 -2.156550299795395809e+00
-2.096003185122447654e+00 -1.931176705457949838e+00 -1.993712950108592397e+00 -2.104907783226587004e+00
-2.040660078142563894e+00 -1.793325456776942550e+00 -1.864673973374594951e+00 -2.033254266544742173e+00
-1.986042212983325950e+00 -1.642474645026602564e+00 -1.816000932469701734e+00 -1.940766279321841647e+00
-1.809626685633374032e+00 -1.609464667748708333e+00 -1.739933738218954806e+00 -1.873810673358675905e+00
-1.689497165153894365e+00 -1.552628695223757127e+00 -1.673065546408112114e+00 -1.725048119078384623e+00
-1.605489319213952548e+00 -1.495075426194758972e+00 -1.578159704902432292e+00 -1.661919160818982277e+00
-1.474341881507623242e+00 -1.421504997976399176e+00 -1.465535638902972115e+00 -1.748498731791212402e+00
-1.396313937566312724e+00 -1.401225755415860030e+00 -1.331632616423661597e+00 -1.513169179441884227e+00
-1.407602278664853435e+00 -1.010389579005522842e+00 -1.377856137102447143e+00 -1.383338486252105648e+00
-1.366627481489512075e+00 -1.356212563842204677e+00 -1.377820212752471241e+00 -1.414760938225415821e+00
-1.414639532626166929e+00 -1.669006870653102714e+00 -1.422947637803402499e+00 -1.415843398396926522e+00
-2.177293224775932234e+00 -2.166120426752859984e+00 -2.170610845695965185e+00 -2.223187456573772369e+00
-2.210675688296894759e+00 -2.275260008256789757e+00 -2.363895763937098327e+00 -2.213930271470574418e+00
-2.181569104632156808e+00 -4.976808011567059431e+00 -2.167558390681890046e+00 -2.169201183822895285e+00
-2.346372807244188063e+00 -2.306103512430801139e+00 -2.087318802156593822e+00 -2.094769779252134256e+00
-2.016587034286829283e+00 -2.058871280477150290e+00 -1.990960453728046309e+00 -2.021234742201740708e+00
-2.007979934284394474e+00 -1.921414231463673072e+00 -1.792581520542537721e+00 -1.957216966389321522e+00
-1.943927939903451696e+00 -1.819859893533700257e+00 -1.655754123767483765e+00 -1.935322364630593039e+00
-1.856326913432802650e+00 -1.675846191253141493e+00 -1.443029105153357472e+00 -1.880641559389802486e+00
-1.762993274770694674e+00 -1.512520188879461047e+00 -1.315222881923135967e+00 -1.763102300996632676e+00
-1.611258178533389707e+00 -1.222755913982450204e+00 -1.428275391615023038e+00 -1.687519712071990918e+00
-1.588009439885920360e+00 -1.466579038772045651e+00 -1.191065073911288685e+00 -1.602037043906323399e+00
-1.563967971695794379e+00 -9.317758775732238874e-01 -1.411031809671881021e+00 -1.531171961988218255e+00
-1.403178799487510897e+00 -9.529592373601758482e-01 -1.344902805585385330e+00 -1.401158455813908077e+00
-1.298820940961931125e+00 -8.166989665847768087e-01 -1.327278984386343508e+00 -1.344539716894295633e+00
-1.190834380993148534e+00 -1.699344450153437824e+00 -1.359078981043109202e+00 -1.339320019683976959e+00
-1.132593189990648952e+00 -4.556853094017375483e+00 -1.192553316565030608e+00 -1.134484146343093247e+00
-2.115450455956878528e+00 -2.113854384101936823e+00 -2.200269127885779330e+00 -2.114913582527144342e+00
-1.935727925987863252e+00 -1.911852037155925998e+00 -4.926095585292826762e+00 -1.912003159729769752e+00
0.000000000000000000e+00 0.000000000000000000e+00 0.000000000000000000e+00 0.000000000000000000e+00
-4.940137424087190254e+00 -1.808427914619546550e+00 -1.792393457770243170e+00 -1.846501190534085790e+00
-2.324130854001176694e+00 -1.909820858581152914e+00 -1.908756310985440408e+00 -1.930554535050760467e+00
-1.894737715441488390e+00 -1.851513469041238480e+00 -1.807776842425648844e+00 -1.867609434537006896e+00
-1.845886294762453250e+00 -1.770842150082901467e+00 -1.661773476710197706e+00 -1.868385310452060022e+00
-1.769976008215982111e+00 -1.670636906849671144e+00 -1.486397462281499715e+00 -1.746960445418753505e+00
-1.702515737198648793e+00 -1.597442654131614681e+00 -1.240582341133735778e+00 -1.624639455627852058e+00
-1.535485540817918659e+00 -1.318880673209690935e+00 -1.036150410946008238e+00 -1.554654590515395229e+00
-1.411504376689799445e+00 -1.193393733728707717e+00 -9.250900990506187860e-01 -1.452534075028309113e+00
-1.276850157601594704e+00 -9.223760927279174293e-01 -8.428194573365848097e-01 -1.184067128760448950e+00
-1.167668455809671713e+00 -6.158656455632671722e-01 -9.267947727246199641e-01 -1.225607733861949988e+00
-1.219451697024406700e+00 -5.318926197706548287e-01 -1.341481818003123383e+00 -1.309468415156491705e+00
-1.145038492020505450e+00 -8.022863668892632472e-01 -4.788044208623919218e+00 -1.092948852697720685e+00
0.000000000000000000e+00 0.000000000000000000e+00 0.000000000000000000e+00 0.000000000000000000e+00
-2.069400829792233942e+00 -2.057583833089313252e+00 -2.060550832653096798e+00 -2.084446524562456382e+00
-2.028007364701848836e+00 -2.030427723787028960e+00 -2.053004649286715111e+00 -2.081738966263600332e+00
-1.861210411968928113e+00 -1.860527820120331022e+00 -1.857220360023841721e+00 -4.845484228086837319e+00
-1.863037572682425091e+00 -1.855350485709095221e+00 -1.878134364559304714e+00 -1.850323870128784076e+00
-1.860302052825950181e+00 -1.860437713099590828e+00 -1.856624040183228352e+00 -1.854689065890203992e+00
-1.805923919177694792e+00 -1.796029546055960546e+00 -1.782099245098616613e+00 -1.813618015055108224e+00
-1.748218350824615186e+00 -1.757188924226939619e+00 -1.664197608573931397e+00 -1.754151869620319548e+00
-1.706793907906032359e+00 -1.759195391749819759e+00 -1.484602260553895547e+00 -1.686556328758428869e+00
-1.622412938411883276e+00 -1.751657468391607519e+00 -1.309236747326346428e+00 -1.585695432988529330e+00
-1.556519478206003004e+00 -1.452613929895070211e+00 -1.165607521954229675e+00 -1.433774447723166645e+00
-1.430331112047819930e+00 -1.315558585560316684e+00 -8.932301952368477682e-01 -1.385590394768384082e+00
-1.308648888207448513e+00 -9.843396404930238042e-01 -6.449291384371206304e-01 -1.251770524231166082e+00
-9.319006219355002729e-01 -5.087406330532113774e-01 -7.723002389862829720e-01 -9.160238647126337508e-01
-1.033051203201035051e+00 -3.357700948848540978e-01 -9.372209683317043183e-01 -1.083321744505024053e+00
-9.939919109710071421e-01 -2.438723461803319614e-01 -1.418482263594158743e+00 -1.656919318262692453e+00
-9.390916230531181075e-01 -5.109865953806695948e-01 -8.740345586768615282e-01 -4.641051006154073733e+00
-2.019344786609301945e+00 -2.011289522988631173e+00 -2.016434455922927249e+00 -2.024232815708191691e+00
-1.988131562306743705e+00 -1.991477876839777172e+00 -2.000467140417415912e+00 -1.990380562385596130e+00
-1.958664081423993952e+00 -1.939516743206315841e+00 -1.937384404627879642e+00 -2.028547818645752621e+00
-1.898459438588363746e+00 -1.888320470974257148e+00 -1.888095696814223734e+00 -1.890135353339755575e+00
-1.856798302975868120e+00 -1.858366351240105852e+00 -1.844920677913768792e+00 -1.845405727143867525e+00
-1.812489530017397543e+00 -1.810601367812094686e+00 -1.807413172326082451e+00 -1.804011665814371224e+00
-1.786063039688567278e+00 -1.759590140965485494e+00 -1.761008089031058876e+00 -1.753875789404619301e+00
-1.723503477594542144e+00 -1.925124349977479055e+00 -1.734705705828134992e+00 -1.680005866252829438e+00
-1.443791468776763454e+00 -4.809239787761526941e+00 -1.387564900299163684e+00 -1.395321176212665160e+00
-1.458823652998889608e+00 -1.432115666641333940e+00 -1.294339336426329590e+00 -1.403673411868092469e+00
-1.351909055355798195e+00 -1.332853831927859334e+00 -9.924313968985282175e-01 -1.351241974917752886e+00
-1.295509677639136825e+00 -1.233057868399068946e+00 -5.158809991421315910e-01 -1.248184536957374524e+00
-9.112516970652917436e-01 -6.060499496660827212e-01 -3.746267618493233642e-01 -8.633266887241622944e-01
-6.339838806544036975e-01 -2.570992639374821698e-01 -2.221451804561210830e-01 -5.280891147185606815e-01
-6.040929889740191960e-01 -6.967775648250795761e-02 -4.111894801306407166e-01 -6.729400982676834175e-01
-4.996766514343611298e-01 7.284825766031739758e-02 -6.738244802380274345e-01 -1.363733634147065166e+00
-1.993680821135840997e+00 -1.979852429640403200e+00 -1.985519871255440050e+00 -1.990345918089449828e+00
-1.973072282093903729e+00 -1.960926686405316755e+00 -1.960837044954871100e+00 -1.958047953434930655e+00
-1.931247623558569382e+00 -1.970639733516786229e+00 -1.923339543948875185e+00 -1.939950358467229741e+00
-1.877835519233001627e+00 -1.877032368838586596e+00 -1.879326035089653457e+00 -1.883543681902495104e+00
-1.841718716765810893e+00 -1.837439075433238811e+00 -1.841296158614689649e+00 -1.839279931547673552e+00
-1.802307194814550373e+00 -1.804094659022576153e+00 -1.808382456889539913e+00 -1.805031559486144133e+00
-1.772624038724277096e+00 -1.774259152467236200e+00 -1.790753680143182480e+00 -1.771985280043521627e+00
-1.694097847907160004e+00 -1.741644040957466055e+00 -4.874842224750338460e+00 -1.695869719542690612e+00
0.000000000000000000e+00 0.000000000000000000e+00 0.000000000000000000e+00 0.000000000000000000e+00
-4.676945905538666182e+00 -1.170658751164771694e+00 -1.177489571488459452e+00 -1.148516349436520478e+00
-1.470811075932314971e+00 -1.429264686556787733e+00 -1.370870738045914194e+00 -1.316185452222399688e+00
-1.086970390371363004e+00 -4.507614548908194685e+00 -9.540020016009755910e-01 -1.087174579256442897e+00
-1.354393175377970548e+00 -1.401892571898140760e+00 -3.491585960930155275e-01 -1.027651612881502974e+00
-9.771852978129225153e-01 -9.808030695683416234e-01 -1.717162494371659576e-01 -7.695957596103787379e-01
-2.896211128448153982e-01 -3.597514194184022185e-01 1.712598566956524682e-01 -3.012400506407172385e-01
-1.188524573811830243e-01 3.690489183441421073e-01 -3.418757056643445535e-02 -3.856492441103336333e-01
-1.967054293003985599e+00 -1.986505052951138550e+00 -1.969722790931301981e+00 -1.968562271326816271e+00
-1.958781607205951847e+00 -2.189486660748790392e+00 -2.177604853880964697e+00 -1.953998936058906288e+00
-1.844766267444859942e+00 -4.887358002275304258e+00 -1.834690968209827133e+00 -1.841029878795600316e+00
-1.828211038681557099e+00 -2.129656410857470483e+00 -1.830165099094491099e+00 -1.828034700650628119e+00
-1.851667311365727375e+00 -1.823585833393560840e+00 -1.813481805656415924e+00 -1.816090680013681125e+00
-1.796716843110755413e+00 -1.778806279534752122e+00 -1.779388540927494766e+00 -1.787964352589429318e+00
-1.762914726001758581e+00 -1.768037198027319512e+00 -1.777797609268138457e+00 -1.763913165932090799e+00
-1.719677089758426813e+00 -2.069147462087935541e+00 -1.720859380990936494e+00 -1.719196206498668111e+00
-1.259453853310109839e+00 -3.729067085835499729e+00 -1.207873448666521243e+00 -4.073489905574079195e+00
-1.264084855617733538e+00 -1.093691126102921407e+00 -1.357255119879039018e+00 -1.437448712142017415e+00
-9.669347659664926375e-01 -1.092879318995457538e+00 -4.392116727047153724e+00 -9.737265500976624022e-01
0.000000000000000000e+00 0.000000000000000000e+00 0.000000000000000000e+00 0.000000000000000000e+00
-4.556853094017375483e+00 -5.599443002249204770e-01 -7.711951023801847382e-01 -9.462402581997113593e-01
-1.078819722918146651e+00 -1.288582003565795997e+00 -1.044188075154101725e+00 -5.492994476788746194e-01
-9.235822321204002483e-01 -4.917883983658696501e+00 2.395685300039518684e-01 -5.693064986316914711e-01
-5.832576129883285665e-01 6.045935126563807271e-01 -9.137943323559365172e-02 -6.806410639696043596e-02
-1.943177860093639131e+00 -1.932170472183738497e+00 -2.482906100090522372e+00 -1.938996145398515614e+00
-1.882949774292318690e+00 -1.898490988580826988e+00 -4.898622202047773655e+00 -1.896450647326906047e+00
0.000000000000000000e+00 0.000000000000000000e+00 0.000000000000000000e+00 0.000000000000000000e+00
-4.887358002275304258e+00 -1.747607501523330775e+00 -1.733094422945603785e+00 -1.735206445085645033e+00
-2.273137649695384344e+00 -1.776502122291430341e+00 -1.780308594431596614e+00 -1.775804558429340929e+00
-1.770597380771407936e+00 -1.784552929539095834e+00 -1.770998016904106409e+00 -1.770201509363435788e+00
-1.769615923416409276e+00 -1.774901372427039048e+00 -2.108752853327393595e+00 -1.762307171922124160e+00
-1.653781177199938890e+00 -1.644784746555850052e+00 -4.828315808985374602e+00 -1.635105931993149797e+00
0.000000000000000000e+00 0.000000000000000000e+00 0.000000000000000000e+00 0.000000000000000000e+00
-3.970544339526754563e+00 -1.091486495422838487e+00 -9.305767141285198329e-01 -1.058927675241377209e+00
-6.025002314568722595e-01 -3.729067085835499729e+00 -5.946893494910746591e-01 -1.025734520967588770e+00
-5.897452427215171822e-01 -8.213632159329011806e-01 -4.690319652446543475e-01 -3.256607799500000233e+00
-8.458862242610487581e-01 -2.918561636660038094e-01 -8.484917187977906172e-01 -8.635270506746093311e-01
-5.414371202595736898e-01 -1.532848606634927835e-01 -4.601167784615637579e+00 -6.349362839476604403e-01
0.000000000000000000e+00 0.000000000000000000e+00 0.000000000000000000e+00 0.000000000000000000e+00
-4.999657201933793260e+00 9.999999999999995559e-01 3.801805191564214259e-01 2.360148202254706007e-01
-1.928930097526572851e+00 -1.931731441561354679e+00 -1.920510810479155284e+00 -1.928344830191758064e+00
-1.910866655464553254e+00 -1.912737406597433854e+00 -1.903157643036139657e+00 -1.900750303323436974e+00
-1.635599629327557869e+00 -1.587681019350293932e+00 -1.589861742498297259e+00 -4.601167784615637579e+00
-1.753256714693788521e+00 -1.764947311471160019e+00 -1.772107822560530455e+00 -1.989925101466471391e+00
-1.788002275459574353e+00 -1.786372598569994752e+00 -1.785981834209311003e+00 -1.829658252622416548e+00
-1.788023188902257088e+00 -1.780418388006880681e+00 -1.775446064247346190e+00 -1.778831084699337595e+00
-1.772711260352928919e+00 -1.764816155549130627e+00 -1.778633810290001893e+00 -1.767157806152351185e+00
-1.772238790378402706e+00 -1.800600984365634538e+00 -1.967371276855862217e+00 -1.953117176366737873e+00
-1.470279450386676290e+00 -1.696556602150255166e+00 -1.415059569646741622e+00 -4.556853094017375483e+00
-1.262124926227597088e+00 -1.288187018702826148e+00 -3.970544339526754563e+00 -1.178583651395546106e+00
0.000000000000000000e+00 0.000000000000000000e+00 0.000000000000000000e+00 0.000000000000000000e+00
-3.256607799500000233e+00 -5.267232224188510559e-01 -3.777406275853976148e-01 -4.216954879160288994e-01
-5.971468155906729525e-01 -5.066320662923723406e-01 -6.995318172897307951e-03 -5.905968978875509867e-01
-5.165967667342056258e-01 -4.237017221024887426e-01 6.165975890099887335e-01 -1.033303388775987042e+00
-1.587069104513945395e-01 4.759000356256454789e-01 9.999982838462668777e-01 -4.507614548908194685e+00
0.000000000000000000e+00 0.000000000000000000e+00 0.000000000000000000e+00 0.000000000000000000e+00
