-3.500374663200396697e+00 -3.635758682232430594e+00 -2.837653698208041142e+00 -3.511447318896513181e+00
-3.290921553745444150e+00 -3.259732384458772891e+00 -2.729431511856528214e+00 -2.967210150211132103e+00
-3.050767293288149773e+00 -3.172757430012165702e+00 -2.543675291633226809e+00 -2.854502546090197157e+00
-2.822129291116831418e+00 -3.170705497736159284e+00 -2.277823118915046408e+00 -2.717863574822916295e+00
-2.835090073973933311e+00 -2.434780797446157496e+00 -2.094482267710691570e+00 -2.501575532039718830e+00
-2.451735400762438122e+00 -2.217861698286524685e+00 -1.941303682690157739e+00 -2.178035243133539911e+00
-2.335869442795339257e+00 -1.873085192270863786e+00 -1.742257466226879714e+00 -1.993795683802733976e+00
-2.000644447593658448e+00 -1.634311514242511310e+00 -1.896779343097244830e+00 -1.817282022688158971e+00
-3.627675355676302171e+00 -3.627628435528528872e+00 -3.481203631324617298e+00 -3.623842802285796694e+00
-3.653892920970115199e+00 -3.619594254805443168e+00 -3.159834539938310538e+00 -3.394117728828976777e+00
-3.404565293289377070e+00 -3.487107745965542627e+00 -3.248840948380861793e+00 -2.771855609743648419e+00
-3.372622338761960936e+00 -4.999999970985058440e+00 -2.525560059079727804e+00 -2.902192266719866964e+00
-3.087423111362091355e+00 -2.851513938677707749e+00 -2.262847325953195821e+00 -2.791577649614893630e+00
-2.676863378593199450e+00 -2.599851240757443449e+00 -1.891600362451438366e+00 -2.539535163480016955e+00
-2.430817728430880287e+00 -2.013399386289466353e+00 -1.597245030335296079e+00 -2.225350474840794401e+00
-1.967462682564263377e+00 -1.465666043837127841e+00 -1.699463001899753856e+00 -1.861660810999328675e+00
-3.613423280108695845e+00 -3.613119347380219892e+00 -3.612459170517203333e+00 -3.611149988940280497e+00
-3.609528819357535223e+00 -3.608959754846529311e+00 -3.698486435797578409e+00 -3.451027035527054032e+00
-3.557341111639640729e+00 -3.551648246691241795e+00 -4.999975390595809088e+00 -3.241909455386782213e+00
0.000000000000000000e+00 0.000000000000000000e+00 0.000000000000000000e+00 0.000000000000000000e+00
-4.994104907711131247e+00 -2.151099515642310500e+00 -3.011167100303830946e+00 -2.946927818803558363e+00
-3.247196702155215497e+00 -4.999115178272860227e+00 -1.962587133544626328e+00 -2.880411490655485185e+00
-2.891916419269815020e+00 -2.364104233473347971e+00 -1.560956725612321572e+00 -2.201090253641200256e+00
-2.054945285344831785e+00 -1.341729205110856693e+00 -1.556099313383139782e+00 -1.700702870881556805e+00
-3.607071619785500616e+00 -3.610435374436640199e+00 -3.610928636061268460e+00 -3.608368405834839532e+00
-3.596980609917391991e+00 -3.727814866478062150e+00 -3.596956456928138035e+00 -3.614078452511648276e+00
-3.589153935384151506e+00 -3.650845602878769469e+00 -3.641581136210192859e+00 -3.706160974320818369e+00
-3.100094652224204328e+00 -4.828315808985374602e+00 -2.859100088188867517e+00 -4.971367915514887770e+00
-3.464202932981042427e+00 -1.476109193309987688e+00 -4.940137424087190254e+00 -2.836666456099493860e+00
0.000000000000000000e+00 0.000000000000000000e+00 0.000000000000000000e+00 0.000000000000000000e+00
-4.999880473705005990e+00 -2.898947389570914357e+00 -1.207482273247595828e+00 -2.241305999597341003e+00
-1.771917323905088715e+00 -7.582351307941967988e-01 -1.290436568651909255e+00 -1.504191630582166539e+00
-3.604006451330607153e+00 -3.623172481159021352e+00 -3.571158247873910341e+00 -3.594987796378681377e+00
-3.493705191606768512e+00 -4.998651391972046554e+00 -3.663189031429880504e+00 -3.500388985426697630e+00
-3.465524226190244583e+00 -4.764493565137687625e+00 -4.971367915514887770e+00 -3.469119604547509894e+00
0.000000000000000000e+00 0.000000000000000000e+00 0.000000000000000000e+00 0.000000000000000000e+00
-4.764493565137687625e+00 -1.181252290726192422e+00 -2.389102246792291773e+00 -2.015920150674666456e+00
-1.925581072209509914e+00 -1.160767606022341081e+00 -2.140355215510553855e+00 -4.809239787761526941e+00
-1.949097798321360209e+00 -4.997944508416471088e+00 -9.856747392461748802e-01 -2.417303446353854746e+00
-1.918036798122448650e+00 -1.506631398006118006e-01 -1.279936049282593746e+00 -1.205343146423588863e+00
-3.533705523445390462e+00 -3.324370472815195487e+00 -4.999657201933793260e+00 -3.358847114137361256e+00
0.000000000000000000e+00 0.000000000000000000e+00 0.000000000000000000e+00 0.000000000000000000e+00
0.000000000000000000e+00 0.000000000000000000e+00 0.000000000000000000e+00 0.000000000000000000e+00
-2.847663950000000277e+00 -1.011242569447858619e+00 -1.061899561396063563e+00 -3.856160377251949711e+00
-1.524748994588313922e+00 -3.970544339526754563e+00 -8.838689120228118146e-01 -1.383138488354232143e+00
-1.043964247631317566e+00 -6.543822177843726662e-01 -4.507614548908194685e+00 -9.658438905117507911e-01
0.000000000000000000e+00 0.000000000000000000e+00 0.000000000000000000e+00 0.000000000000000000e+00
-4.999999991805323063e+00 4.218230375224686357e-01 -1.114154204715201990e+00 -9.859555414128634565e-01
-3.069705617998319092e+00 -2.986050138996919401e+00 -4.991913453650385080e+00 -3.427951876030445266e+00
0.000000000000000000e+00 0.000000000000000000e+00 0.000000000000000000e+00 0.000000000000000000e+00
-3.856160377251949711e+00 -1.434715441359658117e+00 -1.388967304101036193e+00 -2.847663950000000277e+00
-1.542723745510039990e+00 -1.719500000000000028e+00 -3.256607799500000233e+00 -1.462047265559158093e+00
0.000000000000000000e+00 0.000000000000000000e+00 0.000000000000000000e+00 0.000000000000000000e+00
-1.354999999999999982e+00 1.245322516419133940e-01 -3.256607799500000233e+00 -2.966230629334051239e-01
0.000000000000000000e+00 0.000000000000000000e+00 0.000000000000000000e+00 0.000000000000000000e+00
-4.999999154990869776e+00 9.999999999999995559e-01 2.812521026277645664e-01 -8.831228639988766282e-01
-2.903463348028355817e+00 -2.892053288100794983e+00 -2.738690043408882779e+00 -3.177357035685751452e+00
-2.452377305152319664e+00 -2.301045937742178360e+00 -2.130581178991754143e+00 -4.898622202047773655e+00
-2.172706355310981330e+00 -2.057400499612913158e+00 -4.764493565137687625e+00 -1.833604734195327213e+00
0.000000000000000000e+00 0.000000000000000000e+00 0.000000000000000000e+00 0.000000000000000000e+00
-1.719500000000000028e+00 -5.949999999999999734e-02 1.009891378308259632e-02 -5.000000000000000000e-01
-2.679001666523616043e-01 -1.025871509482894350e-01 4.728507530849725971e-01 -2.842821496101918255e-01
-1.900000000000000300e-02 7.178976806838226199e-02 9.353891811077332807e-01 -1.354999999999999982e+00
0.000000000000000000e+00 0.000000000000000000e+00 0.000000000000000000e+00 0.000000000000000000e+00
