-7.568245804276657607e-01 -6.913658353326244121e-01 -6.913894030498799470e-01 -7.568827408741697349e-01
-7.568708372699836096e-01 -6.224990083200030444e-01 -6.225138504667538930e-01 -6.914074364756715996e-01
-6.916144725515123159e-01 -5.499778839817627274e-01 -5.508811934936632682e-01 -6.227062320643704796e-01
-6.238041425414135865e-01 -4.738010776548224889e-01 -4.732465920251660019e-01 -5.507298090383155875e-01
-5.694342100211100544e-01 -3.934046232340102645e-01 -3.895513414660085605e-01 -4.721492463094065783e-01
-4.761263247891895922e-01 -3.019626578479524537e-01 -3.067699461035490183e-01 -3.907740483605222082e-01
-3.992152048142141307e-01 -1.851295439676285959e-01 -2.060648832574646094e-01 -3.139558959571200902e-01
-2.940923763946474145e-01 -9.763636158124325282e-02 -2.184190665103040718e-01 -2.742173135758837477e-01
-6.915408481570641808e-01 -7.380788178652005760e-01 -6.224605494761596969e-01 -7.568625750037375477e-01
-6.913397126614639898e-01 -6.896318205064797535e-01 -5.499575811466410613e-01 -6.913999778062245305e-01
-6.224861127304028852e-01 -6.206668239579575808e-01 -4.736376890876269896e-01 -6.225542571260056501e-01
-5.500931995379574335e-01 -5.000000000000000000e+00 -3.933020330408873999e-01 -5.535432489936261691e-01
-4.736767756241309080e-01 -3.076980804676645587e-01 -3.131823492148965160e-01 -4.727495809204126376e-01
-3.925207647337247141e-01 -1.953634932028631976e-01 -2.114133310491115025e-01 -3.909953010093851766e-01
-3.047523421626518458e-01 -7.499929742995502246e-02 -1.821685004916017425e-01 -2.926088709163455759e-01
-1.799290713509428818e-01 9.823106795521695245e-02 -1.240739077361799336e-01 -2.063459517043092217e-01
-7.380787946946482103e-01 -6.717477258404579432e-01 -6.896327431217403880e-01 -6.918380290260459642e-01
-7.380785508724252431e-01 -6.206662779725453660e-01 -6.206676608908129333e-01 -6.226244149110072845e-01
-6.896325486460965770e-01 -5.480713133499933720e-01 -5.000000000000000000e+00 -5.500536660387523868e-01
0.000000000000000000e+00 0.000000000000000000e+00 0.000000000000000000e+00 0.000000000000000000e+00
-5.000000000000000000e+00 -3.979145255830435213e-01 -1.937500857100821205e-01 -3.960607869470931797e-01
-3.078726488028590835e-01 -5.000000000000000000e+00 -8.767139482968236419e-02 -2.944755604246924729e-01
-2.181208821912489493e-01 -2.334121057117095888e-02 4.388863274829489514e-02 -1.933140151111701899e-01
-8.557827566305303835e-02 2.839046584782251581e-01 1.529281156126472141e-01 -3.534535626541952802e-02
-6.716611238116690918e-01 -6.019166776633431137e-01 -6.206648669409035035e-01 -7.380784226609824472e-01
-6.717435757149534670e-01 -6.716289432446366225e-01 -5.480698007897844004e-01 -6.896327610792558627e-01
-6.206585612945559882e-01 -6.203951232740624322e-01 -4.716544526853273522e-01 -6.206674546620896127e-01
-5.473600097073049175e-01 -5.000000000000000000e+00 -3.912158712008126371e-01 -5.000000000000000000e+00
-4.702792829634458438e-01 -3.166118138088919176e-01 -5.000000000000000000e+00 -3.786416470490583386e-01
0.000000000000000000e+00 0.000000000000000000e+00 0.000000000000000000e+00 0.000000000000000000e+00
-4.999999999825661234e+00 -1.550371841102694478e-03 1.469015105682963673e-01 -1.367430222019672126e-01
-8.413157807385260312e-02 4.254011262727254716e-01 2.373836579427885118e-01 1.518716188674474887e-01
-6.018770971901287181e-01 -5.286853527549746357e-01 -6.716417329328502328e-01 -6.715894481774695723e-01
-6.018745312171974726e-01 -5.000000000000000000e+00 -6.133057443227839522e-01 -6.206520049199940603e-01
-6.654215797728484372e-01 -5.000000000000000000e+00 -5.000000000000000000e+00 -5.477846163431487891e-01
0.000000000000000000e+00 0.000000000000000000e+00 0.000000000000000000e+00 0.000000000000000000e+00
-4.999999999418869301e+00 -2.324629852908999816e-01 -2.391205189612340132e-01 -3.815459876570789777e-01
-2.885086572814949957e-01 -1.464770999999999712e-01 -3.024101292103185123e-01 -4.999970475499999623e+00
-2.390437027125277558e-01 -4.999999760851549624e+00 1.080998089364539616e-01 -9.372880881550013643e-02
-1.684983643734751235e-02 5.813757194285834595e-01 2.464225426524588591e-01 2.150277061682068502e-01
-5.284946533996891516e-01 -4.513987549554460132e-01 -5.000000000000000000e+00 -6.014880599753595902e-01
0.000000000000000000e+00 0.000000000000000000e+00 0.000000000000000000e+00 0.000000000000000000e+00
0.000000000000000000e+00 0.000000000000000000e+00 0.000000000000000000e+00 0.000000000000000000e+00
-3.500000000000000000e+00 -9.099999999999999756e-02 -1.165499999999999731e-01 -3.500000000000000000e+00
-1.457399999999999807e-01 -4.549999999999999822e+00 -1.759695000000000009e-01 -3.001061632144484959e-01
-1.557044999999999957e-01 -9.729999999999999760e-02 -4.549999999999999822e+00 -1.515149999999999830e-01
0.000000000000000000e+00 0.000000000000000000e+00 0.000000000000000000e+00 0.000000000000000000e+00
-4.999671949999999754e+00 7.586352759999999140e-01 3.695209743399999747e-01 2.449074637026999735e-01
-4.494499880465724351e-01 -3.701342057386813322e-01 -5.000000000000000000e+00 -5.287221692440606802e-01
0.000000000000000000e+00 0.000000000000000000e+00 0.000000000000000000e+00 0.000000000000000000e+00
-4.549999999999999822e+00 -1.305149999999999921e-01 -9.919000000000000039e-02 0.000000000000000000e+00
-9.729999999999999760e-02 -4.549999999999999822e+00 0.000000000000000000e+00 -6.999999999999999278e-02
0.000000000000000000e+00 0.000000000000000000e+00 0.000000000000000000e+00 0.000000000000000000e+00
-3.500000000000000000e+00 -9.099999999999999756e-02 -3.500000000000000000e+00 0.000000000000000000e+00
0.000000000000000000e+00 0.000000000000000000e+00 0.000000000000000000e+00 0.000000000000000000e+00
-4.959500000000000242e+00 9.729999999999999760e-01 7.000734999999999042e-01 2.664633999999999614e-01
-3.695460776987209983e-01 -3.447846666583599951e-01 -2.844914897957206978e-01 -4.501529179360810318e-01
-3.685138017508866048e-01 -2.844874297190345680e-01 -1.942244243069348453e-01 -4.999999202838499635e+00
-2.812132285751235972e-01 -1.905760499999999968e-01 -4.998906500000000364e+00 -9.919000000000000039e-02
0.000000000000000000e+00 0.000000000000000000e+00 0.000000000000000000e+00 0.000000000000000000e+00
-3.500000000000000000e+00 -9.099999999999999756e-02 -6.999999999999999278e-02 0.000000000000000000e+00
-9.099999999999999756e-02 -6.999999999999999278e-02 -6.999999999999999278e-02 -6.999999999999999278e-02
-6.999999999999999278e-02 -6.999999999999999278e-02 0.000000000000000000e+00 0.000000000000000000e+00
0.000000000000000000e+00 0.000000000000000000e+00 0.000000000000000000e+00 0.000000000000000000e+00
