-3.520603597504151638e-02 3.227282071146064801e-02 7.033106213145530472e-02 -3.520790590238927209e-02
-4.123025329578901277e-02 -5.000000000000000000e+00 1.799341081013349219e-01 6.570585547203602883e-02
5.159627320832364805e-02 2.951457332171852355e-01 6.396917137841583167e-02 1.788443988182295552e-01
1.738127916038380572e-01 -4.999999999984309440e+00 6.096372847403771361e-02 6.346718139487379784e-02
3.102490487652161469e-02 1.392452731958750134e-01 -5.000000000000000000e+00 -3.525845261324161289e-02
0.000000000000000000e+00 0.000000000000000000e+00 0.000000000000000000e+00 0.000000000000000000e+00
-4.999901584999999926e+00 4.163885970527373415e-01 -4.999997342794999966e+00 1.701015797959269105e-01
0.000000000000000000e+00 0.000000000000000000e+00 0.000000000000000000e+00 0.000000000000000000e+00
1.400194412052556403e-01 -4.999999998062897077e+00 2.760664712820425359e-01 2.162304778280872697e-02
-1.496030730919993834e-01 -2.113957965564731978e-02 4.060778883090999658e-01 -4.998906500000000364e+00
2.299210698938649045e-01 5.596863999999999173e-01 -4.998906500000000364e+00 2.798138015570190706e-01
0.000000000000000000e+00 0.000000000000000000e+00 0.000000000000000000e+00 0.000000000000000000e+00
0.000000000000000000e+00 0.000000000000000000e+00 0.000000000000000000e+00 0.000000000000000000e+00
-4.549999999999999822e+00 -6.999999999999999278e-02 0.000000000000000000e+00 2.355083011440564644e-01
8.617420344352680686e-03 3.954999999999999627e-01 6.999999999999999556e-01 3.877323099999999689e-01
0.000000000000000000e+00 0.000000000000000000e+00 0.000000000000000000e+00 0.000000000000000000e+00
