5.404578550011489568e-01 5.794293210538410399e-01 5.794293210538410399e-01 5.404578550011489568e-01
5.404578550011489568e-01 6.204519168987800981e-01 6.204519168987800981e-01 5.794293210538410399e-01
5.794293210538410399e-01 6.636335967355579957e-01 6.636335967355579957e-01 6.204519168987800981e-01
6.204519168987800981e-01 7.090879965637453264e-01 7.090879965637453264e-01 6.636335967355579957e-01
6.636335967291908666e-01 7.569347332249951599e-01 7.569347330276738894e-01 7.090879965623955172e-01
7.090875600333762518e-01 8.072997191840488584e-01 -5.000000000000000000e+00 7.350538806586631724e-01
0.000000000000000000e+00 0.000000000000000000e+00 0.000000000000000000e+00 0.000000000000000000e+00
-5.000000000000000000e+00 -1.396874108381177260e-01 -1.034157719652446239e-01 -1.404242902068046361e-01
-1.379723237283045356e-01 6.468658448249217097e-01 -1.163993168834896730e-01 -1.359195260019925300e-01
-9.293143942164555638e-02 -1.338836710392208584e-01 -1.321559509599720961e-01 -1.164050915602685837e-01
-1.349979862400882413e-01 -1.306349522798500307e-01 -1.288191907720490637e-01 -1.319581932450149542e-01
-1.316902772097452434e-01 -1.263456578872132474e-01 -1.252114226592347390e-01 -1.286037752726776617e-01
-1.283460191101819525e-01 -1.235262590926221316e-01 -1.218767771470658373e-01 -1.244331534025370084e-01
-1.245707537023297284e-01 -1.196996385744130142e-01 -1.195670122242434019e-01 -1.206389558273048418e-01
-1.206584394528825710e-01 -1.160280463441290821e-01 -1.173409519456704991e-01 -1.175646109401452116e-01
-1.187632803060461040e-01 -1.143306029204016472e-01 -1.144958264716784413e-01 -1.154976659709161246e-01
-1.124927916532064559e-01 -1.126500571151282937e-01 -1.130676813245785062e-01 -1.151068480314024478e-01
-1.135227524407391164e-01 -1.101709791542015981e-01 -1.109651466376733453e-01 -1.141351738673622718e-01
-1.104850358995044246e-01 -1.100737871082158037e-01 -1.105031793548091196e-01 -1.110303333892156685e-01
-1.115807355365558695e-01 -1.098156807953417358e-01 -1.099125394087418495e-01 -1.099604195996064238e-01
5.794293210538410399e-01 -5.000000000000000000e+00 6.204519168987800981e-01 5.404578550011489568e-01
5.794293210538410399e-01 -5.000000000000000000e+00 6.636335967355579957e-01 5.794293210538410399e-01
6.204519168987800981e-01 7.090879965637453264e-01 7.090879965637453264e-01 6.204519168987800981e-01
6.636335967355579957e-01 7.569347332249951599e-01 7.569347332249951599e-01 6.636335967355579957e-01
7.090879965637453264e-01 8.072997191842055109e-01 8.072997191842055109e-01 7.090879965637453264e-01
7.569347329905279365e-01 8.603154938781111261e-01 8.603127165219507377e-01 7.569347293928047060e-01
8.070236218383796123e-01 9.161215574387409077e-01 9.157853976358667492e-01 -5.000000000000000000e+00
8.330180151108567133e-01 9.747673903793627748e-01 8.607424218828623186e-01 -1.413487287872024212e-01
5.989321551260128329e-01 1.031836004232117965e+00 -2.694999401594155158e-02 -1.380817631807733648e-01
-1.374941037937943422e-01 5.119871580522551424e-01 -1.309988294794093289e-01 -1.353545904378037623e-01
-5.173201030642694820e-02 -1.291339139698751137e-01 -1.273776948437753409e-01 -1.314829152161126613e-01
-1.306015182364302085e-01 -5.000000000000000000e+00 -1.237553647834205434e-01 -1.283309032153200357e-01
-1.269392078963924586e-01 -1.202263831381934212e-01 -1.198649029627501805e-01 -1.245372759474367291e-01
-1.236340742208289212e-01 -1.161680151213489304e-01 -1.156638149230617002e-01 -1.195489193463728367e-01
-1.192486409552422633e-01 -1.138535971524578805e-01 -1.137458700387904004e-01 -1.192458646614207030e-01
-1.124361253255095894e-01 -1.125880816779943477e-01 -1.102731339748558720e-01 -1.122971308293086307e-01
-1.129223864768351959e-01 -1.102050791154686321e-01 -1.102426281993768853e-01 -1.122626374387383080e-01
-1.108921954717243114e-01 -1.064323728317450451e-01 -1.107215386877591357e-01 -1.133000012936387496e-01
-1.088517891356237249e-01 -1.091457344655146905e-01 -1.081578035824069806e-01 -1.122092322991850993e-01
-1.092757543720338093e-01 -1.102124492247590071e-01 -1.115356206660242794e-01 -1.081468114192002533e-01
0.000000000000000000e+00 0.000000000000000000e+00 0.000000000000000000e+00 0.000000000000000000e+00
0.000000000000000000e+00 0.000000000000000000e+00 0.000000000000000000e+00 0.000000000000000000e+00
-5.000000000000000000e+00 7.569347332249951599e-01 7.569347332249951599e-01 6.636335967355579957e-01
7.090879965637453264e-01 8.072997191842055109e-01 8.072997191842055109e-01 7.090879965637453264e-01
7.569347332249951599e-01 8.603154938781111261e-01 8.603154938781111261e-01 7.569347332249951599e-01
8.072997191841813081e-01 9.161215725032749724e-01 9.161215725032344492e-01 8.072997191840840525e-01
8.603070122465878988e-01 9.748648131613419920e-01 9.748439545601160772e-01 8.603129192639522582e-01
9.159261279974997283e-01 1.036699803288264610e+00 9.253133013619895264e-01 9.075249546003029133e-01
8.179533026473807533e-01 1.101786298746886716e+00 4.598134487093225031e-01 8.496284519085430809e-01
7.834337731001838057e-01 -1.288938915646890004e-01 -1.290544436042038168e-01 2.932587997434769056e-01
-1.304950802306638902e-01 -1.255674062927293333e-01 -5.000000000000000000e+00 -1.306795823664616552e-01
0.000000000000000000e+00 0.000000000000000000e+00 0.000000000000000000e+00 0.000000000000000000e+00
-5.000000000000000000e+00 -1.161199197093519403e-01 -1.184007973529700164e-01 -1.223482473674483983e-01
-1.200706598085371363e-01 -5.000000000000000000e+00 -1.151581128535811988e-01 -1.192034012786418740e-01
-1.159727207410561206e-01 -1.139992854497014069e-01 -1.125060944596159712e-01 -1.166389740999718150e-01
-1.151186097643108613e-01 -1.080973469004789383e-01 -1.103325752897909573e-01 -1.131320508038720640e-01
-1.107460539678167960e-01 -1.089170571851278690e-01 -1.063829448096414443e-01 -1.104375750353862873e-01
-1.069017339852815912e-01 -1.052549690642123059e-01 -1.070868353486536806e-01 -1.062900762041763258e-01
-1.064352203138649727e-01 -1.068715939483531052e-01 -1.098678074819920414e-01 -1.068801306764379372e-01
-1.085392761702517889e-01 -1.070349761194309968e-01 -1.108026909491091200e-01 -1.115612494102789093e-01
6.635979725731041556e-01 7.090437171789722992e-01 7.090879965637453264e-01 -5.000000000000000000e+00
6.636335967355579957e-01 7.569347332249951599e-01 7.569347332249951599e-01 -5.000000000000000000e+00
7.090879965637453264e-01 8.072997191842055109e-01 8.072997191842055109e-01 7.090879965637453264e-01
7.569347332249951599e-01 8.603154938781111261e-01 8.603154938781111261e-01 7.569347332249951599e-01
8.072997191842055109e-01 9.161215725032749724e-01 9.161215725032749724e-01 8.072997191842055109e-01
8.603154938781111261e-01 9.748648131613421031e-01 9.748648131613421031e-01 8.603154938781111261e-01
9.161215721562292469e-01 1.036699803327728597e+00 1.036699803327659097e+00 9.161215651908896085e-01
9.748646817872133052e-01 1.101789266660766931e+00 1.101786627986821365e+00 9.748647948796603790e-01
1.036695622626339963e+00 1.170304491154365856e+00 9.958612655372754974e-01 1.036513800717217437e+00
1.097150751235850263e+00 -5.000000000000000000e+00 -1.253355017205554089e-01 -1.317897166033775991e-01
-1.273720112133771565e-01 -1.220024911235042531e-01 -1.216999806011685031e-01 -1.286315652347929106e-01
-1.232731864651843423e-01 -5.000000000000000000e+00 -1.177057597012675233e-01 -5.000000000000000000e+00
-1.174630864572577121e-01 -1.134252871149481201e-01 -5.000000000000000000e+00 -1.200210210376240760e-01
0.000000000000000000e+00 0.000000000000000000e+00 0.000000000000000000e+00 0.000000000000000000e+00
-4.999999999999961808e+00 -1.104722301323057682e-01 -1.110210518143593117e-01 -1.114489490235405778e-01
-1.106454817110633232e-01 -1.066702629049382234e-01 -1.107615674022200125e-01 -1.115478619168982916e-01
-1.088945757434041373e-01 -4.999999999998587796e+00 -1.081152336106918355e-01 -1.074350392143057359e-01
-1.068424603328482353e-01 -1.037797770099666839e-01 -1.067456955177765732e-01 -1.050882824721432879e-01
-1.069933280586494728e-01 -1.031247396962678281e-01 -1.067458612076567920e-01 -1.062178266770264501e-01
-1.047740128606885895e-01 -1.033028977672282162e-01 -1.037458401866286628e-01 -1.091004658357104806e-01
7.088878645072994589e-01 7.496068442049540481e-01 7.569347332249951599e-01 6.636334497202702742e-01
7.090879965637438831e-01 8.072997191842055109e-01 8.072997191842055109e-01 7.090879965637453264e-01
7.569347332249951599e-01 8.603154938781111261e-01 8.603154938781111261e-01 7.569347332249951599e-01
8.072997191842055109e-01 9.161215725032749724e-01 9.161215725032749724e-01 8.072997191842055109e-01
8.603154938781111261e-01 9.748648131613421031e-01 9.748648131613421031e-01 8.603154938781111261e-01
9.161215725032749724e-01 1.036699803327728597e+00 1.036699803327728597e+00 9.161215725032749724e-01
9.748648131613421031e-01 1.101789266660766931e+00 1.101789266660766931e+00 9.748648131613421031e-01
1.036699803327728597e+00 1.170304491221860088e+00 1.170304491221860088e+00 1.036699803327728597e+00
1.101789099681944384e+00 1.242425780233537003e+00 -5.000000000000000000e+00 1.101787800549678398e+00
0.000000000000000000e+00 0.000000000000000000e+00 0.000000000000000000e+00 0.000000000000000000e+00
-5.000000000000000000e+00 1.119151428497549006e+00 -5.000000000000000000e+00 -1.217167883647001930e-01
0.000000000000000000e+00 0.000000000000000000e+00 0.000000000000000000e+00 0.000000000000000000e+00
-5.000000000000000000e+00 -1.113978175522510605e-01 -1.094444674050740890e-01 -1.157494740104813430e-01
-1.137080159677641700e-01 -1.091208214151343642e-01 -1.078417161858736956e-01 -4.999999999984309440e+00
-1.104470112523529557e-01 -1.067374354560958055e-01 -1.064919556702395298e-01 -1.122754486675858060e-01
-1.098390498307629110e-01 4.701655696641710014e-02 -4.999999999999872990e+00 -1.101037925193655287e-01
0.000000000000000000e+00 0.000000000000000000e+00 0.000000000000000000e+00 0.000000000000000000e+00
-4.999999760851549624e+00 -9.906199957521649724e-02 -1.016666483135382493e-01 -1.045225209678587730e-01
-1.029928631024181612e-01 -9.940269465631131063e-02 -9.848722007923717270e-02 -1.026285904212795447e-01
-1.024957208806219211e-01 -1.002776029671943736e-01 -1.009297273014900798e-01 -1.015741724646029853e-01
7.495453941453222857e-01 8.047697245848302039e-01 8.072997191831169372e-01 7.087658194592931782e-01
7.569347332057456690e-01 8.603154938781110150e-01 8.603154938781111261e-01 7.569347332239637627e-01
8.072997191842055109e-01 9.161215725032749724e-01 9.161215725032749724e-01 8.072997191842055109e-01
8.603154938781111261e-01 9.748648131613421031e-01 9.748648131613421031e-01 8.603154938781111261e-01
9.161215725032749724e-01 1.036699803327728597e+00 1.036699803327728597e+00 9.161215725032749724e-01
9.748648131613421031e-01 1.101789266660766931e+00 1.101789266660766931e+00 9.748648131613421031e-01
1.036699803327728597e+00 1.170304491221860088e+00 1.170304491221860088e+00 1.036699803327728597e+00
1.101789266660766931e+00 1.242425780233537003e+00 1.242425780233537003e+00 1.101789266660766931e+00
1.170304491221860088e+00 1.318342926561618000e+00 1.318342926561618000e+00 1.170304491221860088e+00
1.242425780074784436e+00 1.398255712170124232e+00 1.242425780233532118e+00 -5.000000000000000000e+00
1.318342926561617778e+00 1.317837321574661935e+00 1.164127114987714817e+00 9.639026072866236916e-01
1.241434083036403013e+00 1.168006159168107905e+00 -1.138440581597571499e-01 -5.000000000000000000e+00
7.834637463765753429e-01 -1.096171296606311130e-01 -1.096525725326698009e-01 -1.107972654525019307e-01
-1.104535001693389001e-01 -1.058696424740678821e-01 -1.061961303213777019e-01 -1.113843479878916382e-01
-1.092256980779676145e-01 -1.020219660703728104e-01 3.150806563620913714e-01 -1.095136612582484070e-01
-7.630172925771352976e-03 4.833479092894887308e-01 -9.723212888069925064e-02 -1.057647661930313510e-01
-1.009269904895723907e-01 -9.205952714471032916e-02 -9.382346478334392670e-02 -4.999999760851549624e+00
-9.508975407258282719e-02 -9.521866011358699755e-02 -9.944956638823919393e-02 -9.413006968231500682e-02
-9.706901208279744564e-02 -9.431781283676833605e-02 -9.875578585687311284e-02 -1.017591758695932380e-01
-9.854140243682493749e-02 -9.654405388637846142e-02 -9.749702761119148631e-02 -1.016898655300103038e-01
7.215522018552467109e-01 8.480847162892672930e-01 8.603154938771668814e-01 6.755547023061088119e-01
8.072996960478838746e-01 9.161215725032749724e-01 9.161215724506679425e-01 8.072997188150714543e-01
8.603154938781111261e-01 9.748648131613421031e-01 9.748648131613421031e-01 8.603154938781111261e-01
9.161215725032749724e-01 1.036699803327728597e+00 1.036699803327728597e+00 9.161215725032749724e-01
9.748648131613421031e-01 1.101789266660766931e+00 1.101789266660766931e+00 9.748648131613421031e-01
1.036699803327728597e+00 1.170304491221860088e+00 1.170304491221860088e+00 1.036699803327728597e+00
1.101789266660766931e+00 -5.000000000000000000e+00 1.242425780233537003e+00 1.101789266660766931e+00
1.170304491221860088e+00 1.318342926561618000e+00 1.318342926561618000e+00 1.170304491221860088e+00
1.242425780233537003e+00 1.398255712170124232e+00 1.398255712170124232e+00 1.242425780233537003e+00
1.318342926561618000e+00 1.482374433863288710e+00 1.318342926561617778e+00 1.318342926561618000e+00
1.398255470396408739e+00 1.398255712170124232e+00 1.242425638892768580e+00 1.242425262838707578e+00
1.287214970255923463e+00 1.318342926548039973e+00 1.114250395283099548e+00 7.041459692259667280e-01
1.241764018856629015e+00 7.876359585001688757e-01 -1.058332148016158658e-01 -1.125432156820498353e-01
-1.098615503865661980e-01 -1.014794901662776222e-01 -1.019615905867165412e-01 -1.078489227540987139e-01
-1.039430460707330695e-01 -9.720282633601749767e-02 -9.740926484490260162e-02 1.082312554952435391e-01
-3.122928087159929089e-03 5.493782051155179369e-01 -9.249882386835998893e-02 4.729389622676621885e-02
-9.386297847444062536e-02 -8.923874616687144101e-02 -9.502467305020251276e-02 -9.685477133416983686e-02
-9.352841023433954015e-02 -9.030928190032409819e-02 -9.160987351688992808e-02 -9.480348293572651852e-02
-9.141265079053492726e-02 -8.875948794868830649e-02 -9.530472547332144440e-02 -9.795216442857586359e-02
-9.246299345781246182e-02 -4.999999928255465242e+00 -9.519508678709330540e-02 -9.640656772233321958e-02
8.520211631891454473e-01 9.161215725032749724e-01 9.135558151428975204e-01 8.066051148822216410e-01
8.603154938781111261e-01 9.748648131613421031e-01 9.748648131613421031e-01 8.603154938781111261e-01
9.161215725032749724e-01 1.036699803327728597e+00 1.036699803327728597e+00 9.161215725032749724e-01
9.748648131613421031e-01 1.101789266660766931e+00 1.101789266660766931e+00 9.748648131613421031e-01
1.036699803327728597e+00 1.170304491221860088e+00 1.170304491221860088e+00 1.036699803327728597e+00
1.101789266660766931e+00 1.242425780233537003e+00 -5.000000000000000000e+00 1.101789266660766931e+00
0.000000000000000000e+00 0.000000000000000000e+00 0.000000000000000000e+00 0.000000000000000000e+00
-5.000000000000000000e+00 1.398255712170124232e+00 1.398255712170122900e+00 1.242425780233537003e+00
1.318342926561618000e+00 1.482374433863288710e+00 1.482374433863288710e+00 1.318342926561618000e+00
1.398255712170124232e+00 1.570920456698198686e+00 1.398255712170124232e+00 1.398255712170124232e+00
1.482374433863288710e+00 1.482374425082648273e+00 1.318342926193689646e+00 1.318342924292510876e+00
1.398255712170124232e+00 1.354459762987383131e+00 1.239503024572152334e+00 1.234003696118716187e+00
1.315760987390972581e+00 7.865415570436429249e-01 3.835288933874136941e-01 1.127253771662140025e+00
-7.968076488849418215e-02 -3.649604462907359709e-02 9.430939300389313829e-01 -1.052901444364069267e-01
-1.010996821793306438e-01 1.182947904137255479e+00 -9.287249358620297546e-02 -4.189642397662184103e-02
-9.552549029408266557e-02 9.776942505620114243e-01 -8.879452621256245237e-02 -9.420197899344862069e-02
-9.111389539607893384e-02 -8.377694523796577752e-02 -8.494986675630497586e-02 -9.093381550208985697e-02
-8.662759876876369169e-02 -8.658862842860196030e-02 -8.671060824465351424e-02 -9.121533625057741401e-02
-8.644012397890071808e-02 -8.600358320838724646e-02 -4.999999928255465242e+00 -9.184756714435064751e-02
0.000000000000000000e+00 0.000000000000000000e+00 0.000000000000000000e+00 0.000000000000000000e+00
9.161215714372051844e-01 9.748622436090168542e-01 9.748648131613421031e-01 8.603103923425357014e-01
9.161215725009628219e-01 1.036699803304026668e+00 1.036699803327728597e+00 9.161215725032668677e-01
9.748648131613421031e-01 1.101789266660766931e+00 1.101789266660766931e+00 9.748648131613421031e-01
1.036699803327728597e+00 1.170304491221860088e+00 1.170304491221860088e+00 1.036699803327728597e+00
1.101789266660766931e+00 1.242425780233537003e+00 1.242425780233537003e+00 1.101789266660766931e+00
1.170304491221860088e+00 1.318342926561618000e+00 1.318342926561618000e+00 1.170304491221860088e+00
1.242425780233537003e+00 1.398255712170124232e+00 1.398255712170124232e+00 -5.000000000000000000e+00
1.318342926561618000e+00 1.482374433863288710e+00 1.482374433863288710e+00 1.318342926561618000e+00
1.398255712170124232e+00 1.570920456698198686e+00 1.570920456698198686e+00 1.398255712170124232e+00
1.482374433863288710e+00 1.664126796524419749e+00 1.482374433863288710e+00 1.482374433863288710e+00
1.570920456698198686e+00 1.570920454107943121e+00 1.398255679068969970e+00 1.398255464843817020e+00
1.482374431315904850e+00 1.481350426609025828e+00 1.111019985717055070e+00 1.306262297420482721e+00
1.259736280412043330e+00 9.492101997213451270e-01 -9.643302096026512560e-02 1.184255213715549537e+00
1.115039034650233407e-01 -9.111753658945330459e-02 2.701134050586904145e-01 -1.001405282765961274e-01
-3.588904881397093211e-02 1.576891553304335281e+00 -8.727282125924551437e-02 -9.688242694625887053e-02
-8.785038150413296276e-02 1.153303578397494533e+00 -8.357292339720176488e-02 -9.095197150392531071e-02
-8.072606596335302198e-02 8.351271133807625091e-01 -8.743966843235502495e-02 -8.800815581742907345e-02
-8.213418403258786193e-02 -8.216527170322765472e-02 -8.215867484088028305e-02 -8.223021448163132796e-02
-8.479610099017108327e-02 -8.399740236845795738e-02 -8.633285979859328663e-02 -8.616488094351471005e-02
-8.505482180936077552e-02 -8.267247041270300856e-02 -8.471881439253881041e-02 -4.996355000000000324e+00
9.747747810310127825e-01 -5.000000000000000000e+00 1.036699803326725178e+00 9.074197277894411329e-01
9.748648033069604590e-01 1.101789227697409723e+00 1.101789266660766931e+00 9.748648130321447836e-01
1.036699803327728597e+00 1.170304491221860088e+00 1.170304491221860088e+00 1.036699803327728597e+00
1.101789266660766931e+00 1.242425780233537003e+00 1.242425780233537003e+00 1.101789266660766931e+00
1.170304491221860088e+00 1.318342926561618000e+00 1.318342926561618000e+00 1.170304491221860088e+00
1.242425780233537003e+00 1.398255712170124232e+00 1.398255712170124232e+00 1.242425780233537003e+00
1.318342926561618000e+00 1.482374433863288710e+00 1.482374433863288710e+00 1.318342926561618000e+00
1.398255712170124232e+00 1.570920456698198686e+00 1.570920456698198686e+00 1.398255712170124232e+00
1.482374433863288710e+00 1.664126796524419749e+00 1.664126796524419749e+00 1.482374433863288710e+00
1.570920456698198686e+00 1.762238733183599804e+00 1.570920456698198686e+00 1.570920456698198686e+00
1.664126796524419749e+00 1.664126795322966590e+00 1.482373454032116511e+00 1.482374433857944540e+00
1.531490316095281301e+00 1.570920413268954263e+00 1.329222619898542401e+00 1.397959658247243331e+00
1.438755537082092584e+00 1.157402664197301423e+00 1.336950132319167484e+00 6.657238546805551715e-01
9.345337910636229983e-01 9.523637431800090480e-01 1.495789375148894651e+00 1.440820507271864948e-01
9.851789532044696873e-01 1.838259594874820158e+00 1.269699716152173696e+00 -8.883092295085635859e-02
1.160696314089752601e+00 2.091331211089717979e+00 -7.745694467983323117e-02 6.586106437363040689e-01
1.742451292488774062e+00 -7.126749210114566302e-02 -8.210643200166253819e-02 -8.376063297109737071e-02
-7.721835171875400528e-02 -7.614135162192550710e-02 -8.187696711768496782e-02 -8.682715920260927756e-02
-8.024471473217717477e-02 -8.026107731630903463e-02 -7.920497028138531737e-02 -8.637053174817156675e-02
-7.921293945227361744e-02 -4.999991142649999887e+00 -8.226646085118149987e-02 -8.160768863427099451e-02
0.000000000000000000e+00 0.000000000000000000e+00 0.000000000000000000e+00 0.000000000000000000e+00
-5.000000000000000000e+00 1.169874728277139120e+00 1.170304491221860088e+00 1.035846764927665031e+00
1.101789266660766931e+00 1.242425780233537003e+00 1.242425780233537003e+00 1.101789266660766931e+00
1.170304491221860088e+00 1.318342926561618000e+00 1.318342926561618000e+00 1.170304491221860088e+00
1.242425780233537003e+00 1.398255712170124232e+00 1.398255712170124232e+00 1.242425780233537003e+00
1.318342926561618000e+00 1.482374433863288710e+00 1.482374433863288710e+00 1.318342926561618000e+00
1.398255712170124232e+00 -5.000000000000000000e+00 1.570920456698198686e+00 1.398255712170124232e+00
1.482374433863288710e+00 1.664126796524419749e+00 1.664126796524419749e+00 1.482374433863288710e+00
1.570920456698198686e+00 1.762238733183599804e+00 1.762238733183599804e+00 1.570920456698198686e+00
1.664126796524419749e+00 1.865514455982736797e+00 1.664126796524419749e+00 1.664126796524419749e+00
1.762238733183599804e+00 1.762238732813376618e+00 1.570916959693932302e+00 1.570920456698140732e+00
1.664126796205551262e+00 1.250493016442333127e+00 1.425790128743013696e+00 1.480716774391741541e+00
1.561816118239301998e+00 -4.999999999999961808e+00 7.145376488490315925e-01 7.026850076995445615e-01
6.373561465433765783e-01 1.481280165984129926e+00 1.295747531832337041e+00 -8.867744705696668783e-02
5.112418093162282018e-01 2.088943691447834095e+00 1.419580382073014402e+00 9.473234610017643442e-01
-7.932566771776904113e-02 2.346802213327705999e+00 1.263359475018888345e+00 1.722613802820713413e+00
-7.528913752143977234e-02 2.044712161865120059e+00 -7.609738832944004661e-02 -7.687823482448052914e-02
-7.274804454973955725e-02 -6.966532910176814752e-02 -7.994769290082058555e-02 -8.087880841351240135e-02
-7.601386201726606506e-02 -4.999999202838499635e+00 -4.959500000000000242e+00 -7.748987150713934624e-02
0.000000000000000000e+00 0.000000000000000000e+00 0.000000000000000000e+00 0.000000000000000000e+00
-1.242695087117835634e-01 -1.243115157481875371e-01 -1.254160716242248563e-01 -5.000000000000000000e+00
-1.271333889996338340e-01 1.240377269554779005e+00 1.242425780233537003e+00 1.100890284492461069e+00
1.170304491221859866e+00 1.318342926561618000e+00 1.318342926561618000e+00 1.170304491221860088e+00
1.242425780233537003e+00 1.398255712170124232e+00 1.398255712170124232e+00 1.242425780233537003e+00
1.318342926561618000e+00 1.482374433863288710e+00 1.482374433863288710e+00 1.318342926561618000e+00
1.398255712170124232e+00 1.570920456698198686e+00 -5.000000000000000000e+00 1.398255712170124232e+00
0.000000000000000000e+00 0.000000000000000000e+00 0.000000000000000000e+00 0.000000000000000000e+00
-5.000000000000000000e+00 1.762238733183599804e+00 1.762238733183599804e+00 1.570920456698198686e+00
1.664126796524419749e+00 1.865514455982736797e+00 1.865514455982736797e+00 1.664126796524419749e+00
1.762238733183599804e+00 1.974225743139722988e+00 1.762238733183599804e+00 1.762238733183599804e+00
1.865514455982736797e+00 -5.000000000000000000e+00 1.548612955430658911e+00 1.664123655404444735e+00
1.757731386049488309e+00 1.137561764884662541e+00 -5.000000000000000000e+00 -8.605605091406355600e-02
0.000000000000000000e+00 0.000000000000000000e+00 0.000000000000000000e+00 0.000000000000000000e+00
-4.999999999995292654e+00 3.388051057065188942e-01 2.091910131643119009e+00 -8.478427044417118086e-02
1.383377078456741849e+00 1.532345023851028554e+00 2.315971584978800735e+00 1.606845683726189300e+00
1.478750953272236268e+00 2.583304691117216834e+00 1.246893017028850581e+00 1.717036688780154030e+00
-6.828178694298388252e-02 2.599658007276048899e+00 -6.863466296035634906e-02 -7.114735460634664943e-02
-6.533593075262550398e-02 -4.999901584999999926e+00 -4.999999202838499635e+00 -7.302155159801240747e-02
0.000000000000000000e+00 0.000000000000000000e+00 0.000000000000000000e+00 0.000000000000000000e+00
-3.500000000000000000e+00 -6.999999999999999278e-03 -6.999999999999999278e-03 0.000000000000000000e+00
-1.268611271173764599e-01 -1.238338607957876758e-01 1.203937529143507046e+00 -1.261996262193897100e-01
5.035796741028233381e-01 6.949433959944564254e-01 1.318342924692725182e+00 1.135296624155839984e+00
1.242425770380698680e+00 1.241922181660993330e+00 1.398255712170124232e+00 1.242425772905476178e+00
1.318342926561618000e+00 -5.000000000000000000e+00 1.482374433863288710e+00 1.318342926561618000e+00
1.398255712170124232e+00 1.570920456698196688e+00 1.570920456698198686e+00 1.398255712170124232e+00
1.482374433863288710e+00 -5.000000000000000000e+00 1.664126796524419749e+00 1.482374433863288710e+00
1.570920456698198686e+00 1.762238733183599804e+00 1.762238733183599804e+00 -5.000000000000000000e+00
1.664126796524419749e+00 1.865514455982736797e+00 1.865514455982736797e+00 1.664126796524419749e+00
1.762238733183599804e+00 1.974225743139722988e+00 1.974225743139722988e+00 1.762238733183599804e+00
1.865514455982736797e+00 2.088658676989182172e+00 -5.000000000000000000e+00 1.865514455982736797e+00
0.000000000000000000e+00 0.000000000000000000e+00 0.000000000000000000e+00 0.000000000000000000e+00
-4.999999999418869301e+00 -4.999999999418869301e+00 1.318829540193725114e+00 8.397491140855545266e-01
1.095738098755752121e+00 -4.999999993542991739e+00 1.420297866476092352e+00 -4.999999202838499635e+00
1.182683616968419615e+00 1.660608203409105199e-01 7.279310204063004219e-01 1.814557982882740061e+00
1.518111494546840357e+00 1.654935402329359206e+00 6.081268274670421636e-01 2.008865674545584845e+00
1.284266720420054630e+00 2.735136962391200299e+00 2.775012072077028602e+00 2.204439327630399958e+00
-6.248625718944914031e-02 3.036985191166941878e+00 -4.999999998062897077e+00 -6.614495563522310162e-02
0.000000000000000000e+00 0.000000000000000000e+00 0.000000000000000000e+00 0.000000000000000000e+00
-4.549999999999999822e+00 -2.153583249999999755e-02 -1.759695000000000009e-02 -4.549999999999999822e+00
-2.422474599999999839e-02 -2.099119749999999590e-02 -1.375499999999999813e-02 -9.100000000000000450e-03
-1.230871165796229433e-01 -5.000000000000000000e+00 -1.205447116593776485e-01 6.980961769258652305e-01
-1.222254942368082020e-01 -1.168348705708588120e-01 1.202645425045121952e+00 -1.231127712074155944e-01
5.068299119416652676e-01 -1.149283282581589488e-01 -5.000000000000000000e+00 1.318314606867591277e+00
0.000000000000000000e+00 0.000000000000000000e+00 0.000000000000000000e+00 0.000000000000000000e+00
-5.000000000000000000e+00 1.664126796524419305e+00 -5.000000000000000000e+00 1.482269655782547213e+00
0.000000000000000000e+00 0.000000000000000000e+00 0.000000000000000000e+00 0.000000000000000000e+00
-5.000000000000000000e+00 1.865514455982736797e+00 1.865514455982736797e+00 1.664126796524419527e+00
1.762238733183599804e+00 1.974225743139722988e+00 1.974225743139722988e+00 1.762238733183599804e+00
1.865514455982736797e+00 2.088658676989182172e+00 2.088658676989182172e+00 1.865514455982736797e+00
1.974225743139722988e+00 2.209114396830718086e+00 -5.000000000000000000e+00 1.974225743139722988e+00
0.000000000000000000e+00 0.000000000000000000e+00 0.000000000000000000e+00 0.000000000000000000e+00
0.000000000000000000e+00 0.000000000000000000e+00 0.000000000000000000e+00 0.000000000000000000e+00
0.000000000000000000e+00 0.000000000000000000e+00 0.000000000000000000e+00 0.000000000000000000e+00
-4.999999998062897077e+00 -6.315778614987975492e-02 2.909993929383014044e-01 -7.357310797960089910e-02
1.666255557201646587e-01 -5.532487320687832361e-02 2.647239305642779428e+00 1.339615989825766906e+00
1.971899068744596750e+00 2.915435441523059446e+00 2.386118942806545462e+00 2.475672606725866309e+00
-5.775964730023081667e-02 3.237662678938099781e+00 -4.999999999999872990e+00 3.231020480436710973e-01
0.000000000000000000e+00 0.000000000000000000e+00 0.000000000000000000e+00 0.000000000000000000e+00
-4.959500000000000242e+00 -2.416785489999999717e-02 -1.887707500000000010e-02 -2.186689749999999946e-02
-1.597050000000000206e-02 -2.686040093099999887e-02 -1.874953500000000120e-02 -1.638944999999999638e-02
0.000000000000000000e+00 0.000000000000000000e+00 0.000000000000000000e+00 0.000000000000000000e+00
-5.000000000000000000e+00 -1.134617480539518303e-01 -1.138501408631699130e-01 -1.189105946658008256e-01
-1.151798461616753561e-01 -1.106447053488672783e-01 -5.000000000000000000e+00 8.270337887880641059e-01
0.000000000000000000e+00 0.000000000000000000e+00 0.000000000000000000e+00 0.000000000000000000e+00
-5.000000000000000000e+00 1.570389409697554362e+00 1.762238733183599804e+00 1.570810053001441275e+00
1.662659147879932631e+00 1.850305521006627263e+00 1.865514455982736797e+00 -4.999999999999999112e+00
1.762238733013354208e+00 -5.000000000000000000e+00 1.974225743139722988e+00 1.762238732564359589e+00
1.865514455982736797e+00 2.088658676989182172e+00 2.088658676989182172e+00 1.865514455982736797e+00
1.974225743139722988e+00 2.209114396830718086e+00 2.209114396830718086e+00 1.974225743139722988e+00
2.088658676989182172e+00 2.335909891400755889e+00 2.335909891400755889e+00 2.088658676989182172e+00
2.209114396561832727e+00 2.469378833053426980e+00 2.469378833025288600e+00 -5.000000000000000000e+00
2.330235184115804437e+00 2.609872455845712480e+00 2.302431725508205851e+00 -4.999999760851549624e+00
2.469378417570132545e+00 3.807391712754378821e-01 1.449815883743592604e+00 -4.999991142649999887e+00
1.614777759662326284e+00 -5.838070962716268575e-02 2.652443230955686904e+00 -6.726696999427750345e-02
1.723934102400646928e+00 -4.999991142649999887e+00 3.055647813176383565e+00 1.736838466522258040e+00
2.848452317817580681e+00 2.374223128971792551e+00 3.242803364114795084e+00 2.614077024270682781e+00
2.727162280207623191e+00 3.430638444204619830e+00 2.063756223664577671e+00 1.549912513451652263e+00
-4.401801976485168050e-02 2.561543337266249942e+00 -3.222455647673166945e-02 -4.999999978476639129e+00
-3.112141846240606968e-02 1.989775297140220056e+00 -2.539890377499999866e-02 -2.351251684599999989e-02
-2.861562128249999643e-02 -2.270714424999999842e-02 -2.833362443099999434e-02 -2.313656799999999972e-02
-1.093207463689051806e-01 -1.071792579539112417e-01 -1.092473670234389710e-01 -5.000000000000000000e+00
-1.093470184098729175e-01 -5.000000000000000000e+00 -1.098378038044969668e-01 -1.160870470693205481e-01
-1.126058177234614543e-01 -1.063004033969129625e-01 -5.000000000000000000e+00 -1.113188915154616765e-01
0.000000000000000000e+00 0.000000000000000000e+00 0.000000000000000000e+00 0.000000000000000000e+00
-5.000000000000000000e+00 1.258504398555642556e+00 1.612789781741255313e+00 1.664091232334743875e+00
1.069595898230231823e+00 1.972371844852647049e+00 -4.999999999999961808e+00 -9.818387865270064574e-02
0.000000000000000000e+00 0.000000000000000000e+00 0.000000000000000000e+00 0.000000000000000000e+00
-5.000000000000000000e+00 2.209114396830718086e+00 2.209114396830718086e+00 1.974225743139722988e+00
2.088658676989182172e+00 2.335909891400755889e+00 2.335909891400755889e+00 2.088658676989182172e+00
2.209114396830718086e+00 2.469378833053426980e+00 2.469378833053426980e+00 2.209114396830718086e+00
2.335909891400755889e+00 2.609872455845712480e+00 2.609872455845712480e+00 2.335909891400755889e+00
2.469378832917698219e+00 2.757760479837592094e+00 2.757760479823521127e+00 2.469378833038025522e+00
2.609872452112992125e+00 2.913432084039570658e+00 2.609866253602787900e+00 2.335845921148846482e+00
2.757760067091502787e+00 2.738725894166178954e+00 -4.996355000000000324e+00 1.418038633256014869e+00
0.000000000000000000e+00 0.000000000000000000e+00 0.000000000000000000e+00 0.000000000000000000e+00
-4.999901584999999926e+00 -4.998906500000000364e+00 1.277278156284061827e+00 2.914647313674579188e+00
1.695860040904233923e+00 3.622362821851569770e+00 2.848870516891766957e+00 2.911238762006501446e+00
2.681659375988155958e+00 3.641241575373767247e+00 1.989710715882745173e+00 1.685144178786897928e+00
-3.528477046437000081e-02 3.998106231781358488e+00 3.048548877931690271e+00 -2.972722639529999655e-02
-1.862385000000000082e-02 4.156794353024039879e+00 2.259692281043150341e+00 -2.527414802499999835e-02
-1.063231502319926663e-01 -1.040588620927003077e-01 -4.999999999999576339e+00 -1.081785177919183522e-01
0.000000000000000000e+00 0.000000000000000000e+00 0.000000000000000000e+00 0.000000000000000000e+00
-5.000000000000000000e+00 -1.029623448596922453e-01 -1.029052469398056419e-01 -1.054782334126813381e-01
-1.032455278765785217e-01 -9.836397913943024929e-02 6.268259766334312033e-01 -4.999999999825661234e+00
-1.013789047450937009e-01 -9.645235791492193234e-02 1.971852956592659245e+00 8.227868516445988600e-01
1.797642871770998907e+00 1.198106975572434285e+00 2.088658591846638934e+00 1.230996240992674240e+00
1.973470418276183969e+00 2.209114393226815132e+00 2.209114396830718086e+00 -5.000000000000000000e+00
2.088658676989182172e+00 2.335909891400755889e+00 2.335909891400755889e+00 2.088658676989182172e+00
2.209114396830718086e+00 2.469378833053426980e+00 2.469378833053426980e+00 2.209114396830718086e+00
2.335909891400755889e+00 2.609872455845712480e+00 2.609872455845712480e+00 2.335909891400755889e+00
2.469378833053426980e+00 2.757760479837592094e+00 2.757760479837592094e+00 2.469378833053426980e+00
2.609872455845712480e+00 -5.000000000000000000e+00 2.913432084039570658e+00 2.609872455845712480e+00
2.757760479837592094e+00 3.077296930567968936e+00 2.757760479837592094e+00 2.757760479837592094e+00
2.913432084039570658e+00 -4.999970475499999623e+00 -4.998906500000000364e+00 2.609168285516643593e+00
0.000000000000000000e+00 0.000000000000000000e+00 0.000000000000000000e+00 0.000000000000000000e+00
0.000000000000000000e+00 0.000000000000000000e+00 0.000000000000000000e+00 0.000000000000000000e+00
-4.999671949999999754e+00 3.823660681644750703e+00 3.792427277259799112e+00 3.139046054217866644e+00
3.592010498559089271e+00 4.032475614290683019e+00 4.035427235247817102e+00 2.562591295975033212e+00
3.763232402477426852e+00 4.258349999693985311e+00 4.171858655700093621e+00 3.716802787780770334e+00
2.820676166255319917e+00 4.492999296269637455e+00 4.077412139511454647e+00 2.261718781043150273e+00
-1.011995511791460439e-01 -1.031719583480752434e-01 -1.022929110525609836e-01 -1.073757365647717427e-01
-1.025253839960826724e-01 -4.999997342794999966e+00 -1.004556268926228707e-01 -4.999991142649999887e+00
-9.847779872068342100e-02 -9.984301469564113574e-02 -1.012068762269334871e-01 -1.010548973430597380e-01
-9.822639085310799767e-02 -9.731680675647184919e-02 7.606333005819477799e-01 -9.801717252466533858e-02
-9.670415139853233422e-02 -9.205144921981556205e-02 1.584866207747639866e+00 -9.890029885847237412e-02
-9.553534186248817395e-02 -8.772042909541452604e-02 2.102379651338555089e+00 1.788621055965995188e+00
6.556872653101362136e-01 1.945555224606968725e+00 2.335909891400529848e+00 2.088615828477627723e+00
2.209114273945534279e+00 2.209114396830713645e+00 2.469378833053426980e+00 2.209114396539913816e+00
2.335909891400755889e+00 2.335909891400755889e+00 2.609872455845712480e+00 2.335909891400755889e+00
2.469378833053426980e+00 -5.000000000000000000e+00 2.757760479837592094e+00 2.469378833053426980e+00
2.609872455845712480e+00 2.913432084039570658e+00 -5.000000000000000000e+00 2.609872455845712480e+00
0.000000000000000000e+00 0.000000000000000000e+00 0.000000000000000000e+00 0.000000000000000000e+00
-5.000000000000000000e+00 3.249786242703124994e+00 -5.000000000000000000e+00 2.913432084039570658e+00
0.000000000000000000e+00 0.000000000000000000e+00 0.000000000000000000e+00 0.000000000000000000e+00
-4.999970475499999623e+00 3.622477831249999891e+00 3.622470528464845518e+00 -4.999999928255465242e+00
3.431352583716622107e+00 3.823654061127023773e+00 3.823660874999999848e+00 -4.999999202838499635e+00
3.622476840576834611e+00 4.035432499999999756e+00 4.035424274499813890e+00 3.622471611452804385e+00
3.823659670852496362e+00 4.258324769926989717e+00 4.258350000000000080e+00 3.823582665377536216e+00
4.035432499854739952e+00 4.493000000000000327e+00 4.492999999830461277e+00 4.035430210897902548e+00
4.258347729604389009e+00 4.740000000000000213e+00 4.492948813047907386e+00 4.257369081083568929e+00
-1.040455858482156881e-01 -1.012893483737274947e-01 -4.999999978476639129e+00 -1.048997357609358222e-01
0.000000000000000000e+00 0.000000000000000000e+00 0.000000000000000000e+00 0.000000000000000000e+00
-4.999999998062897077e+00 -9.997990011264795696e-02 -9.593056795890937682e-02 -9.568004812093258704e-02
-9.433135253899586903e-02 -9.263722243271496626e-02 -9.321228394941989681e-02 -1.006020626141738428e-01
-9.420221016228563782e-02 -9.701033605135399307e-02 8.278820065940144524e-01 -8.972478998111564630e-02
-9.098873278814850751e-02 -4.999999999984309440e+00 1.974159261109174279e+00 -8.993498312751134482e-02
1.525336389192533559e+00 -7.662071627659181039e-02 2.208603528737736355e+00 2.001438965750392818e+00
2.069840808320107417e+00 -4.999999999947698726e+00 2.335909891400755889e+00 2.319807450129856452e+00
2.209114388458574663e+00 2.257643988295552351e+00 -4.999999999999872990e+00 2.469378833053426980e+00
0.000000000000000000e+00 0.000000000000000000e+00 0.000000000000000000e+00 0.000000000000000000e+00
-5.000000000000000000e+00 2.757760479837592094e+00 3.077296930567968936e+00 2.757760479837592094e+00
2.913432084039570658e+00 2.913432084039570658e+00 3.249786242703124994e+00 -5.000000000000000000e+00
3.077296930567968936e+00 3.077296930567968936e+00 3.431353939687499910e+00 3.077296930567968936e+00
3.249786242703124994e+00 3.249786242703124994e+00 3.622477831249999891e+00 -5.000000000000000000e+00
3.431353939687499910e+00 3.431353939687499910e+00 3.823660874999999848e+00 3.431353939687499910e+00
3.622477831249999891e+00 3.622477831249999891e+00 4.035432499999999756e+00 3.622477831249999891e+00
3.823660874999999848e+00 3.823660874999999848e+00 4.258350000000000080e+00 3.823660874999999848e+00
4.035432499999999756e+00 -5.000000000000000000e+00 4.493000000000000327e+00 4.035432499999999756e+00
4.258350000000000080e+00 4.740000000000000213e+00 4.740000000000000213e+00 4.258350000000000080e+00
4.492999999999999439e+00 5.000000000000000000e+00 4.740000000000000213e+00 4.492999999997639549e+00
-9.741293443878142055e-02 -1.003896374438349448e-01 -1.003968514423095731e-01 -1.042001439004199143e-01
-1.005520789757680389e-01 -9.997610810883353349e-02 -9.760914294824298010e-02 -4.999999928255465242e+00
-1.009711811452932984e-01 -9.668852969872429592e-02 -9.635037735802778891e-02 -9.602046616747041130e-02
-9.737973636779816144e-02 -9.585883279721003902e-02 -9.471128748519069829e-02 -9.598442169039422822e-02
-9.484812612273456345e-02 -9.367726703725076653e-02 -4.999999993542991739e+00 -9.277090314014525829e-02
0.000000000000000000e+00 0.000000000000000000e+00 0.000000000000000000e+00 0.000000000000000000e+00
-4.999999202838499635e+00 -7.015096864117578712e-02 -4.996355000000000324e+00 9.776279955512724440e-01
0.000000000000000000e+00 0.000000000000000000e+00 0.000000000000000000e+00 0.000000000000000000e+00
-4.999997342794999966e+00 1.949100497663400766e+00 2.552255496630136289e+00 2.316455027662748023e+00
1.415362648158764447e+00 2.453641842909632054e+00 2.757760464310244242e+00 -4.999970475499999623e+00
2.609870771824038815e+00 2.756669897849258088e+00 2.913432084039570658e+00 2.913394354029261279e+00
2.757760473799400369e+00 2.913432084039544456e+00 3.077296929534694137e+00 3.077296930567968936e+00
2.913432041286921681e+00 3.077296930561120636e+00 3.249786229068230003e+00 3.249786242703124994e+00
3.077296928608224569e+00 3.249786210957511745e+00 3.431353911730192330e+00 3.431353939687499910e+00
3.249069807386409714e+00 3.431353870124285610e+00 3.622477831249999891e+00 3.622477735237733754e+00
3.431353939661284436e+00 3.622477831122947300e+00 3.823660874999999848e+00 3.823660874936421816e+00
3.622477831249753422e+00 3.823660691457585248e+00 -4.999999928255465242e+00 4.035432499999999756e+00
0.000000000000000000e+00 0.000000000000000000e+00 0.000000000000000000e+00 0.000000000000000000e+00
-4.999999998062897077e+00 4.739906353610538581e+00 5.000000000000000000e+00 4.492998427857221699e+00
0.000000000000000000e+00 0.000000000000000000e+00 0.000000000000000000e+00 0.000000000000000000e+00
