-3.273609073821814430e+00 -3.237105863622767643e+00 -2.750311747297159215e+00 -3.182910007983474010e+00
-2.989453722863045559e+00 -2.905723338271411382e+00 -2.547950250383995918e+00 -2.784047666755506523e+00
-2.816045011370595486e+00 -2.623141394394917114e+00 -2.396470419011702546e+00 -2.668801695163835141e+00
-2.670102710149873104e+00 -2.546668280790540084e+00 -2.310616284050690084e+00 -2.494240746435597789e+00
-2.528340982301052087e+00 -2.128135101079533964e+00 -2.255053788434819850e+00 -2.329810901578279747e+00
-2.481578502194197622e+00 -1.909022973512818799e+00 -4.999929420918069134e+00 -3.103373525551230472e+00
0.000000000000000000e+00 0.000000000000000000e+00 0.000000000000000000e+00 0.000000000000000000e+00
-4.788044208623919218e+00 -1.386280696089449149e+00 -1.273040931137349174e+00 -1.501686106007591226e+00
-1.252887511627504891e+00 -1.225641199477849774e+00 -1.224587883833907043e+00 -1.226204420913930893e+00
-1.164697295346185824e+00 -1.157962264584156742e+00 -1.149301505727218231e+00 -1.178455117736687097e+00
-1.111141320308159264e+00 -1.050783334311973016e+00 -1.075171141796853025e+00 -1.085902776226042032e+00
-1.050406384141829630e+00 -1.024930439108115543e+00 -1.025413495883591652e+00 -1.029101638147692954e+00
-3.262528588694187270e+00 -3.103647014391294867e+00 -3.126055314264220453e+00 -3.284683715587446429e+00
-3.202366147176388900e+00 -3.018718841374270045e+00 -2.686338391655249236e+00 -2.965397312550299258e+00
-2.983680197996903871e+00 -3.057555956782065376e+00 -2.478356814699529398e+00 -2.855562188202160012e+00
-2.854155749784456297e+00 -2.822098209777776479e+00 -2.173938065642825102e+00 -2.589507701323355171e+00
-2.344116064458990234e+00 -2.514702450561009606e+00 -1.930799710331860375e+00 -2.397717207284396412e+00
-2.270088143590956342e+00 -2.410336987101258988e+00 -1.674594892053989481e+00 -2.330195807754847248e+00
-2.037623538584742544e+00 -1.699225052715678697e+00 -1.464291728443774643e+00 -4.999998036995362050e+00
-1.917126784403687001e+00 -1.319119947168328810e+00 -1.290980356354676228e+00 -1.506497255378480560e+00
-1.516387496308110538e+00 -1.203718723258384138e+00 -1.188508511895132180e+00 -1.262954854102809277e+00
-1.195200531719871062e+00 -1.063294835273323580e+00 -1.089866570282492564e+00 -1.193441604631982011e+00
-1.151334636466656791e+00 -8.598059428319656528e-01 -1.012619422110861978e+00 -1.109745620921250620e+00
-1.006849034957501665e+00 -9.458153964948221581e-01 -9.799918083137975078e-01 -1.007487130780884366e+00
-3.151295392085037061e+00 -2.974034041114637539e+00 -3.094654117664634274e+00 -3.228467948837826285e+00
-3.108144474231095522e+00 -2.881085504226851945e+00 -3.047581712473978577e+00 -3.144073438930048425e+00
-3.032445997497743129e+00 -2.886138524404426420e+00 -3.081638365125602963e+00 -3.013055840449011757e+00
-2.980251602648861464e+00 -3.730774530155870128e+00 -2.842856444092305424e+00 -2.614104061678252044e+00
-2.933020989510414900e+00 -4.999969618019516560e+00 -2.731889319306326946e+00 -2.149824635898016201e+00
-2.506492515141985677e+00 -4.999969618019516560e+00 -1.679012969902596186e+00 -2.087876775598132451e+00
-1.978874911270435577e+00 -2.226356951799349115e+00 -1.343642465138566999e+00 -1.704176852163355127e+00
-1.572940977197643697e+00 -1.131730014686284314e+00 -1.206594786880683445e+00 -1.467539432166313107e+00
-1.291114043447387560e+00 -1.067597003124755251e+00 -1.131749618286598702e+00 -1.218130298798461020e+00
-1.152671154845699153e+00 -9.954767370165329421e-01 -9.002504031750715452e-01 -1.151443736968026155e+00
-1.038404189155342605e+00 -6.946630124842351206e-01 -9.490472775419348528e-01 -1.049311841238747212e+00
-9.237854501240921890e-01 -8.091698006340974914e-01 -9.068701684840492216e-01 -9.429279703169570759e-01
-3.040802803135084442e+00 -2.796754493670938757e+00 -2.952420827063717113e+00 -3.147984211550515443e+00
-3.018466727024263108e+00 -2.812068104910882216e+00 -3.016299115377451656e+00 -3.056189650274909297e+00
-2.930581927279818366e+00 -2.456151714802523589e+00 -3.093973608346810789e+00 -3.046421348989903688e+00
-2.950733316427606834e+00 -4.974231123963399170e+00 -4.990016609444920093e+00 -2.889292940285775657e+00
0.000000000000000000e+00 0.000000000000000000e+00 0.000000000000000000e+00 0.000000000000000000e+00
0.000000000000000000e+00 0.000000000000000000e+00 0.000000000000000000e+00 0.000000000000000000e+00
-4.917883983658696501e+00 -1.187296279857230852e+00 -1.148726905706683787e+00 -1.397799073250037161e+00
-1.300354163718150380e+00 -1.018775542165799353e+00 -1.063186710697479720e+00 -1.244493150893801969e+00
-1.149435285701023712e+00 -9.049260815872803843e-01 -9.995354956417841219e-01 -1.165071248332149478e+00
-1.015041203458032282e+00 -8.750469228310991943e-01 -7.451864054360739509e-01 -1.040414437885594179e+00
-9.454021047569488578e-01 -5.446106919238791200e-01 -7.525787510579037276e-01 -9.729890950690751605e-01
-8.403375976535738534e-01 -5.939839722012746348e-01 -8.206527672399441808e-01 -8.734999825974255616e-01
-2.893006471710086291e+00 -2.585707692031649074e+00 -2.860680068861342296e+00 -2.995869205863015416e+00
-2.782118308630323167e+00 -2.952574691280237751e+00 -2.658850900502107262e+00 -2.999492573103172077e+00
-2.828553928161389397e+00 -1.857274997171186381e+00 -4.999990465812595097e+00 -3.017438336724268311e+00
0.000000000000000000e+00 0.000000000000000000e+00 0.000000000000000000e+00 0.000000000000000000e+00
-3.062897555000000160e+00 -1.000516862221906500e+00 -1.012058525201637860e+00 -3.970544339526754563e+00
-1.328858411669639583e+00 -7.618630312735115151e-01 -7.179073908245103830e-01 -4.392116727047153724e+00
-1.366382269962447049e+00 -1.035757928186360033e+00 -1.023323512674155111e+00 -1.571582671672089315e+00
-1.083741469316171546e+00 -9.564871134901542504e-01 -9.215342574077262094e-01 -1.107868596184272691e+00
-1.053858532846775775e+00 -7.659053197157627002e-01 -8.054340403163675610e-01 -1.024772287576189767e+00
-9.456266014145782162e-01 -5.697110950534547413e-01 -7.640087673978055438e-01 -9.132157176871806836e-01
-7.925431166351540879e-01 -3.365954196991976510e-01 -6.514465276711117747e-01 -8.118040954249555741e-01
-6.337578042260177957e-01 -4.294663304898527767e-01 -7.040969116903088576e-01 -8.126286188270102073e-01
-2.748492940545513186e+00 -2.730602567003938219e+00 -2.503824833546061335e+00 -2.908869151633623140e+00
-2.633826085589229926e+00 -4.999998956778852310e+00 -1.851269583755419834e+00 -2.703064512323352542e+00
-2.237410503789892591e+00 -2.171083554467478471e+00 -1.606858248985590487e+00 -2.585830036515202046e+00
-1.802950182458118444e+00 -1.347906609286094737e+00 -1.252729045602129609e+00 -4.979127210410353221e+00
-1.443398945198924199e+00 -1.121090398007007494e+00 -1.141116381586398720e+00 -1.779928844934017151e+00
-1.055177992812043719e+00 -1.217259422926003865e+00 -1.053138335966408601e+00 -1.110104129924146088e+00
-1.026454161805552490e+00 -1.011005928867384940e+00 -9.837419724794878029e-01 -1.208151605787796790e+00
-1.022605738118402829e+00 -9.552453229350036379e-01 -7.884131156195294254e-01 -9.751687326642424214e-01
-9.661858081682348498e-01 -7.120878238638457258e-01 -5.881060370827155825e-01 -9.281520717323036296e-01
-8.402469987088299064e-01 -4.707121832795347904e-01 -3.242046265869484856e-01 -8.312444432372464442e-01
-6.251814827051902501e-01 -1.034900134197339616e-01 -3.597655424636058141e-01 -6.630465254046183921e-01
-4.591471127624479065e-01 -2.377652495645431532e-02 -4.265249840141640547e-01 -6.545898690658632502e-01
-2.626287484145818141e+00 -2.186948255968369725e+00 -4.997462356069718226e+00 -2.690389011736649127e+00
0.000000000000000000e+00 0.000000000000000000e+00 0.000000000000000000e+00 0.000000000000000000e+00
-4.987674826475210210e+00 -1.177228830580089536e+00 -1.499225992340026403e+00 -1.955826287136943398e+00
-1.932902800917703834e+00 -1.068087538419420834e+00 -1.142756672173519394e+00 -1.766441237212350801e+00
-1.129057097023062450e+00 -1.033555259455433584e+00 -1.483000305012998732e+00 -1.067446336188971223e+00
-8.592811424771780171e-01 -4.556853094017375483e+00 -8.216422431788790171e-01 -7.973435155369333893e-01
-1.556884761619956814e+00 -1.048864265742307955e+00 -1.146464683511351224e+00 -9.490315792620946933e-01
-7.273721733594994410e-01 -4.452905054342438440e+00 -6.873924320210862415e-01 -7.889833593976728343e-01
-1.540501474217620181e+00 -1.015354782485244245e+00 -4.902090711414593960e-01 -7.919935562043104449e-01
-7.737989721684200850e-01 -4.166393671173493352e-01 -1.694126068613400482e-01 -6.965816338517263340e-01
-3.912697482760785772e-01 1.086093297856207257e-01 -1.297441109666105374e-01 -4.035514108629703056e-01
-2.683663207366813186e-01 1.696962897196740983e-01 -2.326769459414322894e-01 -5.118831574166115006e-01
-2.274226735447092196e+00 -4.887358002275304258e+00 -1.329806769459195070e+00 -2.455039135870972000e+00
-1.674090697693608520e+00 -1.144188050637269027e+00 -1.244883547308956562e+00 -4.738326183486319287e+00
-1.669833105620539992e+00 -9.781448579548313038e-01 -1.007490837728157285e+00 -2.197810796139020528e+00
-9.898284485706317914e-01 -9.378009233694798441e-01 -1.212776770533570359e+00 -1.150913846959526143e+00
-8.354360673090002187e-01 -8.412294397694859427e-01 -4.452905054342438440e+00 -8.575901578031469574e-01
0.000000000000000000e+00 0.000000000000000000e+00 0.000000000000000000e+00 0.000000000000000000e+00
-3.256607799500000233e+00 -6.132050283744727714e-01 -3.062897555000000160e+00 -5.517249614331163343e-01
0.000000000000000000e+00 0.000000000000000000e+00 0.000000000000000000e+00 0.000000000000000000e+00
-4.249526823515004104e+00 -4.178545636820082954e-01 -3.797902018371709931e-01 -6.148751465202637601e-01
-6.646796636582966711e-01 1.216888347525438285e-02 -1.789415812167317599e-01 -5.234029475281718469e-01
-2.153163856282273025e-01 3.005946449686782151e-01 9.451198683554207225e-02 -2.055124488588714327e-01
-3.683510333005095283e-02 4.395529772067551244e-01 6.346697912421514487e-02 -2.127347537126637600e-01
0.000000000000000000e+00 0.000000000000000000e+00 0.000000000000000000e+00 0.000000000000000000e+00
-4.166140915016670832e+00 -8.071438056289795826e-01 -8.175314363904533366e-01 -1.098050298896542820e+00
-9.362335540921383759e-01 -8.743637203043252981e-01 -8.861219718483208663e-01 -1.141784434660522596e+00
-9.067166326492143158e-01 -8.439999333128527237e-01 -8.563349761739000865e-01 -9.460193264221338216e-01
-7.485248723924184944e-01 -7.360324800007964630e-01 -7.477265158386843247e-01 -1.069624233763119214e+00
-5.258698103033051519e-01 -5.307418989489948169e-01 -5.377367072355699884e-01 -4.249526823515004104e+00
-1.121722741462009898e+00 -5.723596701917487151e-01 -7.612189151611492566e-01 -6.889383728216755820e-01
-3.433669127896870621e-01 -3.292997214890645008e-01 -3.328478536138430588e-01 -3.256607799500000233e+00
-4.067150363609607910e-01 -2.574399380484144184e-01 -3.108215087662931642e-01 -6.401537695587423693e-01
-4.065085278596405893e-01 1.049116424815163678e-01 5.182217031285754616e-04 -3.924510623112539287e-01
-8.476280551591168499e-02 4.557254851935113038e-01 2.997263606003738312e-01 -8.341350720320961365e-02
2.055195037181483109e-01 6.660190616231255190e-01 2.678969821240908544e-01 -1.829942827610276518e-02
-1.094361439998998486e+00 -6.279591846152702272e-01 -6.792774172749276307e-01 -4.324574141163504137e+00
-9.158623430754073702e-01 -7.698587160561924936e-01 -7.758895795538729434e-01 -9.356150300722927415e-01
-8.284926921385638021e-01 -8.054159436032118924e-01 -8.058772528523800993e-01 -8.336114451445968410e-01
-7.721364014244427310e-01 -7.534572055036978799e-01 -7.418482801845287522e-01 -8.590426957888266379e-01
-7.167402664247760624e-01 -6.568817885995709149e-01 -6.339117036553824081e-01 -7.340893899850150506e-01
-5.696802041159055863e-01 -5.068641666551468861e-01 -5.487948743464668988e-01 -7.627496625988701151e-01
-6.065524720627671895e-01 -4.578924381116727949e-01 -4.421528453937648706e-01 -6.338596538359414501e-01
-5.580973823901819175e-01 -2.618089090506091066e-01 -2.623587211507817374e-01 -5.117286265284454183e-01
-4.181832899483801658e-01 6.469296371285229719e-02 -4.895159288050818236e-02 -3.978849447232816749e-01
-1.665936409200627077e-01 2.791818682573696808e-01 4.579940391512074549e-01 -1.879924718581137966e-01
2.364403331245135687e-01 5.572950652092032442e-01 5.993903979045266395e-01 2.518347839167000557e-01
4.214976129573987929e-01 7.691228238934703088e-01 5.652154606143525717e-01 4.187188538812350314e-01
-7.566104374259458032e-01 -7.549631379633841011e-01 -7.558891625039907414e-01 -1.027317034994306821e+00
-7.924600621507610354e-01 -7.592115524915826752e-01 -7.647182508672508705e-01 -7.591629220755116148e-01
-7.542535379703542153e-01 -7.524990540901218550e-01 -7.495537194135843961e-01 -7.866667857439799683e-01
-7.121248072016131969e-01 -7.137560334262919026e-01 -6.914254367841972115e-01 -7.160471105105902234e-01
-7.151302945399519162e-01 -6.024475924741475863e-01 -5.263243927913338061e-01 -6.756423982254800009e-01
-6.191188385986007292e-01 -4.898553268719118559e-01 -3.575396518044709482e-01 -5.428254243105535837e-01
-5.379494842094082463e-01 -3.068393320577948447e-01 -1.821375741502857248e-01 -5.116441432532553568e-01
-4.552202934990225991e-01 -1.590898980417849162e-01 1.184201326524731424e-01 -4.288695988173885087e-01
-2.886439843967275598e-01 1.332378147514655664e-01 3.108537091720053325e-01 -2.101612364810594713e-01
-2.949075414708356505e-02 4.226340193584861016e-01 6.272832743558002244e-01 5.183157909731692103e-02
2.431543674047034476e-01 7.016360837718006449e-01 8.319787252055741433e-01 3.235596186012612008e-01
6.142545550305984481e-01 9.999999999999995559e-01 7.518839345184979983e-01 6.042620057677388079e-01
-7.800165739910925877e-01 -7.629572108503740457e-01 -7.706607747410189058e-01 -7.685833531357588733e-01
-7.612010542300591265e-01 -7.637370378325788467e-01 -7.485496893815636321e-01 -7.435181464339561952e-01
-7.251838573237295860e-01 -7.339000284051859779e-01 -7.194930509348654857e-01 -7.363003315131690929e-01
-6.868160246905929966e-01 -6.571412512323272503e-01 -6.421095503465135135e-01 -7.070720144807148833e-01
-6.394176523109615928e-01 -5.588995005050191311e-01 -5.343228178025478670e-01 -6.053453088404425753e-01
-5.643264749256201585e-01 -4.774658805283176766e-01 -3.489525426715842094e-01 -5.469728275266005912e-01
-4.395334165570681795e-01 -3.151424978915498554e-01 -1.115810890567317110e-01 -4.136866978416284812e-01
-3.335350994445665518e-01 -1.390324411532042059e-01 2.018380074715916683e-01 -2.559630765828752041e-01
-1.732007775639354263e-01 1.654194993640525635e-01 5.818302222947645541e-01 -1.895652735327570948e-01
9.253946911317040280e-02 4.342454668621926750e-01 8.269341493072266402e-01 2.221296911893718140e-01
4.242863776233039563e-01 7.485207519525260977e-01 9.999999999999972244e-01 3.995539638126730519e-01
0.000000000000000000e+00 0.000000000000000000e+00 0.000000000000000000e+00 0.000000000000000000e+00
