4.847752312088696863e-02 6.203016787339354909e-02 6.232129169898836807e-02 4.876379639753051359e-02
4.783874276190932390e-02 7.422211386372817854e-02 7.629790012869426541e-02 6.114952026860159123e-02
6.044840148011842301e-02 9.189643095284022456e-02 8.734165547112378303e-02 7.530573389826102082e-02
7.548606303801512485e-02 1.061547865890676845e-01 1.005384538792660487e-01 8.754397292331203562e-02
8.693421093945488676e-02 1.211433703651630112e-01 7.417889856485727906e-02 1.006939516435928356e-01
9.532997181064634118e-02 5.423655727790482883e-02 -5.000000000000000000e+00 4.088398177632867475e-02
0.000000000000000000e+00 0.000000000000000000e+00 0.000000000000000000e+00 0.000000000000000000e+00
-5.000000000000000000e+00 -1.076408036685563702e-01 -1.068046409259628543e-01 -1.097212508143631110e-01
-1.113423910695173907e-01 -1.029731392793115374e-01 -1.020290344302625524e-01 -1.060741393067121396e-01
-1.059380660114918188e-01 -1.000427600524494698e-01 -9.711152541732682997e-02 -1.011258727031808802e-01
-1.005914139637242438e-01 -9.531150214059115611e-02 -9.323227161805996976e-02 -9.716266925269675947e-02
-9.717808160859796318e-02 -9.082285303597324722e-02 -8.870170773255744989e-02 -9.272255028862468051e-02
-9.403070287504723679e-02 -8.608997278274352349e-02 -8.372590879146026011e-02 -8.849740180256415734e-02
-8.532297678677690234e-02 -6.826799034568942215e-02 -7.928360121652229531e-02 -8.271048245855422421e-02
-8.306499911601122887e-02 -7.287746425360946967e-02 -8.040738580398140711e-02 -7.797891620983106453e-02
-8.081365730935474723e-02 -7.551614139623744060e-02 -7.858117852376449164e-02 -7.854584341244510992e-02
6.192699162595124290e-02 7.590522199845058104e-02 7.603543646575809667e-02 4.843914428050074411e-02
6.187568296447976124e-02 9.191096983993163327e-02 9.118186705068298537e-02 6.213174305063919739e-02
7.585228406098597220e-02 1.080445613085458528e-01 1.000329127224985210e-01 7.574658550053310624e-02
9.198073717275735695e-02 1.144275650211547396e-01 1.229601090630186994e-01 8.901016828073966825e-02
1.062823251338683855e-01 1.325002970116362366e-01 1.400445871929221486e-01 1.002064404256333835e-01
1.153024451337724965e-01 1.585491165633942656e-01 1.083801974496425569e-01 3.196627076870033057e-02
1.175124725358931560e-01 1.336987811353801403e-01 -1.088144250210936470e-01 -5.000000000000000000e+00
4.803371369109069033e-02 -1.056303773502125926e-01 -1.053368305031475716e-01 -1.109159061971309590e-01
-1.087704572862287639e-01 -5.000000000000000000e+00 -1.005054579572506462e-01 -1.069064681680827189e-01
-1.021876083053721573e-01 -5.000000000000000000e+00 -9.539381391085612061e-02 -1.019730435691076215e-01
-9.755195180046984105e-02 -8.994497171826458526e-02 -9.174075902289573203e-02 -9.710635576217462039e-02
-9.401904655442533398e-02 -8.667585745195524605e-02 -8.609545297061732549e-02 -9.403689276881571635e-02
-9.112823700149272343e-02 -8.125283619294516868e-02 -6.701579042859262536e-02 -8.858022774746036887e-02
-8.706653820089679807e-02 -5.348812017832922650e-02 -7.372365128441671356e-02 -7.730501449229475186e-02
-6.809567184347734004e-02 -7.342253797836990892e-03 -7.441309451719112233e-02 -7.957943970737348105e-02
-7.338714414994497448e-02 -7.216900089611823221e-02 -7.390408283512843457e-02 -7.796181020084876068e-02
7.482897085609578613e-02 8.891167080165657266e-02 9.092345009591223937e-02 6.148746729934997934e-02
7.583250671931564268e-02 1.052167743238928838e-01 1.078464357663431461e-01 7.669993850088306642e-02
9.138715531586662222e-02 1.244005824510814595e-01 1.164378338760683612e-01 8.974323513144732978e-02
1.036156413135289056e-01 -5.000000000000000000e+00 1.337977511635012884e-01 1.043149189137009408e-01
1.146872890493958047e-01 1.500122689437560219e-01 1.580783730113849150e-01 1.186067862372434251e-01
1.369126466343037751e-01 1.775348457279406489e-01 1.580574850315734359e-01 1.379820682665547915e-01
-1.673135198672681678e-03 1.811052215412069510e-01 1.328235654068006533e-01 4.545286361988401524e-02
4.257292001088575778e-02 1.565022690331618616e-01 -5.000000000000000000e+00 -1.099682826839809280e-01
0.000000000000000000e+00 0.000000000000000000e+00 0.000000000000000000e+00 0.000000000000000000e+00
0.000000000000000000e+00 0.000000000000000000e+00 0.000000000000000000e+00 0.000000000000000000e+00
-5.000000000000000000e+00 -8.417758066075869960e-02 -8.437155445356142591e-02 -9.493513844181890315e-02
-8.957741762013235465e-02 -8.230586571424716724e-02 -8.083017552233701108e-02 -8.802392324015781422e-02
-8.434434813321209368e-02 -4.819573811911727346e-02 -7.513448730636643202e-02 -8.583121271578240952e-02
-6.218075228726979015e-02 -3.883388364798695536e-02 -4.469757421638301254e-02 -6.098744508812530690e-02
-5.531304131679010139e-02 2.926749433862168431e-02 -1.349963426085872345e-02 -7.302079184799566136e-02
1.476330881809477871e-02 -6.756185903143657745e-02 -6.721286336901646785e-02 -7.151759632166224123e-02
8.616040990902307239e-02 9.894458735455628762e-02 1.050389706760660735e-01 7.387519038335360611e-02
8.900512807268871895e-02 1.142950914716932276e-01 1.243258549202852503e-01 8.945514989555136687e-02
1.078532677349030716e-01 1.415622894196038595e-01 -5.000000000000000000e+00 1.072184725945062450e-01
0.000000000000000000e+00 0.000000000000000000e+00 0.000000000000000000e+00 0.000000000000000000e+00
-5.000000000000000000e+00 1.674167562650908936e-01 1.741634002306458318e-01 1.241535178283888208e-01
1.284062846782471623e-01 2.010807697792176274e-01 1.887579681086984373e-01 1.578752400430385450e-01
1.800430546247333008e-01 2.162501174470967957e-01 1.518591235404522510e-01 1.494181392924407992e-01
1.860504149199520563e-01 1.421756948361672102e-01 3.533868249524592386e-02 1.262942807886431873e-01
9.371616391830661641e-02 8.735861854513193858e-02 -8.996517604748692498e-02 -5.000000000000000000e+00
-9.507486739179736579e-02 -5.000000000000000000e+00 -8.417721162857950967e-02 -5.000000000000000000e+00
-8.987377312222953607e-02 -7.808274862901799784e-02 -8.246391888827594996e-02 -8.990010146446716921e-02
-8.417627211101243179e-02 -7.700378062061137563e-02 -7.638772137337791757e-02 -8.471112242608680454e-02
-8.186554412193638997e-02 -7.109261903234805058e-02 -3.680273465633974311e-02 -7.830661992317644593e-02
-7.633241112123421990e-02 -5.169928263658396528e-02 -2.724435129471252520e-02 -4.765331496117268528e-02
-6.215308344946598312e-02 4.675087452124630089e-02 -6.764725581248642872e-02 7.840692694312652311e-03
-2.712374461839376499e-02 -5.440606319298853244e-02 -6.806962783335659961e-02 -6.596993747890984860e-02
9.541479931685667437e-02 1.039350601680341102e-01 1.155459347838442563e-01 8.649185649814675192e-02
9.418815455555239191e-02 1.354873394770706174e-01 1.323986516326564611e-01 9.765995584807099505e-02
1.150169484205716408e-01 1.597628325827370188e-01 1.595998791517714288e-01 1.233298622306864684e-01
1.381078864685267027e-01 1.797877847501808402e-01 1.775321862824985331e-01 -5.000000000000000000e+00
1.600226297008096321e-01 2.008944859076216560e-01 2.004357130944230680e-01 1.474438559779801261e-01
1.782192201010316945e-01 2.222925414875793759e-01 2.084268319533357505e-01 1.807990385012298029e-01
1.995869712862941570e-01 2.406462705495340249e-01 2.182829140135661705e-01 1.761279674358928182e-01
1.918477079478452252e-01 2.620476748981886428e-01 1.485418017165920090e-01 1.547688991584887375e-01
2.094351318407333129e-01 1.181698342769984256e-01 -5.000000000000000000e+00 7.038795228724854802e-02
0.000000000000000000e+00 0.000000000000000000e+00 0.000000000000000000e+00 0.000000000000000000e+00
-4.999999760851549624e+00 7.133805085914889099e-02 -7.722379195523773610e-02 -8.413941651387128740e-02
-7.797120217965779199e-02 -4.999999202838499635e+00 -7.082656259824211820e-02 -8.156992547320562892e-02
-7.679174624001031124e-02 -6.455796707431049608e-02 -2.785141241189732775e-02 -7.506549011932983628e-02
-7.082788996534848669e-02 -3.427669184593507001e-02 -9.182281646998857738e-04 -4.490720816293371914e-02
-2.590711381988254625e-02 8.015396623760512318e-02 -6.186392693170543466e-02 -4.519595389064401392e-02
-4.180749244926931785e-02 -6.002025088685006976e-02 -5.350982411632886071e-02 -6.217566582561016159e-02
1.042077651855989051e-01 -5.000000000000000000e+00 1.247834018405607898e-01 9.543716265632185003e-02
1.038772099563158302e-01 1.383883346247183899e-01 1.573753549882273006e-01 1.122093600627713517e-01
1.265357293618855627e-01 1.758523940487008164e-01 1.789229173337998358e-01 1.395704890260314746e-01
1.554978448076978770e-01 1.978174229979907939e-01 2.002711506971064093e-01 1.572511186012155449e-01
1.739425581652250807e-01 2.204887038758394646e-01 2.235863420162931547e-01 1.798401122595099377e-01
1.987153893640177249e-01 2.471835245126383640e-01 2.364419868337310215e-01 2.001248284685323564e-01
2.193770041403285687e-01 2.701123590034521516e-01 2.547275875149455637e-01 2.125009055722875129e-01
2.351799299717196035e-01 2.961764913670437704e-01 2.073242017506073398e-01 2.176590825832641907e-01
2.211033676695935979e-01 3.110583365190154881e-01 -5.000000000000000000e+00 -9.010950753149242487e-02
0.000000000000000000e+00 0.000000000000000000e+00 0.000000000000000000e+00 0.000000000000000000e+00
-4.999999978476639129e+00 1.005066467831739335e-01 -4.999991142649999887e+00 3.896664793273512534e-02
0.000000000000000000e+00 0.000000000000000000e+00 0.000000000000000000e+00 0.000000000000000000e+00
-4.999999993542991739e+00 -4.252093803331067484e-02 -2.876032911464866670e-02 -4.450349958430691727e-02
-4.160919330841776620e-02 -1.484185615840746819e-02 -3.876079910339069734e-02 -4.950226979207044548e-02
-5.911768702155698052e-02 1.186527990332672533e-01 -6.477786893284703806e-02 -6.132951241337879222e-02
-6.152362935177618786e-02 -6.330376375098392683e-02 -5.936565876795120433e-02 -5.441100784428455628e-02
0.000000000000000000e+00 0.000000000000000000e+00 0.000000000000000000e+00 0.000000000000000000e+00
-5.000000000000000000e+00 1.567390282064544671e-01 1.516259472130525310e-01 1.296583126748099835e-01
1.384592136971440901e-01 1.776706309736396372e-01 1.970164342792321277e-01 1.556221766206227763e-01
1.750684888104362957e-01 1.995769304474278028e-01 2.218715175402373729e-01 1.745879576664706168e-01
1.991377041110436452e-01 2.417398035279826052e-01 2.447412652922366927e-01 2.009248879567618329e-01
2.219743592476481342e-01 2.721295553861158290e-01 2.698108156591441653e-01 2.206378422923577776e-01
2.433729287285864296e-01 2.969626851771246523e-01 2.944165568719752657e-01 2.198105189435959339e-01
2.557949454891214058e-01 3.242947091964437090e-01 2.979310500382318927e-01 2.595929742253129113e-01
2.872847975201828774e-01 3.520873310177709548e-01 1.806688044456699616e-01 2.403475921683391192e-01
2.285424042177089388e-01 3.023675643730590612e-01 1.894720475226406298e-01 -5.000000000000000000e+00
-7.442572659209359398e-02 3.144082648681179593e-01 1.040481963255443509e-01 3.833704531401202487e-02
1.024851336293234466e-01 4.264044721458857268e-01 9.145331134275763718e-02 -4.999999999947698726e+00
2.993893381350400396e-01 -5.376246053820097487e-02 1.721396311195245998e-01 -5.213854173656613800e-02
9.980762981912758014e-02 1.487255290571750516e-02 2.683595856369414001e-01 -3.072711382801297797e-02
8.844408967573141878e-02 3.872569380353470536e-01 -6.082586707550959038e-02 3.054846940017250101e-02
2.432088763817834287e-01 -5.837565147487690925e-02 -5.729613049981308742e-02 -5.938907942996948103e-02
-1.093504787185420185e-01 1.435208245906577362e-02 7.338881592255068476e-02 -5.000000000000000000e+00
3.272309451414580350e-02 1.557301310425864838e-01 1.766072953355330155e-01 1.349574571653940902e-01
1.568869937403734316e-01 2.022170799252685502e-01 1.975539350793820703e-01 1.723156029663381883e-01
1.798481823344057762e-01 2.147380559575835235e-01 2.431075530067911827e-01 1.959718603505969658e-01
2.058795166933730658e-01 2.403052878111969770e-01 2.720603114171457060e-01 2.179379249449012179e-01
2.474978926076749353e-01 2.924253998498584362e-01 2.971457821114499853e-01 2.483438162279303363e-01
2.717273404984480445e-01 3.246170335043537247e-01 3.087364959989297164e-01 2.697788522463333560e-01
2.868754841065726535e-01 3.505721708269415871e-01 3.520390819897920021e-01 2.956296198444594014e-01
3.222024014819652726e-01 3.821782912743922900e-01 3.795054152717879381e-01 3.219902461712664254e-01
3.481392360194179303e-01 4.124049616247317251e-01 4.028027179071804187e-01 2.520548724551188724e-01
3.636738178405910515e-01 4.379930802274468182e-01 4.314995699182253008e-01 1.566572772362281596e-01
3.821210445756381135e-01 4.673848489376574156e-01 4.660272808675704481e-01 3.602118336304993562e-01
4.190846840665951034e-01 5.137434336023438686e-01 3.036350575008005537e-01 1.032779937078445176e-01
3.795403697212488270e-01 4.675776711440856603e-01 2.846499495796030454e-01 8.698033929640487660e-02
3.306028968370935406e-01 5.261194290225803538e-01 2.728389476856848406e-01 1.558451199606465387e-01
3.148326967047358482e-01 -5.496940579369494900e-02 -5.828621380039478161e-02 -2.427478105625326121e-02
1.418392861429026985e-02 1.860018117659664738e-02 1.576076949990629084e-01 -1.091016352294016944e-01
8.536440949929083311e-02 1.105633572269414666e-01 1.977007049277685891e-01 1.129750651170755571e-01
1.696052773110720002e-01 -5.000000000000000000e+00 2.322011580102684991e-01 1.619861077230449475e-01
1.898206111842852817e-01 2.353009220950473823e-01 2.579603043700522402e-01 2.062176431892865092e-01
2.148762645250129333e-01 2.759718589966204672e-01 2.859302196290223752e-01 2.367291667848905878e-01
2.579869580607646040e-01 3.220726528764722985e-01 3.150451141963346302e-01 2.633658430266903050e-01
2.846148835057170090e-01 3.531281555205306177e-01 3.509994917428468919e-01 2.934022620718487184e-01
3.235500710747634123e-01 3.801690886562808513e-01 3.823796393331033161e-01 3.223676137173041578e-01
3.520871846902482449e-01 4.131335823681068220e-01 4.117635747461276807e-01 3.493972640453733014e-01
3.753899300290852725e-01 4.453763583985588248e-01 4.430053322107930236e-01 3.776997295488250250e-01
4.120795970654370644e-01 4.740691101931921447e-01 4.789969623800551246e-01 3.944041914249525327e-01
4.428539417982894633e-01 5.151604375501385169e-01 5.135029396990989925e-01 4.264557873409001720e-01
4.730877392559310057e-01 5.525512445104989734e-01 4.925932576031596954e-01 4.708178692755344841e-01
4.858709819881903424e-01 5.358087536879860835e-01 5.077381731369974283e-01 4.110924927767442560e-01
3.332510925112781575e-01 5.966879004998234537e-01 -5.417433384760913379e-02 4.403429437924727963e-01
3.605766708083877892e-01 -4.999999760851549624e+00 -5.065079123171008918e-02 -5.093185133794449898e-02
-1.038784680443366470e-01 -9.904295076177677126e-02 1.491940416974418815e-02 8.538856640550432364e-02
-1.007787281509531924e-01 -9.580672847764450106e-02 -5.000000000000000000e+00 1.369211996346577087e-01
0.000000000000000000e+00 0.000000000000000000e+00 0.000000000000000000e+00 0.000000000000000000e+00
-5.000000000000000000e+00 2.773906650357378656e-02 2.724310644046019081e-01 2.020236761735107467e-01
2.448674354200817693e-01 2.344865964284216231e-01 3.224014425058563393e-01 2.352790861476644069e-01
2.860181598364641697e-01 2.974085437595161419e-01 3.525907064724456697e-01 2.846237889263265597e-01
3.181234003372641617e-01 3.426877505645734567e-01 3.824178226869348607e-01 3.220655003248421577e-01
3.480402522824921352e-01 4.052525133152031223e-01 4.130825409136490434e-01 3.527776274276976376e-01
3.765375741457030467e-01 4.431251715824496284e-01 4.454120475425220604e-01 3.821362763257106221e-01
4.129730540754989465e-01 4.791947068450499447e-01 4.793817047969665679e-01 4.126133999345935610e-01
4.451068233680819941e-01 5.149918467001337596e-01 5.152630621237143105e-01 4.440196184195455698e-01
4.793961639690523246e-01 5.522524917292922497e-01 5.529370590450226608e-01 4.790553656626969081e-01
5.151244907883557600e-01 5.931250863219046376e-01 5.507117326843010696e-01 5.029241850760253207e-01
5.177734575969834552e-01 5.737471128109554730e-01 6.051078337602079360e-01 4.972925674575788824e-01
5.505107470421103377e-01 6.691914337229277754e-01 -4.999999999947698726e+00 5.362476383643597355e-01
0.000000000000000000e+00 0.000000000000000000e+00 0.000000000000000000e+00 0.000000000000000000e+00
-9.904503603690460733e-02 -9.436894902668438445e-02 -9.529214576139034831e-02 -2.830644187425424008e-02
-9.938620967412888085e-02 -9.086225137513224970e-02 -9.058166040496604121e-02 -1.006108293048979807e-01
-9.306090819744297638e-02 -8.543373338185573929e-02 -8.538105218898181525e-02 -4.999999999999988454e+00
-8.815775723550832443e-02 -8.067458479685127304e-02 2.096233844416864334e-01 -8.197947958300465243e-02
2.773174933655582486e-02 -6.593274052112929606e-02 1.792119605652479353e-01 2.909092668015111904e-01
2.480052413887421092e-01 9.733971315075806707e-02 3.577464020293750768e-01 3.005272395344759095e-01
3.081139976402528236e-01 3.383332340401547511e-01 4.031342966330394573e-01 3.527030178904217439e-01
3.690842311872438164e-01 3.667588983427868543e-01 4.377639851889127409e-01 3.787833862115184691e-01
4.038708229010565254e-01 4.096227081339156584e-01 4.785751948533902844e-01 4.094855770213743362e-01
4.431984529085686297e-01 4.440619592264535287e-01 5.150970769044030950e-01 4.410030176942545954e-01
4.791317530987153073e-01 5.208857364631179765e-01 5.532549901244626644e-01 4.781256637613683358e-01
5.146922602598338337e-01 5.908124532152995156e-01 5.931064560250370876e-01 5.013122460961335625e-01
5.520561011656720529e-01 6.354135474006789019e-01 6.226733071613156367e-01 5.522052228606724178e-01
5.362598002302155775e-01 6.589063837454095518e-01 6.775847739713507512e-01 5.341448850391079528e-01
5.785590217771758859e-01 7.187972996862489472e-01 7.277690149294038235e-01 5.966370953363587804e-01
6.730911054442429986e-01 7.770416779085793646e-01 7.112688675189164922e-01 -4.999999993542991739e+00
-9.436418541624767842e-02 -8.972962218657049016e-02 -9.076679378119434372e-02 -9.659338275811221730e-02
-8.801194834831398139e-02 -8.539200180880178459e-02 -8.550745837723755516e-02 -9.410680421722998623e-02
-9.084627124417812838e-02 -7.997501131463971569e-02 -7.949693063746790522e-02 -9.066531313458658925e-02
-8.515959853800353363e-02 -7.487128240156444570e-02 -6.812584284692690950e-02 -8.263397368465003057e-02
-8.050413650201189431e-02 -6.999173889093268652e-02 -5.822414697097626907e-02 1.583017945993296927e-01
-7.141588157078618271e-02 -6.433068628366515884e-02 1.143249253015928835e-01 2.647890885801383876e-01
1.631844552524842340e-01 1.049090876416136353e-01 3.748491751018004914e-01 3.470313988775914904e-01
3.326983159911448551e-01 2.501763718262655090e-01 4.098574144924317375e-01 3.777974804047735113e-01
3.770078585098007862e-01 -4.999999999995292654e+00 3.806915229223534758e-01 4.422939224543596115e-01
3.880417721444694434e-01 3.457004601097472540e-01 5.014141651934285182e-01 4.785292137035997984e-01
4.522682710872663603e-01 4.896645017920755460e-01 5.724542017500513502e-01 5.147237547632016463e-01
4.898730731510222425e-01 4.444507116599670238e-01 6.348952165865773267e-01 5.043197767458699188e-01
5.910657916768327080e-01 6.800068137275584457e-01 6.795161200166629500e-01 5.815041837618128984e-01
6.348986733485304512e-01 7.201135679268025891e-01 7.273513045372707042e-01 6.044175560097775346e-01
6.754093333382934494e-01 7.746056289339151579e-01 7.770174984387595574e-01 6.692023456595198594e-01
7.267907569993065087e-01 8.287617609374352545e-01 7.770815159178716680e-01 7.263173970061046480e-01
-8.943511204393056468e-02 -8.489276583279162236e-02 -8.519897610226177809e-02 -9.461731598954310762e-02
-9.029742447941953298e-02 -7.991930623233739484e-02 -7.937732250164358794e-02 -9.057207207689045581e-02
-8.528882364311649034e-02 -7.534838385216069412e-02 -7.367361455618506860e-02 -8.535495601596707060e-02
-7.900628669639712942e-02 -6.939556906193782015e-02 -7.014217447919554593e-02 -7.692752639327293807e-02
-7.487565883015175061e-02 -6.434984859421030712e-02 -6.423150534240387732e-02 -7.116870610130232588e-02
-7.036893690320575323e-02 -5.749528602947293066e-02 9.439937471739359709e-02 -6.904372166072292316e-02
-6.430579044676484890e-02 -5.045179139355388670e-02 9.621917486128692132e-02 2.982865520544930593e-01
1.398884026847242723e-01 -4.258492284477678053e-02 -4.999999999999961808e+00 3.167528450629558678e-01
0.000000000000000000e+00 0.000000000000000000e+00 0.000000000000000000e+00 0.000000000000000000e+00
-4.999999999418869301e+00 1.403170188131961371e-01 4.268825300213812679e-01 3.749762384477132726e-01
2.664581195915677880e-01 3.908825327591927690e-01 5.362026779230794071e-01 5.192729384638702372e-01
3.655757871258670244e-01 -4.999999202838499635e+00 6.616910513485252388e-01 3.063278655659954497e-01
2.445710664262285006e-01 5.074376636517377026e-01 7.279563331828927675e-01 6.256737364748371499e-01
6.804004171453241767e-01 6.723287700158265823e-01 7.769066067081236149e-01 6.764676047786105650e-01
7.199282505786495090e-01 7.962158155226368716e-01 8.287325998681618344e-01 7.150819749927892488e-01
7.771693126972908372e-01 8.829432653259687847e-01 8.287357816210528805e-01 7.772852867890248652e-01
-8.479074113774030808e-02 -7.958912476315753437e-02 -7.963521864623522573e-02 -8.833775376261654433e-02
-8.444697662078380629e-02 -7.371385062831967150e-02 -7.487230767323642400e-02 -8.472946316023559354e-02
-7.976131688154586286e-02 -4.999999999825661234e+00 -6.885349457793385475e-02 -7.917849984214582471e-02
-7.330551377689895065e-02 -6.361238377582943693e-02 -6.392719853909134553e-02 -7.324224672072010556e-02
-6.888149695885233126e-02 -6.005507231258040007e-02 -5.728034331635972753e-02 -7.063086224530167045e-02
-6.364168556448494829e-02 -5.225981978962410124e-02 -5.034032939359177339e-02 -6.394679515781996615e-02
-5.710856984048197360e-02 -5.060080295157884378e-02 -9.090736454040689030e-03 1.050236651873209526e-01
-2.797420417582302532e-02 -4.507860672946339964e-02 -3.430268180818427798e-02 2.084606891763731706e-01
-9.038439905321847545e-03 -4.999991142649999887e+00 1.791676356242664081e-01 -4.999991142649999887e+00
-2.329250939986282631e-02 -2.979216075269102218e-02 3.264708792899953527e-01 2.804602560791331634e-01
2.384805045291160108e-01 1.396943731980670178e-01 -4.999901584999999926e+00 4.493044437358595378e-01
0.000000000000000000e+00 0.000000000000000000e+00 0.000000000000000000e+00 0.000000000000000000e+00
-4.549999999999999822e+00 2.160500553114056560e-02 6.452527178634785976e-01 -1.515149999999999830e-02
3.679222010177685132e-01 3.399956792531331762e-01 5.186543890783681388e-01 7.276747125378690839e-01
-1.759695000000000009e-02 -4.865000000000000213e+00 8.749026785665707795e-01 7.005308378736728736e-01
7.335052782746893651e-01 9.399826085408659049e-01 8.798894510176318295e-01 8.216947736457075324e-01
-7.908310861973005812e-02 -7.345815282885623243e-02 -7.619141439441787234e-02 -8.483311981847577177e-02
-7.329322622508770146e-02 -7.082222008739172403e-02 -4.999999978476639129e+00 -7.805967877762005902e-02
0.000000000000000000e+00 0.000000000000000000e+00 0.000000000000000000e+00 0.000000000000000000e+00
-4.999999928255465242e+00 -5.646297936341101997e-02 -6.198784999291738484e-02 -6.932205345648057015e-02
-6.315658842519242255e-02 -5.764955513053900832e-02 -5.506836019972770335e-02 -6.375753097955767779e-02
-5.946619298456935765e-02 -5.108949869223537721e-02 -4.998780357351463588e-02 -5.656818747682683390e-02
-5.498764007203837262e-02 -4.380485498877408068e-02 -2.600727783763568529e-02 -5.016614283738655977e-02
-4.871711989343822241e-02 -3.705313982482450613e-02 -4.999997342794999966e+00 9.600806762462173183e-04
0.000000000000000000e+00 0.000000000000000000e+00 0.000000000000000000e+00 0.000000000000000000e+00
-4.998906500000000364e+00 -3.431339807297499600e-02 -2.082377628637365613e-02 1.025109764821226233e-01
-3.007744187280000231e-02 -4.959500000000000242e+00 -2.309628474999999778e-02 2.302183453410218128e-01
-1.801590000000000136e-02 -1.895063100000000250e-02 -1.759695000000000009e-02 -4.549999999999999822e+00
-2.181019749999999618e-02 -9.100000000000000450e-03 3.625164538209603160e-01 -2.073284499999999975e-02
-1.375499999999999813e-02 -1.457399999999999841e-02 -4.987849999999999895e+00 5.326238243690349927e-01
0.000000000000000000e+00 0.000000000000000000e+00 0.000000000000000000e+00 0.000000000000000000e+00
-4.999997342794999966e+00 9.999982285299999774e-01 9.389750588049999847e-01 8.753434837206188757e-01
-7.362403095823179255e-02 -7.374584125174522831e-02 -6.982566782574162190e-02 -7.632525727522244952e-02
-7.475108329482633984e-02 -6.711080015884701711e-02 -6.569885357531836390e-02 -7.344472091293315075e-02
-6.708589919058419171e-02 -6.544004468856784440e-02 -5.930578555671106589e-02 -4.999999999825661234e+00
-6.512523891460297865e-02 -6.061846049174521994e-02 -5.514988284530595447e-02 -6.261942733186164067e-02
-6.156105318488974687e-02 -5.500670065072867099e-02 -5.203187013008168244e-02 -6.036812862926795031e-02
-5.854507244040647179e-02 -5.233984820185214049e-02 -4.459151896959739209e-02 -4.767115119342180130e-02
-4.276641856853558021e-02 -4.449595619136124253e-02 -3.738556414714984399e-02 -5.049831594835185733e-02
-4.502231545816366698e-02 -3.514467067576220599e-02 -2.908021337227071484e-02 -4.388921168489230695e-02
-3.624924311995755821e-02 -3.472879989715442484e-02 -3.590888455410909397e-02 -4.865000000000000213e+00
-3.618528181328952570e-02 -2.992758457499999566e-02 -4.549999999999999822e+00 -2.964206818030270391e-02
0.000000000000000000e+00 0.000000000000000000e+00 0.000000000000000000e+00 0.000000000000000000e+00
-4.549999999999999822e+00 -1.578150000000000039e-02 -1.464770999999999782e-02 -1.165499999999999869e-02
-1.893192000000000139e-02 -1.717799999999999883e-02 -1.801590000000000136e-02 -9.100000000000000450e-03
-9.730000000000000801e-03 -1.375499999999999813e-02 -9.730000000000000801e-03 -1.738589999999999927e-02
-1.515150000000000004e-02 -9.100000000000000450e-03 6.999999999999999556e-01 0.000000000000000000e+00
0.000000000000000000e+00 0.000000000000000000e+00 0.000000000000000000e+00 0.000000000000000000e+00
