-4.151533580562578152e+00 -3.799881891311868376e+00 -4.132333313888782556e+00 -4.190365118994783700e+00
-4.055785264853334127e+00 -4.999999843418102330e+00 -3.486750537901965874e+00 -3.745343564777183776e+00
-3.935329948395319466e+00 -2.998076360990338696e+00 -3.440747679728582753e+00 -3.362922940895128665e+00
-3.196106728790454987e+00 -4.983093040432386545e+00 -3.651969112518176797e+00 -3.426745574247020976e+00
-4.125530500654661203e+00 -3.582269128220733734e+00 -4.999999595834752952e+00 -4.092641302561104588e+00
0.000000000000000000e+00 0.000000000000000000e+00 0.000000000000000000e+00 0.000000000000000000e+00
-4.809239787761526941e+00 -1.094019094541317516e+00 -4.788044208623919218e+00 -2.962420969539060867e+00
0.000000000000000000e+00 0.000000000000000000e+00 0.000000000000000000e+00 0.000000000000000000e+00
-3.111947632346663273e+00 -4.992722108285346572e+00 -2.698345842438106601e+00 -3.837564655190532914e+00
-2.962724574844023628e+00 -1.436820707279784948e+00 -1.488035101692488649e+00 -4.788044208623919218e+00
-2.272263994554172939e+00 -4.326279303107386509e-01 -4.601167784615637579e+00 -1.940227505193977908e+00
0.000000000000000000e+00 0.000000000000000000e+00 0.000000000000000000e+00 0.000000000000000000e+00
0.000000000000000000e+00 0.000000000000000000e+00 0.000000000000000000e+00 0.000000000000000000e+00
-4.556853094017375483e+00 -9.777815190657317412e-01 -7.732559226709082578e-01 -1.001461560870686718e+00
-1.473692126650303580e+00 -1.258812600711639307e-01 9.418502629969599527e-01 -2.177183106731145568e+00
0.000000000000000000e+00 0.000000000000000000e+00 0.000000000000000000e+00 0.000000000000000000e+00
