5.404578550011489568e-01 5.794293210538410399e-01 5.794293210538410399e-01 5.404578550011489568e-01
5.404578550011489568e-01 6.204519168987800981e-01 6.204519168987800981e-01 5.794293210538410399e-01
5.794293210538410399e-01 6.636335967355579957e-01 6.636335967355579957e-01 6.204519168987800981e-01
6.204519168987800981e-01 7.090879965637453264e-01 7.090879965637453264e-01 6.636335967355579957e-01
6.616476042140940761e-01 7.569347332249951599e-01 7.569345131437964502e-01 7.090835064912651697e-01
7.020367244920985295e-01 8.072997190481970842e-01 -5.000000000000000000e+00 7.141164040891739839e-01
0.000000000000000000e+00 0.000000000000000000e+00 0.000000000000000000e+00 0.000000000000000000e+00
-5.000000000000000000e+00 9.015636917375720039e-01 4.668985792523671075e-01 4.694961751270860795e-01
7.051781583749120452e-01 6.171976617629462147e-01 -1.367513085919038751e-01 6.346715761245889098e-01
-1.395203189105294894e-01 -1.346331671655447149e-01 -1.336099023005622721e-01 -1.352429156823066747e-01
-1.364200404200640593e-01 -1.308146721649060540e-01 -1.303719371792237958e-01 -1.323395187471820833e-01
-1.331300890664462167e-01 -1.283270714949482083e-01 -1.267894526818544865e-01 -1.299602295812052055e-01
-1.295671249423928917e-01 -1.238649718610269623e-01 -1.239422616145424150e-01 -1.257085687685471909e-01
-1.256311224229498813e-01 -1.208634805808388307e-01 -1.202358733691250708e-01 -1.218203444435974059e-01
-1.202886121778590361e-01 -1.164790598259823895e-01 -1.168670776158617780e-01 -1.191589240426818436e-01
-1.168761836356144723e-01 -1.133556272010527305e-01 -1.129490328241974095e-01 -1.153143267995101889e-01
-1.144229938672669672e-01 -1.085990851933680001e-01 -1.104119284546967311e-01 -1.116601788721314908e-01
-1.128629935515504668e-01 -1.062441333891468165e-01 -1.084758406085292171e-01 -1.076632298032487722e-01
-1.085390923220585502e-01 -1.077298522420382376e-01 -1.099743619467985906e-01 -1.072798488619896018e-01
-1.100269483715997365e-01 -1.070998021957278445e-01 -1.069049678404272036e-01 -1.071195682333094396e-01
5.794293210538410399e-01 -5.000000000000000000e+00 6.204519168987800981e-01 5.404578550011489568e-01
5.794293210538410399e-01 -5.000000000000000000e+00 6.636335967355579957e-01 5.794293210538410399e-01
6.204519168987800981e-01 7.090879965637453264e-01 7.090879965637453264e-01 6.204519168987800981e-01
6.636335967355579957e-01 7.569347332249951599e-01 7.569347332249951599e-01 6.636335967355579957e-01
7.090879965637453264e-01 8.072997191842055109e-01 8.072997191842055109e-01 7.090879965636358584e-01
7.569345616407869848e-01 8.603154938781111261e-01 8.603114438019460186e-01 7.569177851995136930e-01
8.072996388032843695e-01 9.161215723385766063e-01 9.135283723326499405e-01 -5.000000000000000000e+00
8.046842136909251320e-01 9.748581657625730035e-01 7.555799203363520178e-01 5.284568122914224952e-01
5.990355741348345475e-01 1.003875844970675058e+00 -1.351683858590978504e-01 6.595151438347908179e-01
5.696490032942078674e-01 -1.325041531849129040e-01 -1.318216757076716150e-01 -1.363336910455243411e-01
-1.346470503147223496e-01 3.359711606068976897e-01 -1.282644805655793474e-01 -1.330552694549499426e-01
-1.302418160579998929e-01 -5.000000000000000000e+00 -1.246880085200569171e-01 -1.301406020907809324e-01
-1.251263730242699601e-01 -1.210853158842162131e-01 -1.208568804573208200e-01 -1.266537826026500890e-01
-1.233850722352429347e-01 -1.171104084126426137e-01 -1.173591285141259710e-01 -1.230991840313917091e-01
-1.206099148708634217e-01 -1.134599412255043183e-01 -1.138108600914982949e-01 -1.199227215269085961e-01
-1.154079686638699587e-01 -1.107987937578581716e-01 -1.103744754053794797e-01 -1.150410354295035159e-01
-1.080792218590985038e-01 -1.086970943999911593e-01 -1.068378193621078165e-01 -1.104732659840292897e-01
-1.110914899766009128e-01 -1.059878809056368776e-01 -1.060650551776423645e-01 -1.087687055603344249e-01
-1.058191833358499423e-01 -1.044273356972146294e-01 -1.059599418769305301e-01 -1.099225314683876797e-01
-1.069677902378748102e-01 -1.028379281334271950e-01 -1.042777200695673562e-01 -1.079469160901670860e-01
0.000000000000000000e+00 0.000000000000000000e+00 0.000000000000000000e+00 0.000000000000000000e+00
0.000000000000000000e+00 0.000000000000000000e+00 0.000000000000000000e+00 0.000000000000000000e+00
-5.000000000000000000e+00 7.569347332249951599e-01 7.569347332249951599e-01 6.636335967355579957e-01
7.090879965637453264e-01 8.072997191842055109e-01 8.072997191842055109e-01 7.090879965637453264e-01
7.569347332249951599e-01 8.603154938781111261e-01 8.603154938781111261e-01 7.569347332249951599e-01
8.072997191842055109e-01 9.161215725032749724e-01 9.161215725032749724e-01 8.072997191838773290e-01
8.603154938781082395e-01 9.748648131613421031e-01 9.748648131611876710e-01 8.603154919361627462e-01
9.158753094951057605e-01 1.036699803327722602e+00 1.036227977709851977e+00 9.153987251006726611e-01
9.658458895913072384e-01 1.101718012224427001e+00 2.841725718503549381e-01 8.299048290493692415e-01
-1.342539916302334657e-01 4.976962035234899773e-01 3.358846311313871125e-01 -1.347359571730528116e-01
-1.323717743514012946e-01 8.727543357610441088e-01 -5.000000000000000000e+00 -1.300624275297581900e-01
0.000000000000000000e+00 0.000000000000000000e+00 0.000000000000000000e+00 0.000000000000000000e+00
-5.000000000000000000e+00 -1.174274583653809323e-01 -1.172087184578121111e-01 -1.207182996953295034e-01
-1.196072765822407541e-01 -5.000000000000000000e+00 -1.129047009237225396e-01 -1.190876195955400674e-01
-1.134134688565230781e-01 -1.098671268281785768e-01 -1.097895751802489689e-01 -1.164304675577157583e-01
-1.097037379500074433e-01 -1.068050671191140139e-01 -1.090486146469544781e-01 -1.122151424377025308e-01
-1.054489600205359423e-01 -1.053289802157226090e-01 -1.074855359564460544e-01 -1.078586977351454618e-01
-1.066920744001460947e-01 -1.034313553106702283e-01 -1.048760487866922386e-01 -1.066250578621119882e-01
-1.052795384863691452e-01 -1.023069440270783365e-01 -1.033347455393766878e-01 -1.063461254377088966e-01
-1.038606191836411868e-01 -9.995533158675577734e-02 -1.045161203960641022e-01 -1.047014875972289705e-01
6.636287243863038254e-01 7.069058707130507768e-01 7.090879965637453264e-01 -5.000000000000000000e+00
6.636335967355579957e-01 7.569347332249951599e-01 7.569347332249951599e-01 -5.000000000000000000e+00
7.090879965637453264e-01 8.072997191842055109e-01 8.072997191842055109e-01 7.090879965637453264e-01
7.569347332249951599e-01 8.603154938781111261e-01 8.603154938781111261e-01 7.569347332249951599e-01
8.072997191842055109e-01 9.161215725032749724e-01 9.161215725032749724e-01 8.072997191842055109e-01
8.603154938781111261e-01 9.748648131613421031e-01 9.748648131613421031e-01 8.603154938781111261e-01
9.161215725032749724e-01 1.036699803327728597e+00 1.036699803327728597e+00 9.161215725032745283e-01
9.748648129852625077e-01 1.101789266660766931e+00 1.101766771861071970e+00 9.748600890352515647e-01
1.033855598227128025e+00 1.170304241511829879e+00 7.095881287374936619e-01 9.301580208974963293e-01
-1.303545069723218430e-01 -5.000000000000000000e+00 8.928441488963198003e-01 -1.315775663836865061e-01
2.851024623386331780e-01 1.221669460474431146e+00 3.624313011318249234e-01 -1.289286320157811139e-01
8.309405649530733351e-01 -5.000000000000000000e+00 -1.186518082105540856e-01 -5.000000000000000000e+00
-1.217770074678479614e-01 -1.146765816639583879e-01 -5.000000000000000000e+00 -1.174291710099429342e-01
0.000000000000000000e+00 0.000000000000000000e+00 0.000000000000000000e+00 0.000000000000000000e+00
-4.999999999984309440e+00 -1.066865024358343850e-01 -1.068391578309271506e-01 -1.105428107227096196e-01
-1.034360543860553400e-01 -1.028518484129188892e-01 -1.045411383311570380e-01 -1.040754908313591687e-01
-1.035401596930170809e-01 -4.999999999995292654e+00 -1.035406529228579120e-01 -1.067659752578396098e-01
-1.005877091500232412e-01 -1.015742705146935598e-01 -1.008295131328379585e-01 -1.011618044868984739e-01
-1.042419284494785214e-01 -9.854214740213962376e-02 -9.933985763008963688e-02 -1.002209518694522489e-01
-9.958623834126455188e-02 -9.647097510657114128e-02 -9.595054171881750582e-02 -1.041024846369521528e-01
7.090879677399938297e-01 7.569342518758599425e-01 7.569347332249951599e-01 6.636333761329363812e-01
7.090879965637453264e-01 8.072997191842055109e-01 8.072997191842055109e-01 7.090879965637453264e-01
7.569347332249951599e-01 8.603154938781111261e-01 8.603154938781111261e-01 7.569347332249951599e-01
8.072997191842055109e-01 9.161215725032749724e-01 9.161215725032749724e-01 8.072997191842055109e-01
8.603154938781111261e-01 9.748648131613421031e-01 9.748648131613421031e-01 8.603154938781111261e-01
9.161215725032749724e-01 1.036699803327728597e+00 1.036699803327728597e+00 9.161215725032749724e-01
9.748648131613421031e-01 1.101789266660766931e+00 1.101789266660766931e+00 9.748648131613421031e-01
1.036699803315145552e+00 1.170304491221860088e+00 1.170304210310374238e+00 1.036699721642401650e+00
1.101779611597300423e+00 1.242425780230741683e+00 -5.000000000000000000e+00 1.097647069612899262e+00
0.000000000000000000e+00 0.000000000000000000e+00 0.000000000000000000e+00 0.000000000000000000e+00
-5.000000000000000000e+00 1.367635316755573704e+00 -5.000000000000000000e+00 6.083711810849272705e-01
0.000000000000000000e+00 0.000000000000000000e+00 0.000000000000000000e+00 0.000000000000000000e+00
-5.000000000000000000e+00 -1.104537483664277397e-01 -1.102630921420036519e-01 -1.168433470992693984e-01
-1.140390602746493842e-01 -1.059716047628754404e-01 -1.071406569490915561e-01 -4.999999999995292654e+00
-1.095226703234459253e-01 -1.038257730425495989e-01 -1.037178635284209949e-01 -1.101115962036934431e-01
-1.058068818656874716e-01 -9.963649482428241222e-02 -4.999999999995292654e+00 -1.033860554504996143e-01
0.000000000000000000e+00 0.000000000000000000e+00 0.000000000000000000e+00 0.000000000000000000e+00
-4.999999999999872990e+00 -9.761953561305580784e-02 -9.763401409912610129e-02 -9.882074268245796822e-02
-1.014326132887129056e-01 -9.327528919743102720e-02 -9.661410725085892159e-02 -1.026517715318900487e-01
-9.659569069088658200e-02 -9.192080365621956017e-02 -9.395896601073758236e-02 -9.943125349710163485e-02
7.569169423059169954e-01 8.072997191842055109e-01 8.072997190603907747e-01 7.090875372733108639e-01
7.569347332249951599e-01 8.603154938781111261e-01 8.603154938781111261e-01 7.569347332249951599e-01
8.072997191842055109e-01 9.161215725032749724e-01 9.161215725032749724e-01 8.072997191842055109e-01
8.603154938781111261e-01 9.748648131613421031e-01 9.748648131613421031e-01 8.603154938781111261e-01
9.161215725032749724e-01 1.036699803327728597e+00 1.036699803327728597e+00 9.161215725032749724e-01
9.748648131613421031e-01 1.101789266660766931e+00 1.101789266660766931e+00 9.748648131613421031e-01
1.036699803327728597e+00 1.170304491221860088e+00 1.170304491221860088e+00 1.036699803327728597e+00
1.101789266660766931e+00 1.242425780233537003e+00 1.242425780233537003e+00 1.101789266660766931e+00
1.170304471983610650e+00 1.318342926561618000e+00 1.318339356409388374e+00 1.170304453505580211e+00
1.233796909240637563e+00 1.398255662343172112e+00 1.361066390946319205e+00 -5.000000000000000000e+00
1.075399834147150901e+00 1.482069851920615466e+00 8.479546410419679381e-01 1.171786931767968110e+00
1.377637396068445819e+00 7.477560478071377803e-01 1.364494157647127448e+00 -5.000000000000000000e+00
8.753639021759231920e-01 1.662382827611052161e+00 -1.060336198956550596e-01 -1.141585818218085746e-01
1.054004429869248582e+00 -1.011962779372643922e-01 -1.030992100460068617e-01 -1.093014533167751406e-01
-1.058842152906371153e-01 1.558618666525899421e+00 7.859257864978863584e-01 -1.051424499430677617e-01
1.216733764771895654e+00 -9.768042763002164619e-02 -9.888854666495890122e-02 -1.020209303494175462e-01
-1.002324493342369033e-01 -9.434849442463467961e-02 -9.538601129940536827e-02 -4.999997342794999966e+00
-9.707842526760837587e-02 -9.365727256914395393e-02 -9.342188473140597416e-02 -9.609714774986777286e-02
-9.583494341681823847e-02 -8.947898027243389452e-02 -9.110760367412784611e-02 -9.450761776846787476e-02
-9.214070458171302880e-02 -8.958476702076004217e-02 -9.189133810142978420e-02 -9.523189929739676873e-02
8.072997191842026243e-01 8.603153856101579677e-01 8.603154938781111261e-01 7.569347332243908655e-01
8.072997191842055109e-01 9.161215725032749724e-01 9.161215725032749724e-01 8.072997191842055109e-01
8.603154938781111261e-01 9.748648131613421031e-01 9.748648131613421031e-01 8.603154938781111261e-01
9.161215725032749724e-01 1.036699803327728597e+00 1.036699803327728597e+00 9.161215725032749724e-01
9.748648131613421031e-01 1.101789266660766931e+00 1.101789266660766931e+00 9.748648131613421031e-01
1.036699803327728597e+00 1.170304491221860088e+00 1.170304491221860088e+00 1.036699803327728597e+00
1.101789266660766931e+00 -5.000000000000000000e+00 1.242425780233537003e+00 1.101789266660766931e+00
1.170304491221860088e+00 1.318342926561618000e+00 1.318342926561618000e+00 1.170304491221860088e+00
1.242425780233537003e+00 1.398255712170124232e+00 1.398255712170111575e+00 1.242425780233536781e+00
1.318342222664984797e+00 1.482374433863288710e+00 1.482048890991498169e+00 1.318284503043255729e+00
1.398156223254327868e+00 1.570920456698051915e+00 1.390723300432657572e+00 8.099699906404665972e-01
1.003939154741617212e+00 1.664095298831729242e+00 1.661878562614279797e+00 1.238453642681152767e+00
1.488054617258423251e+00 1.762238726887926488e+00 1.759888096527367329e+00 1.527457597891211272e+00
1.659193822789250872e+00 1.865514449384746865e+00 1.396173687943397912e+00 -1.060296969015515067e-01
1.760063642733110667e+00 1.307926949401009731e+00 -9.904221901048256005e-02 8.690901400219890327e-01
-9.904640348903254177e-02 1.096954256395141325e+00 -9.521923787234715109e-02 -1.019348909248309482e-01
-9.770712028299231855e-02 -9.003625960972350128e-02 -9.451625242969793894e-02 -9.485709799321125069e-02
-9.345011565339776671e-02 6.843278400894385882e-01 -9.427472740675225948e-02 -9.631246892851993979e-02
-9.454885046306880925e-02 -9.201133456640245289e-02 -9.050836468230295806e-02 -9.059626925413230558e-02
-9.336579174018211358e-02 -4.999999760851549624e+00 -8.525228196834942762e-02 -9.084986330729885595e-02
8.601472397269811498e-01 9.161209976626503160e-01 9.161215725032749724e-01 8.072997114467320712e-01
8.603154938781111261e-01 9.748648131613421031e-01 9.748648131613421031e-01 8.603154938781111261e-01
9.161215725032749724e-01 1.036699803327728597e+00 1.036699803327728597e+00 9.161215725032749724e-01
9.748648131613421031e-01 1.101789266660766931e+00 1.101789266660766931e+00 9.748648131613421031e-01
1.036699803327728597e+00 1.170304491221860088e+00 1.170304491221860088e+00 1.036699803327728597e+00
1.101789266660766931e+00 1.242425780233537003e+00 -5.000000000000000000e+00 1.101789266660766931e+00
0.000000000000000000e+00 0.000000000000000000e+00 0.000000000000000000e+00 0.000000000000000000e+00
-5.000000000000000000e+00 1.398255712170124232e+00 1.398255712170124232e+00 1.242425780233537003e+00
1.318342926561618000e+00 1.482374433863288710e+00 1.482374433863288710e+00 1.318342926561618000e+00
1.398255712169671483e+00 1.570920456683963629e+00 1.570920456698198686e+00 1.398255712170096476e+00
1.482374433863285601e+00 1.664126796524419749e+00 1.664126796523194285e+00 1.482374433772168265e+00
1.570920411071987433e+00 1.762238733183599804e+00 1.762238436175974421e+00 1.570818727635904688e+00
1.664126788154702385e+00 1.865514455982736797e+00 1.865514446499882073e+00 1.664115292674578805e+00
1.762012309640536012e+00 1.974225743139722988e+00 1.972358475893206231e+00 1.762237158997297160e+00
1.276397098097780569e+00 2.088658640778459308e+00 1.868402595559367274e+00 1.539848697819315770e+00
1.352754351963460611e+00 2.205010488517888945e+00 1.949247627621952805e-01 -9.915566138566356269e-02
-9.371424952940723974e-02 9.254720119399086897e-01 -9.071391907508066788e-02 -9.246190729165131017e-02
-8.925873718426657888e-02 1.622546621446886217e+00 -9.264080113561493079e-02 -9.307725091377107296e-02
-9.068170759194327246e-02 -8.966805730434537769e-02 -4.999999202838499635e+00 -9.411335661718389645e-02
0.000000000000000000e+00 0.000000000000000000e+00 0.000000000000000000e+00 0.000000000000000000e+00
5.995905515251458429e-01 9.748648131613386614e-01 9.748642227059447496e-01 8.578803214853696346e-01
9.161215725029124846e-01 1.036699803327728597e+00 1.036699803327728597e+00 9.161215725032749724e-01
9.748648131613421031e-01 1.101789266660766931e+00 1.101789266660766931e+00 9.748648131613421031e-01
1.036699803327728597e+00 1.170304491221860088e+00 1.170304491221860088e+00 1.036699803327728597e+00
1.101789266660766931e+00 1.242425780233537003e+00 1.242425780233537003e+00 1.101789266660766931e+00
1.170304491221860088e+00 1.318342926561618000e+00 1.318342926561618000e+00 1.170304491221860088e+00
1.242425780233537003e+00 1.398255712170124232e+00 1.398255712170124232e+00 -5.000000000000000000e+00
1.318342926561618000e+00 1.482374433863288710e+00 1.482374433863288710e+00 1.318342926561618000e+00
1.398255712170124232e+00 1.570920456698198686e+00 1.570920456698198686e+00 1.398255712170124232e+00
1.482374433863288710e+00 1.664126796524419749e+00 1.664126796524419749e+00 1.482374433863288710e+00
1.570920456698198686e+00 1.762238733183599804e+00 1.762238733183599804e+00 1.570920456698198686e+00
1.664126796524419749e+00 1.865514455982736797e+00 1.865514455982736797e+00 1.664126796524419749e+00
1.762238733183599804e+00 1.974225743139722988e+00 1.974225743139722988e+00 1.762238733183599804e+00
1.865514455982736797e+00 2.088658676989182172e+00 2.088658676989182172e+00 1.865514455982736797e+00
1.974225740198687795e+00 2.209114396830718086e+00 2.209114392430732821e+00 1.974224636118241838e+00
2.088592623273882065e+00 2.335909891374347680e+00 2.085463376008589442e+00 2.044261444240663028e+00
1.883643590981360472e+00 2.209113434355292060e+00 1.778639002260035573e+00 1.960447825870871852e-01
2.077313953520454337e+00 4.430188471648851545e-01 8.538663273056752434e-01 -9.117813832385100736e-02
1.468874708927079276e+00 -8.502284091310002845e-02 -8.617835523995986957e-02 -8.816529086984735419e-02
7.719570218340635614e-01 -8.530393151056243906e-02 -8.266120112996652725e-02 -4.999999928255465242e+00
9.735019134853608591e-01 -5.000000000000000000e+00 1.036699803327728597e+00 9.161134985294701050e-01
9.748648131613415480e-01 1.101789266660766931e+00 1.101789266660766931e+00 9.748648127304719857e-01
1.036699803327728597e+00 1.170304491221860088e+00 1.170304491221860088e+00 1.036699803327728597e+00
1.101789266660766931e+00 1.242425780233537003e+00 1.242425780233537003e+00 1.101789266660766931e+00
1.170304491221860088e+00 1.318342926561618000e+00 1.318342926561618000e+00 1.170304491221860088e+00
1.242425780233537003e+00 1.398255712170124232e+00 1.398255712170124232e+00 1.242425780233537003e+00
1.318342926561618000e+00 1.482374433863288710e+00 1.482374433863288710e+00 1.318342926561618000e+00
1.398255712170124232e+00 1.570920456698198686e+00 1.570920456698198686e+00 1.398255712170124232e+00
1.482374433863288710e+00 1.664126796524419749e+00 1.664126796524419749e+00 1.482374433863288710e+00
1.570920456698198686e+00 1.762238733183599804e+00 1.762238733183599804e+00 1.570920456698198686e+00
1.664126796524419749e+00 1.865514455982736797e+00 1.865514455982736797e+00 1.664126796524419749e+00
1.762238733183599804e+00 1.974225743139722988e+00 1.974225743139722988e+00 1.762238733183599804e+00
1.865514455982736797e+00 2.088658676989182172e+00 2.088658676989182172e+00 1.865514455982736797e+00
1.974225743139722988e+00 2.209114396830718086e+00 2.209114396830718086e+00 1.974225743139722988e+00
2.088658676989182172e+00 2.335909891400755889e+00 2.335909891400755889e+00 2.088658676989182172e+00
2.209114377172436861e+00 2.469378833053426980e+00 2.386893717268763204e+00 2.209113800382617399e+00
2.335909882121483871e+00 2.596550166951830718e+00 2.193316255181052998e+00 2.084690382367089700e+00
-7.840201655570389061e-02 2.461883410746994461e+00 -8.831958221140365217e-02 1.272054756533985032e+00
1.147034174052199651e+00 -8.314973048661000732e-02 -8.617341358577365606e-02 -8.313616161024271756e-02
-8.203958828073569520e-02 -4.999991142649999887e+00 -8.052988391816183478e-02 -8.471630911184348245e-02
0.000000000000000000e+00 0.000000000000000000e+00 0.000000000000000000e+00 0.000000000000000000e+00
-5.000000000000000000e+00 1.170206917769324839e+00 1.170304491221860088e+00 1.036699803186593272e+00
1.101789266660766931e+00 1.242425780233537003e+00 1.242425780233537003e+00 1.101789266660766931e+00
1.170304491221860088e+00 1.318342926561618000e+00 1.318342926561618000e+00 1.170304491221860088e+00
1.242425780233537003e+00 1.398255712170124232e+00 1.398255712170124232e+00 1.242425780233537003e+00
1.318342926561618000e+00 1.482374433863288710e+00 1.482374433863288710e+00 1.318342926561618000e+00
1.398255712170124232e+00 -5.000000000000000000e+00 1.570920456698198686e+00 1.398255712170124232e+00
1.482374433863288710e+00 1.664126796524419749e+00 1.664126796524419749e+00 1.482374433863288710e+00
1.570920456698198686e+00 1.762238733183599804e+00 1.762238733183599804e+00 1.570920456698198686e+00
1.664126796524419749e+00 1.865514455982736797e+00 1.865514455982736797e+00 1.664126796524419749e+00
1.762238733183599804e+00 1.974225743139722988e+00 1.974225743139722988e+00 1.762238733183599804e+00
1.865514455982736797e+00 2.088658676989182172e+00 2.088658676989182172e+00 1.865514455982736797e+00
1.974225743139722988e+00 -5.000000000000000000e+00 2.209114396830718086e+00 1.974225743139722988e+00
2.088658676989182172e+00 2.335909891400755889e+00 2.335909891400755889e+00 2.088658676989182172e+00
2.209114396830718086e+00 2.469378833053426980e+00 2.469378833053426980e+00 2.209114396830718086e+00
2.335909891383076697e+00 2.609872455845712480e+00 2.609865879445862458e+00 2.335909891398858296e+00
2.469197914119023896e+00 2.757760458709042073e+00 2.429987302156050077e+00 2.374490253810136675e+00
-7.249675142078398915e-02 2.609858587865138357e+00 -8.226855893013663990e-02 2.049576745348471452e+00
-7.724791962822542823e-02 -4.999901584999999926e+00 -4.996355000000000324e+00 -8.623035294993590394e-02
0.000000000000000000e+00 0.000000000000000000e+00 0.000000000000000000e+00 0.000000000000000000e+00
-1.273164761324054872e-01 -1.251926996458083696e-01 1.122193664845444250e+00 -5.000000000000000000e+00
9.087475656663787094e-01 1.172678181888314963e+00 1.242425780207170316e+00 1.101789266651692634e+00
1.170304449578425388e+00 1.318342918466089753e+00 1.318342926561618000e+00 1.170304491221860088e+00
1.242425780233537003e+00 1.398255712170124232e+00 1.398255712170124232e+00 1.242425780233537003e+00
1.318342926561618000e+00 1.482374433863288710e+00 1.482374433863288710e+00 1.318342926561618000e+00
1.398255712170124232e+00 1.570920456698198686e+00 -5.000000000000000000e+00 1.398255712170124232e+00
0.000000000000000000e+00 0.000000000000000000e+00 0.000000000000000000e+00 0.000000000000000000e+00
-5.000000000000000000e+00 1.762238733183599804e+00 1.762238733183599804e+00 1.570920456698198686e+00
1.664126796524419749e+00 1.865514455982736797e+00 1.865514455982736797e+00 1.664126796524419749e+00
1.762238733183599804e+00 1.974225743139722988e+00 1.974225743139722988e+00 1.762238733183599804e+00
1.865514455982736797e+00 -5.000000000000000000e+00 2.088658676989182172e+00 1.865514455982736797e+00
1.974225743139722988e+00 2.209114396830718086e+00 -5.000000000000000000e+00 1.974225743139722988e+00
0.000000000000000000e+00 0.000000000000000000e+00 0.000000000000000000e+00 0.000000000000000000e+00
-5.000000000000000000e+00 2.469378833053426980e+00 2.469378833053426980e+00 2.209114396830718086e+00
2.335909891400755889e+00 2.609872455845712480e+00 2.609872455845712480e+00 2.335909891400755889e+00
2.469378833053426980e+00 2.757760479837592094e+00 2.757760469225134514e+00 2.469378833053344380e+00
2.609872265687929627e+00 2.913432084039570213e+00 2.609863757258668482e+00 2.607321347367032249e+00
2.757760458478247578e+00 -4.999999202838499635e+00 -4.998906500000000364e+00 2.418138619441604131e+00
0.000000000000000000e+00 0.000000000000000000e+00 0.000000000000000000e+00 0.000000000000000000e+00
-4.865000000000000213e+00 -1.305150000000000060e-02 -1.980574749999999828e-02 -3.500000000000000000e+00
-1.253902679215705140e-01 -1.220579192582914863e-01 4.137048856716562528e-01 -1.267890290633825467e-01
-1.257894261892931187e-01 -1.197829568440779285e-01 1.318150257381816903e+00 6.879588088824741821e-01
1.216733187182157394e+00 -1.180946298820826496e-01 1.398255712170124232e+00 1.242424345997403368e+00
1.318342926561475670e+00 -5.000000000000000000e+00 1.482374433863288710e+00 1.318342926561568929e+00
1.398255712170124232e+00 1.570920456420508815e+00 1.570920456698198686e+00 1.398255712170124232e+00
1.482374433863288710e+00 -5.000000000000000000e+00 1.664126796524419749e+00 1.482374433863288710e+00
1.570920456698198686e+00 1.762238733183599804e+00 1.762238733183599804e+00 -5.000000000000000000e+00
1.664126796486433468e+00 1.865514455982512088e+00 1.865514455982736797e+00 1.664126796524415752e+00
1.762238733183599804e+00 1.974225743139722988e+00 1.974225743139722988e+00 1.762238733183599804e+00
1.865514455081333622e+00 2.088658676989182172e+00 -5.000000000000000000e+00 1.865514455982736797e+00
0.000000000000000000e+00 0.000000000000000000e+00 0.000000000000000000e+00 0.000000000000000000e+00
-5.000000000000000000e+00 -5.000000000000000000e+00 2.335909891400755889e+00 2.088658676989182172e+00
2.209114396830570648e+00 -5.000000000000000000e+00 2.469378833053426980e+00 -5.000000000000000000e+00
2.335909891400755889e+00 2.609872455845712480e+00 2.609872455845712480e+00 2.335909891400755889e+00
2.469378833053426980e+00 2.757760479837592094e+00 2.757760479837592094e+00 2.469378833053426980e+00
2.609872455845712480e+00 2.913432084039570658e+00 2.913432084039570658e+00 2.609872455845712480e+00
2.757760479837592094e+00 3.077296930567968936e+00 -5.000000000000000000e+00 2.757758975213310482e+00
0.000000000000000000e+00 0.000000000000000000e+00 0.000000000000000000e+00 0.000000000000000000e+00
-3.500000000000000000e+00 -1.375499999999999813e-02 -1.657183500000000004e-02 -4.865000000000000213e+00
-1.833058499999999993e-02 -1.165499999999999869e-02 -1.578150000000000039e-02 -1.463069999999999822e-02
-1.221196909987982138e-01 -5.000000000000000000e+00 -1.183746828272612822e-01 -1.250296243715379174e-01
-1.223257939247897746e-01 -1.159653655487205975e-01 -1.168795067228895340e-01 -1.232916596409740773e-01
-1.185653923285718003e-01 -1.140496672759157004e-01 -5.000000000000000000e+00 -1.199996744423762474e-01
0.000000000000000000e+00 0.000000000000000000e+00 0.000000000000000000e+00 0.000000000000000000e+00
-5.000000000000000000e+00 1.664126796480896342e+00 -5.000000000000000000e+00 1.469452472447149383e+00
0.000000000000000000e+00 0.000000000000000000e+00 0.000000000000000000e+00 0.000000000000000000e+00
-5.000000000000000000e+00 1.865514455982736797e+00 1.865514455982736797e+00 1.664126796524419749e+00
1.762238403904496931e+00 1.974225739057757556e+00 1.974225743139722988e+00 1.762238623434691176e+00
1.865514455982736575e+00 2.088658676989182172e+00 2.088658676987389384e+00 1.865514455980403774e+00
1.974225743139722988e+00 2.209114396830718086e+00 -5.000000000000000000e+00 1.974225743139721434e+00
0.000000000000000000e+00 0.000000000000000000e+00 0.000000000000000000e+00 0.000000000000000000e+00
0.000000000000000000e+00 0.000000000000000000e+00 0.000000000000000000e+00 0.000000000000000000e+00
0.000000000000000000e+00 0.000000000000000000e+00 0.000000000000000000e+00 0.000000000000000000e+00
-5.000000000000000000e+00 2.757760479837588097e+00 2.757760479837592094e+00 2.469378833053426980e+00
2.609872455845712480e+00 2.913432084039570658e+00 2.913432084039570658e+00 2.609872455845712480e+00
2.757760479837592094e+00 3.077296930567968936e+00 3.077296930567968936e+00 2.757760479837592094e+00
2.913432084000933564e+00 3.249786242703124994e+00 -5.000000000000000000e+00 2.913432084036374548e+00
0.000000000000000000e+00 0.000000000000000000e+00 0.000000000000000000e+00 0.000000000000000000e+00
-4.549999999999999822e+00 -2.731233765749999792e-02 -2.111147499999999760e-02 -1.928081400000000029e-02
-1.759695000000000009e-02 2.398455364075366081e+00 -1.578149999999999692e-02 -1.868055000000000063e-02
0.000000000000000000e+00 0.000000000000000000e+00 0.000000000000000000e+00 0.000000000000000000e+00
-5.000000000000000000e+00 -1.129631909923893840e-01 -1.131068778617987658e-01 -1.187988849093978283e-01
-1.144559170179182128e-01 -1.096287894540000085e-01 -5.000000000000000000e+00 -1.162212972181827231e-01
0.000000000000000000e+00 0.000000000000000000e+00 0.000000000000000000e+00 0.000000000000000000e+00
-5.000000000000000000e+00 1.372500608464457095e+00 1.762238733177603711e+00 -1.080806267151053074e-01
1.582258959004720023e+00 -1.019735530054963341e-01 1.865514455982736797e+00 -5.000000000000000000e+00
1.762238732922176476e+00 -5.000000000000000000e+00 1.974225743139722988e+00 1.762238733183575379e+00
1.865514455982736797e+00 1.865514455982710817e+00 2.088658676989182172e+00 1.865514455982722808e+00
1.974225743139722988e+00 1.974225743139722988e+00 2.209114396830718086e+00 1.974225743139722988e+00
2.088658676989182172e+00 2.088658676989182172e+00 2.335909891400755889e+00 2.088658676989182172e+00
2.209114396830718086e+00 2.209114396830718086e+00 2.469378833053426980e+00 -5.000000000000000000e+00
2.335909891400755889e+00 2.335909891400755889e+00 2.609872455845712480e+00 -5.000000000000000000e+00
2.469378833053426980e+00 2.469378833053393230e+00 2.757760479837592094e+00 -5.000000000000000000e+00
2.609872455845712480e+00 2.609872455845712480e+00 2.913432084039570658e+00 2.609872455845712480e+00
2.757760479837592094e+00 -5.000000000000000000e+00 3.077296930567968936e+00 2.757760479837592094e+00
2.913432084039570658e+00 3.249786242703124994e+00 3.249786242703124994e+00 2.913432084039570658e+00
3.077296930567968936e+00 3.431353939687499910e+00 3.431353939687499910e+00 3.077296930567968936e+00
3.249786238461824350e+00 3.622477831249999891e+00 3.622473979894522245e+00 -4.999999760851549624e+00
3.430706793631852936e+00 3.823660813276619219e+00 2.938610801880394252e+00 -2.805149753454999964e-02
3.271388630772712691e+00 3.913409316599826937e+00 3.287792708967734345e+00 1.580649437844118266e+00
-1.059240342474335461e-01 -1.049444087316215579e-01 -1.111382377648416769e-01 -5.000000000000000000e+00
-1.090270073146172441e-01 -5.000000000000000000e+00 -1.087522893017823095e-01 -1.154822771897656974e-01
-1.107414181102027856e-01 -1.050041307624215298e-01 -5.000000000000000000e+00 -1.120226989207191437e-01
0.000000000000000000e+00 0.000000000000000000e+00 0.000000000000000000e+00 0.000000000000000000e+00
-4.999999999984309440e+00 -9.892425806984990466e-02 -9.801719358244750935e-02 1.498922764168531874e+00
-1.018938713105009553e-01 -9.719026659029755821e-02 -4.999999999825661234e+00 -9.751567792957657743e-02
0.000000000000000000e+00 0.000000000000000000e+00 0.000000000000000000e+00 0.000000000000000000e+00
-4.999999999999576339e+00 1.758917925423451933e+00 1.974176458029635928e+00 1.974225743139722544e+00
1.865376609608796921e+00 1.864981260597410540e+00 2.088658331155789138e+00 2.088658676989182172e+00
1.973775284962598686e+00 1.873466787582750204e+00 2.209114396830718086e+00 2.209069280704782479e+00
2.088546301015691053e+00 2.088199646469071968e+00 2.335909890471452588e+00 2.335909891400755889e+00
2.207547437245334976e+00 2.209070209540971774e+00 2.469375670391452893e+00 2.469378833053426980e+00
2.091531075928720451e+00 2.330388091767527037e+00 2.609872455845712480e+00 2.609441679160138250e+00
2.469220891861427347e+00 2.468942245052718754e+00 -4.999999999995292654e+00 2.757760479837592094e+00
0.000000000000000000e+00 0.000000000000000000e+00 0.000000000000000000e+00 0.000000000000000000e+00
-5.000000000000000000e+00 -5.000000000000000000e+00 3.431353939687499910e+00 3.077296930567968936e+00
3.249786242703124994e+00 3.622477831249999891e+00 3.622477831249999891e+00 3.249786242703124994e+00
3.431353939687499910e+00 3.823660874999999848e+00 3.823660874999999848e+00 3.431353939687499910e+00
3.622405882221601203e+00 4.035432499999999756e+00 4.035430203542398786e+00 3.622320735446741935e+00
3.802679743472526130e+00 4.258349999166204825e+00 4.033381863576294357e+00 3.343812090948008908e+00
-1.070327950382521376e-01 -1.044798399209258821e-01 -4.999999999999576339e+00 -1.046816232661771928e-01
0.000000000000000000e+00 0.000000000000000000e+00 0.000000000000000000e+00 0.000000000000000000e+00
-5.000000000000000000e+00 -1.003634841543406819e-01 -1.006102663754773613e-01 -1.086640509078314748e-01
-1.002705715077587545e-01 -9.714893961474523054e-02 -9.645852333542036250e-02 -4.999999760851549624e+00
-9.521708522673975883e-02 -9.585642138613879870e-02 1.029992347576567102e+00 -9.704921206375258236e-02
2.692834124665602347e-01 -9.282157064369746247e-02 1.621738196258407205e+00 -9.606790192852665555e-02
1.029822610427379104e+00 -8.767549334492436008e-02 1.757257276116609201e+00 -4.999999760851549624e+00
1.534511787713432884e+00 -8.329886161793126353e-02 1.566536227259616609e+00 1.865502921048649787e+00
-8.258497330536355985e-02 1.184089148882476517e+00 1.043572905063382183e+00 1.974185152423372447e+00
1.443973906126823081e+00 1.786967777007442693e-01 1.434354887479201812e+00 2.075845894618614018e+00
1.332319395291424735e+00 1.125551348947311014e+00 2.209035843405680488e+00 1.524404158442684398e+00
1.434072107074033875e+00 -4.999999993542991739e+00 2.111386351627702496e+00 2.335909862054397212e+00
2.004453419595606078e+00 -6.237178892548186221e-02 -6.580356788625812969e-02 2.469206854473417145e+00
2.266188292608238175e+00 -4.999901584999999926e+00 -4.987849999999999895e+00 2.609523526586023046e+00
0.000000000000000000e+00 0.000000000000000000e+00 0.000000000000000000e+00 0.000000000000000000e+00
0.000000000000000000e+00 0.000000000000000000e+00 0.000000000000000000e+00 0.000000000000000000e+00
-5.000000000000000000e+00 3.823660874999999848e+00 3.823660874999999848e+00 3.431353939687499910e+00
3.622477831249999891e+00 4.035432499999999756e+00 4.035432499999999756e+00 3.622477831249999891e+00
3.823658830205324044e+00 4.258350000000000080e+00 4.258349919124756688e+00 3.823660871952673013e+00
4.034488285653642592e+00 4.493000000000000327e+00 4.257838015320390745e+00 4.035424490134421838e+00
-1.018440994078270018e-01 -1.000357052606826169e-01 -1.020481934232052440e-01 -1.040034803314070638e-01
-9.838815254574655167e-02 -4.999999202838499635e+00 -9.804085674702593678e-02 -4.999999202838499635e+00
-9.821816492652635233e-02 -9.614011195258072295e-02 -9.638292624090012695e-02 -9.971641570146051736e-02
-9.782665162976322826e-02 -9.228702568429891784e-02 -9.583597731851091484e-02 -1.002914107795045279e-01
-9.610668382292159029e-02 -9.237491672397243891e-02 3.821446059248250204e-01 -9.112062559971501052e-02
-9.451330266923235746e-02 -9.098547525605171771e-02 -8.853239848516600285e-02 1.151664028316980115e+00
-9.253970048459807252e-02 -8.483607777459979682e-02 6.386858799046790658e-01 -8.957776990696371400e-02
-8.468249057670002022e-02 -7.983215357682665880e-02 -7.787770373788943656e-02 1.693412372782535202e+00
1.112291055191536593e+00 -7.820579968813405614e-02 1.303168393831279470e+00 1.158462373158764214e+00
4.654300731063676366e-01 -4.999999928255465242e+00 -7.184606419967615176e-02 1.635158604504173274e+00
1.398201498305335466e+00 3.947584583555725779e-02 -4.999999202838499635e+00 -6.782077200978281484e-02
0.000000000000000000e+00 0.000000000000000000e+00 0.000000000000000000e+00 0.000000000000000000e+00
-4.999671949999999754e+00 -5.667335607609695625e-02 -4.999671949999999754e+00 -6.256873707758962844e-02
0.000000000000000000e+00 0.000000000000000000e+00 0.000000000000000000e+00 0.000000000000000000e+00
-4.959500000000000242e+00 2.516422477704151728e+00 3.523574828516451429e+00 -4.549999999999999822e+00
2.986838983214772369e+00 3.823660874986283709e+00 3.817656808781829891e+00 -4.999970475499999623e+00
3.622477831196567521e+00 4.035432499999999756e+00 4.035432499999999756e+00 3.622477831249996338e+00
3.823660874999999848e+00 4.258350000000000080e+00 4.258350000000000080e+00 3.823660874999999848e+00
4.035432499999999756e+00 4.493000000000000327e+00 4.493000000000000327e+00 4.035432499999999756e+00
4.258350000000000080e+00 4.740000000000000213e+00 4.493000000000000327e+00 4.258350000000000080e+00
-9.980132966273008721e-02 -9.799036889099659031e-02 -4.999999760851549624e+00 -1.007832082080160896e-01
0.000000000000000000e+00 0.000000000000000000e+00 0.000000000000000000e+00 0.000000000000000000e+00
-4.999997342794999966e+00 -9.548996220057920370e-02 -9.305900795100222056e-02 -9.576541065970328725e-02
-9.453843664963575144e-02 -9.143385595245140385e-02 -9.350152101043229802e-02 -8.841634588279523310e-02
-9.094760877290383738e-02 -9.412668710651750370e-02 -8.957820575990968481e-02 1.476181877534754050e-01
-9.295518871624389168e-02 -4.999991142649999887e+00 -8.664272716621460035e-02 -9.195236887351060373e-02
-8.254468896347251505e-02 -8.233196361767466942e-02 -8.276318436124302513e-02 -8.320145921173276171e-02
-7.981015007742850442e-02 -4.999997342794999966e+00 -7.915702526476790790e-02 -8.033491354574100185e-02
-7.846299179666854640e-02 -7.359885978843291876e-02 -4.999970475499999623e+00 8.364609573845169788e-01
0.000000000000000000e+00 0.000000000000000000e+00 0.000000000000000000e+00 0.000000000000000000e+00
-4.999901584999999926e+00 9.973880076315486121e-02 -6.151319296679877424e-02 -6.217890767075169578e-02
-6.566962538018089601e-02 -5.857026065614220206e-02 -5.512178251944137297e-02 -4.999901584999999926e+00
-6.069995779935783570e-02 -5.300036054949425202e-02 2.142296874190468436e+00 -6.166885925741263930e-02
-5.639545938411329173e-02 -4.585319352401234783e-02 3.509432340677130391e+00 -4.865000000000000213e+00
2.083117409949358123e+00 -4.059974480789887985e-02 3.822469071178310251e+00 2.171874741497417549e+00
3.591634456909217121e+00 3.622450565427708824e+00 4.035432499999999756e+00 3.615427444373619181e+00
3.823660874977294455e+00 3.823660874998660475e+00 4.258350000000000080e+00 3.823660874622577754e+00
4.035432499999999756e+00 -5.000000000000000000e+00 4.493000000000000327e+00 4.035432499999999756e+00
4.258350000000000080e+00 4.739999999999998437e+00 4.740000000000000213e+00 4.258350000000000080e+00
4.493000000000000327e+00 5.000000000000000000e+00 4.740000000000000213e+00 4.493000000000000327e+00
-9.669333977536383185e-02 -9.770681668811760645e-02 -9.438309035386391321e-02 -9.878719522531745345e-02
-9.640345566966457280e-02 -9.671376647662111026e-02 -9.335006342858506723e-02 -4.999999978476639129e+00
-9.373859826401240158e-02 -9.345569484359984858e-02 -9.314744134316133017e-02 -9.541257318784147901e-02
-9.175357218784457869e-02 -8.838437162052227569e-02 -9.370716033334421102e-02 -9.221117086528497764e-02
-9.043707295975912663e-02 -8.913694348452816385e-02 -4.999997342794999966e+00 -9.213799178778737942e-02
0.000000000000000000e+00 0.000000000000000000e+00 0.000000000000000000e+00 0.000000000000000000e+00
-4.987849999999999895e+00 -7.846979420816344031e-02 -4.996355000000000324e+00 -8.097828665621983890e-02
0.000000000000000000e+00 0.000000000000000000e+00 0.000000000000000000e+00 0.000000000000000000e+00
-4.999991142649999887e+00 -6.909233733942787836e-02 -6.840250510268558459e-02 -6.956808931137065111e-02
-6.776441649590489447e-02 -6.585684443486122808e-02 4.746578486722173307e-01 -4.999991142649999887e+00
-6.044322368110330301e-02 -5.980288386049494725e-02 1.332813280125529687e+00 -6.351498646011030647e-02
-5.868634303467407110e-02 -5.346872152352863394e-02 2.473011534432326020e+00 -5.755658281376961616e-02
-4.739790691473829559e-02 2.065758874415435820e+00 3.122200238991829302e+00 -5.447290714183986721e-02
2.031371533070102764e+00 -4.730350086657864744e-02 3.403558506650547599e+00 -4.291149179867750907e-02
2.766876865722455392e+00 3.000386738898201511e+00 3.619030826628335529e+00 -3.768210279887668213e-02
2.732644416415505262e+00 3.521462202455414303e+00 3.782162275261378159e+00 3.823660854857588998e+00
3.608042250722126365e+00 3.578970754290270229e+00 -4.987849999999999895e+00 4.035432499999923373e+00
0.000000000000000000e+00 0.000000000000000000e+00 0.000000000000000000e+00 0.000000000000000000e+00
-4.987849999999999895e+00 4.739905281154588756e+00 5.000000000000000000e+00 4.456606700000000032e+00
0.000000000000000000e+00 0.000000000000000000e+00 0.000000000000000000e+00 0.000000000000000000e+00
