1.070863173498816240e-01 2.180745824561534096e-01 -2.709949138890425002e-07 1.068677646975555728e-01
1.065843015167140528e-01 -5.000000000000000000e+00 -5.976199720706895646e-02 -1.931282367615885960e-03
-1.188057425931976149e-02 4.235579935193499457e-02 -1.572758228496178856e-01 -5.976948836299098011e-02
-6.005123376295044141e-02 -4.999999993542991739e+00 -1.600129298970963676e-01 -1.578063749003771887e-01
2.177087568195572864e-01 3.348301740650049263e-01 -5.000000000000000000e+00 1.067915080072376344e-01
0.000000000000000000e+00 0.000000000000000000e+00 0.000000000000000000e+00 0.000000000000000000e+00
-4.999991142649999887e+00 4.878669249999998958e-01 -4.549999999999999822e+00 -8.930681480736833711e-02
0.000000000000000000e+00 0.000000000000000000e+00 0.000000000000000000e+00 0.000000000000000000e+00
3.225687368955659218e-01 -4.999999999995292654e+00 4.579406470401813367e-01 1.844555260892153381e-01
2.114438616677510874e-01 4.220689337147499054e-01 5.875664157999999082e-01 -4.999970475499999623e+00
2.726500665069998552e-01 7.712949999999999529e-01 -4.549999999999999822e+00 3.035748624999988834e-02
0.000000000000000000e+00 0.000000000000000000e+00 0.000000000000000000e+00 0.000000000000000000e+00
0.000000000000000000e+00 0.000000000000000000e+00 0.000000000000000000e+00 0.000000000000000000e+00
-4.996355000000000324e+00 4.082296907499998739e-01 5.497449999999999282e-01 1.485884698374999313e-01
1.930074999999999152e-01 3.744999999999998885e-01 9.919000000000000039e-01 1.580424999999999192e-01
0.000000000000000000e+00 0.000000000000000000e+00 0.000000000000000000e+00 0.000000000000000000e+00
