-4.083293642201124563e+00 -3.996355905923576923e+00 -4.037014819843998126e+00 -4.085352693176635519e+00
-3.953419669552763693e+00 -4.999999785210016867e+00 -3.357813938514892627e+00 -4.063784915175556733e+00
-3.772062488903994648e+00 -3.336394238650703503e+00 -3.322714407502151523e+00 -3.247216669504720432e+00
-3.277656746731348214e+00 -4.951511313510623680e+00 -3.086431262940751541e+00 -3.239378754131019722e+00
-4.082290722545495854e+00 -2.919809051854077353e+00 -4.999998233295825933e+00 -4.034202747509550768e+00
0.000000000000000000e+00 0.000000000000000000e+00 0.000000000000000000e+00 0.000000000000000000e+00
-4.874842224750338460e+00 -1.526754529473658861e+00 -4.898622202047773655e+00 -2.621974869308365541e+00
0.000000000000000000e+00 0.000000000000000000e+00 0.000000000000000000e+00 0.000000000000000000e+00
-3.745741974539544383e+00 -4.997716120462746048e+00 -2.093217685482353208e+00 -3.814902187073512252e+00
-2.885403318181031906e+00 -9.895528503680003363e-01 -1.661620456989292283e+00 -4.860935805278153943e+00
-1.605982984941849878e+00 8.104798478597671774e-02 -4.249526823515004104e+00 -3.330679069574833839e+00
0.000000000000000000e+00 0.000000000000000000e+00 0.000000000000000000e+00 0.000000000000000000e+00
0.000000000000000000e+00 0.000000000000000000e+00 0.000000000000000000e+00 0.000000000000000000e+00
-4.073489905574079195e+00 -1.000285129205328971e+00 -3.953034850152119528e-01 -1.929051029846152510e+00
-1.166498629022084010e+00 1.923441389807320490e-01 9.866972053527087727e-01 -1.318670788882377432e+00
0.000000000000000000e+00 0.000000000000000000e+00 0.000000000000000000e+00 0.000000000000000000e+00
