-4.180119609017672211e+00 -4.199761907049652798e+00 -4.128369326311299048e+00 -4.190704472644268819e+00
-4.150092410090572947e+00 -4.999999843418102330e+00 -3.762676267708550348e+00 -4.203027970976534355e+00
-4.265799294754113014e+00 -3.692778322774445066e+00 -3.863343299533829267e+00 -3.697275097725199355e+00
-3.540190748285760414e+00 -4.979127210410353221e+00 -3.789505297100766334e+00 -3.449047893374330709e+00
-4.093421558256217452e+00 -3.249717710388110525e+00 -4.999996306260453771e+00 -4.038926852954360491e+00
0.000000000000000000e+00 0.000000000000000000e+00 0.000000000000000000e+00 0.000000000000000000e+00
-4.908759981842996112e+00 -2.225797376406461581e+00 -4.960724163943605269e+00 -3.220754862124787898e+00
0.000000000000000000e+00 0.000000000000000000e+00 0.000000000000000000e+00 0.000000000000000000e+00
-3.620055028415375631e+00 -4.995702477721414958e+00 -2.475132714605196682e+00 -3.993120433623862819e+00
-3.300183503016246078e+00 -1.318606595660906988e+00 -1.655454396260361172e+00 -4.788044208623919218e+00
-2.245324817588318922e+00 -2.317278993473400328e-01 -4.676945905538666182e+00 -2.439556397669316645e+00
0.000000000000000000e+00 0.000000000000000000e+00 0.000000000000000000e+00 0.000000000000000000e+00
0.000000000000000000e+00 0.000000000000000000e+00 0.000000000000000000e+00 0.000000000000000000e+00
-4.249526823515004104e+00 -6.765461176572051816e-01 5.516116770742957032e-03 -1.674321027951756857e+00
-9.090255960560237325e-01 -7.227515246229883339e-02 9.282102012308147687e-01 -1.148063293340908952e+00
0.000000000000000000e+00 0.000000000000000000e+00 0.000000000000000000e+00 0.000000000000000000e+00
