9.625094477372822532e-03 1.930278093800583822e-02 2.134601657657645910e-02 1.025886917994149432e-02
1.020940385201463477e-02 3.376561143534047293e-02 3.271162552755194075e-02 2.185766397417812298e-02
1.744549543391466645e-02 4.557879555413574257e-02 4.231020905284209321e-02 3.143481966658856486e-02
2.928930281799811686e-02 5.576547360425935379e-02 6.156400837317942132e-02 4.310156545279283241e-02
-1.651785640497854118e-02 7.802845081139338224e-02 3.932130903110214737e-02 -7.867536540526454125e-02
-9.518652439511793989e-03 8.706572103053361600e-02 -5.000000000000000000e+00 -3.112107648220388545e-02
0.000000000000000000e+00 0.000000000000000000e+00 0.000000000000000000e+00 0.000000000000000000e+00
-5.000000000000000000e+00 -1.081050191241889891e-01 -1.080064400013614756e-01 -1.099207520789590026e-01
-1.070864929160057766e-01 -1.039556685441928308e-01 -1.036970504478269134e-01 -1.062997633496494398e-01
-1.065374135264775118e-01 -9.873642849201076654e-02 -9.873056145803230099e-02 -1.036192128386267536e-01
-1.035759963585394100e-01 -9.372390989791842819e-02 -9.340991723656272283e-02 -9.689896852493977419e-02
-9.604247244962792196e-02 -8.826226387035637777e-02 -8.792141686302487602e-02 -9.254786089160896290e-02
-8.849998786645482673e-02 -8.380720982978680234e-02 -8.216101862249727827e-02 -8.346591967081529173e-02
-8.793197767176363921e-02 -7.651724324834771607e-02 -7.596434944856217397e-02 -7.609356115182462632e-02
-7.500849277259692693e-02 -7.024323086061294574e-02 -7.443935922286261386e-02 -7.595729420968173884e-02
-7.463465521511446210e-02 -7.128124019910847542e-02 -7.649438155532453654e-02 -7.476974632427131617e-02
1.851089446022331081e-02 3.279972727565052398e-02 3.350190210243521316e-02 6.454402381210630479e-03
2.141492327786869918e-02 4.609152919213080346e-02 4.539145097436271536e-02 2.186571289612828164e-02
3.354241288668465687e-02 5.867135127563911229e-02 5.855610747972513075e-02 3.305204902660725808e-02
4.463872724873053227e-02 7.882853254158744827e-02 7.363310116598252575e-02 4.283069621570403940e-02
6.170275827104759053e-02 8.363397509623926585e-02 9.275741771303498695e-02 6.084451390191993048e-02
2.600733311219292909e-02 1.114120338251087389e-01 1.083410404668635751e-01 1.284868785526710987e-02
6.687149077845293277e-02 1.283373478872465168e-01 6.942711811886452533e-02 -5.000000000000000000e+00
-9.890479858061904106e-02 1.164530919786880836e-01 4.240335305752186701e-02 -1.113972868217458084e-01
6.909976213831632574e-02 -5.000000000000000000e+00 -9.903331449445869350e-02 -1.081087182817945525e-01
-1.033887062943708302e-01 -5.000000000000000000e+00 -9.375481517981194834e-02 -1.015039729044006911e-01
-9.898770519389379907e-02 -8.942000236747027486e-02 -8.909467259073802770e-02 -9.805436813546394847e-02
-9.300293554458695378e-02 -8.483202724457108990e-02 -8.361272025550652021e-02 -9.193274065200385259e-02
-8.861599389866924026e-02 -7.994535657853950317e-02 -7.801511564315455338e-02 -7.974970536712287783e-02
-7.860406713712608795e-02 -7.812778045799233240e-02 -7.560096132642003808e-02 -7.621435981373485269e-02
-8.050641742063022188e-02 -7.355888546649083648e-02 -7.081847289224912911e-02 -7.285232908568145538e-02
-7.403954579320701224e-02 -7.081635636185547311e-02 -6.461808441513296197e-02 -7.610870841973954581e-02
2.873375095975946175e-02 2.120760975440564786e-02 4.668225146210027571e-02 1.682428034979092588e-02
3.287267079801475117e-02 4.058506629479689820e-02 6.149893961470311032e-02 2.941477848054508543e-02
4.311365428426565394e-02 4.688847785671961671e-02 7.865017367020460393e-02 4.486071906258590203e-02
5.591672388317434766e-02 -5.000000000000000000e+00 9.454187229690701189e-02 6.211999278667717367e-02
7.568171238052016914e-02 6.635254429864247128e-02 1.114122355523954333e-01 7.701454865045335996e-02
9.378025190732117156e-02 1.129067567559196988e-01 1.298138048402992795e-01 9.186421764019138403e-02
1.124092459367250912e-01 1.502882948331438762e-01 1.263711781942941093e-01 1.065037608883922932e-01
1.129206761243205931e-01 1.592704768885926103e-01 -5.000000000000000000e+00 -6.786884656402240867e-02
0.000000000000000000e+00 0.000000000000000000e+00 0.000000000000000000e+00 0.000000000000000000e+00
0.000000000000000000e+00 0.000000000000000000e+00 0.000000000000000000e+00 0.000000000000000000e+00
-5.000000000000000000e+00 -8.540886196636750249e-02 -8.416557482594462514e-02 -9.230291801788206851e-02
-8.935446915677555668e-02 -7.916603561158000457e-02 -8.014212653882865633e-02 -8.884404143371260609e-02
-8.398277517127390734e-02 -7.417567002681932364e-02 -7.780117936649537380e-02 -8.325814571184318724e-02
-7.769739365583919199e-02 -7.315581223861028493e-02 -7.331892948456912584e-02 -7.661335160545559853e-02
-7.580448388751254152e-02 -6.702522670262939242e-02 -6.820323596218447193e-02 -7.453690015479921827e-02
-7.330359139317660366e-02 -6.493284391465559136e-02 -6.527930341046787877e-02 -7.092477841108017766e-02
1.391701493440169676e-02 -3.334127368917190470e-02 4.022767264964789008e-02 2.990508788594302067e-02
2.141572354570001752e-02 4.757868863258511022e-02 5.536168575188837176e-02 3.438642745104542042e-02
3.873143146144261001e-02 7.023215961416200137e-02 -5.000000000000000000e+00 5.909033621407296100e-02
0.000000000000000000e+00 0.000000000000000000e+00 0.000000000000000000e+00 0.000000000000000000e+00
-5.000000000000000000e+00 2.818775260637060992e-02 9.806254802925618019e-02 8.838741548044516672e-02
6.068213016341571231e-02 1.213232370376525898e-01 1.407027459369248890e-01 7.767874051054553253e-02
9.889655471769470685e-02 1.701074729505034633e-01 1.587302529087984970e-01 1.228588334357568618e-01
6.739035537620718941e-02 1.819436067377152855e-01 1.112921378802466110e-01 1.372349864466791136e-01
1.340254179521727096e-01 1.052490959372646973e-01 -9.130388466223568478e-02 -5.000000000000000000e+00
-9.537412697685418439e-02 -5.000000000000000000e+00 -8.558706933273785289e-02 -5.000000000000000000e+00
-9.111447070900483003e-02 -7.957323814425298902e-02 -8.100260063519118536e-02 -8.586951376179584317e-02
-8.504556120521768181e-02 -7.690644520311278043e-02 -7.488360360272332261e-02 -8.466123612206027937e-02
-8.002361982086200753e-02 -7.222483206595120553e-02 -7.270554981579391285e-02 -7.726518319830517900e-02
-7.376554964844374285e-02 -6.743390478384278519e-02 -7.000344056424225025e-02 -7.707336372294458504e-02
-7.285373195163394322e-02 -7.004053992014665220e-02 -6.682491311808626266e-02 -7.058857609579106962e-02
-6.602736113719505362e-02 -6.029364051765896682e-02 -6.238131097612396175e-02 -7.150812514491029781e-02
-1.267434286709073210e-01 9.853094661299216517e-03 1.755483096643654928e-02 -1.303205370790341266e-01
-7.562193288745724939e-02 6.951389880986147407e-02 5.558008606531963935e-02 -1.712456243089467700e-02
2.535592807892990408e-02 8.765382138599413231e-02 -8.924447265455898171e-02 5.607364235452230727e-02
2.215325116997285404e-02 9.021993914628093081e-02 9.602671746235395822e-02 -5.000000000000000000e+00
2.546865253474903112e-02 7.091594152898714198e-02 1.219903537032404894e-01 8.141494346803294924e-02
1.013519591056641772e-01 1.481305638725796681e-01 1.397486452314167793e-01 8.034093451471413516e-02
1.153020871684734827e-01 1.906247137935530300e-01 1.790517140049143752e-01 1.432021699051396479e-01
1.607251059815439087e-01 2.067361245460106467e-01 1.627656888306071303e-01 1.521218547138316612e-01
1.839689995319444271e-01 1.204502093176162691e-01 -5.000000000000000000e+00 -5.789680647128129382e-02
0.000000000000000000e+00 0.000000000000000000e+00 0.000000000000000000e+00 0.000000000000000000e+00
-4.999999978476639129e+00 -7.343134462250849870e-02 -7.346207879480565195e-02 -8.195448893044768313e-02
-7.533347615901438143e-02 -4.999999760851549624e+00 -7.331818068875928240e-02 -7.976115754718429707e-02
-7.846742375383904122e-02 -6.840818663776544739e-02 -6.814631424574377205e-02 -7.103310128360340592e-02
-7.424210585996178502e-02 -6.124852407396186998e-02 -7.053984511226660259e-02 -7.394045787080986976e-02
-6.692729507317558835e-02 -6.599219668262822081e-02 -6.474051721133441961e-02 -7.154200655900042061e-02
-6.569583142866909642e-02 -5.923136181664240968e-02 -6.024883867946909805e-02 -6.581686333652675414e-02
-7.314352794599884855e-02 -5.000000000000000000e+00 6.822013932208895182e-02 -6.447592338352395314e-02
4.040550259832383778e-02 6.935972611861511428e-03 8.825523245016367313e-02 7.083641743723112505e-04
1.157251494730200669e-02 7.408815445788594078e-02 1.067726925012752875e-01 6.444026635815547355e-02
7.754688854878570570e-02 1.173840349432468955e-01 1.250999944875739178e-01 7.386472271372866716e-02
8.719745870353415307e-02 1.428086628841823136e-01 1.642872223335464787e-01 4.178232878452556309e-02
1.071811445767643228e-01 1.963125636460843482e-01 1.644073978883702214e-01 1.104988486592929919e-01
1.546052484288623075e-01 2.198903391227103044e-01 1.842257548757734176e-01 1.561471254033041101e-01
1.711510997087272723e-01 2.283506700107215404e-01 1.422341993320714315e-01 1.848937399666512049e-01
1.935871467074767038e-01 1.123406196972284721e-01 -5.000000000000000000e+00 1.448961183832136734e-01
0.000000000000000000e+00 0.000000000000000000e+00 0.000000000000000000e+00 0.000000000000000000e+00
-4.999970475499999623e+00 -6.729041675891060670e-02 -4.999997342794999966e+00 -7.630234138121608223e-02
0.000000000000000000e+00 0.000000000000000000e+00 0.000000000000000000e+00 0.000000000000000000e+00
-4.999999978476639129e+00 -6.160969925861731200e-02 -6.169627034519710451e-02 -7.163464732411653491e-02
-6.688503523073771606e-02 -5.700982602840823366e-02 -6.557033422039890147e-02 -6.808994570944740254e-02
-6.166571866846128069e-02 -5.939571064849961946e-02 -5.969327647535831866e-02 -5.952830986436469934e-02
-6.577567432912868883e-02 -5.704059590592450157e-02 -5.782856438533229282e-02 -6.396096151198725488e-02
0.000000000000000000e+00 0.000000000000000000e+00 0.000000000000000000e+00 0.000000000000000000e+00
-5.000000000000000000e+00 -7.189672409999148250e-02 8.494545942345144152e-02 -7.081694337944435813e-03
4.070284135800107672e-04 4.996621047699710549e-02 1.234091143870618412e-01 8.484778695420402972e-02
6.825331442471528620e-02 1.610129453708712410e-01 6.570822083614365205e-02 8.482881963945884674e-02
1.377870679744456761e-01 4.812558505786243557e-02 1.896865300413728139e-01 8.500833590426791486e-02
1.595059538478695860e-01 2.043172642409417372e-01 2.208862303796548243e-01 1.329331099126868643e-01
1.134583900599052259e-01 2.494748241514997411e-01 2.258780872655307137e-01 1.919535660951069977e-01
2.049657877031543507e-01 2.715610287849622440e-01 9.799711352051640456e-02 1.983670357881233137e-01
1.783565346996847101e-01 6.247181936836372629e-02 -2.371210064319943800e-02 1.624500275943720484e-01
-7.974577670830858278e-02 2.933053894497676950e-01 5.208515639006960907e-02 -5.000000000000000000e+00
2.206992858868168650e-01 -6.764489818999369630e-02 -6.685352566777934269e-02 -7.255139283188796751e-02
-7.023291098228363893e-02 -6.253605505536560805e-02 -6.107080732239018872e-02 -4.999999993542991739e+00
-6.599527563643842187e-02 5.752901562688301357e-02 -5.462296560414042768e-02 -6.793568259925808484e-02
-6.185209971236242665e-02 -5.306673859179319303e-02 -5.929122565350686269e-02 -6.318947623582429896e-02
-5.462225278618831892e-02 -5.207641910834111959e-02 -5.850659497657527408e-02 -6.510668042763746721e-02
-5.850810185550701925e-02 -5.545749120187953157e-02 -5.236081091957202338e-02 -6.317091061572069344e-02
-1.120845464220228405e-01 -1.079700279877264663e-01 -1.097909650325708392e-01 -5.000000000000000000e+00
-1.123661755010647439e-01 -1.054534422497837021e-01 -2.568937777596391400e-02 -1.144464879846038147e-01
-1.101497082683857015e-01 -1.022176510052429238e-01 1.566839000038448004e-01 -1.321478714667330412e-02
1.209420146796390122e-01 4.617941064413270263e-02 1.874556884838843585e-01 6.701161288746870781e-02
3.171718485938798682e-02 6.211761077943543652e-02 2.108956273392400549e-01 1.635428881451483074e-01
1.313682479189002272e-01 6.951256075428352554e-02 2.433863629070369405e-01 1.385350325037716379e-01
1.893305923872527219e-01 2.675235909165887827e-01 2.898643924373096592e-01 2.217529240364065068e-01
2.349929737770864169e-01 3.221094510004989253e-01 2.957177802207620054e-01 2.316912570650416503e-01
2.624307975982362873e-01 3.608396874608672533e-01 2.870478298695859909e-01 -8.002661668170230058e-02
2.516519552811984362e-01 3.339396775283467456e-01 2.407977219642085942e-01 2.481730073109649493e-01
2.734454105116805867e-01 3.039493367917617261e-01 1.810602845679100126e-01 -6.345115896725683768e-02
-6.841644194152422809e-02 2.473817821566911268e-01 -5.781698632361866041e-02 -6.784615092617554688e-02
1.258112644401529756e-01 9.047499677925788242e-02 -2.303649861975339691e-02 -1.551709389011305534e-02
3.843381233368696470e-02 -9.009149528041101446e-03 -4.825692864007353339e-02 -5.978904851282194205e-02
-4.607726973416247096e-02 -4.457448718632902457e-02 -5.663424966545974742e-02 -5.907338797835877398e-02
-5.133236738636160618e-02 -5.200492969686387745e-02 -5.655126265864022367e-02 -5.795581469643867195e-02
-1.078579601760296519e-01 -1.031745861329146363e-01 -1.053376594221619583e-01 -1.125303939826030469e-01
-1.078575872664063601e-01 -1.005261005942735264e-01 -1.021979819451790811e-01 -1.100589961893716773e-01
-1.052215682309147332e-01 -5.000000000000000000e+00 4.590185618364982234e-02 -1.069860014389301117e-01
-2.728978583971395505e-03 -9.135603350217383345e-02 3.473621316924979663e-02 1.334304157976640148e-01
1.219378317718304572e-02 1.595442860359137516e-01 -8.393246152403610605e-02 -9.695045686325440282e-02
9.743290640118086599e-02 1.882268516207781239e-01 2.632497688142571568e-01 2.147405935330662652e-01
2.204428348612327004e-01 2.873521056882939462e-01 3.275630572205640578e-01 2.409008435623277988e-01
2.716883554705656900e-01 3.680719484554342835e-01 3.427311810717669771e-01 2.720907506909376328e-01
2.897336846473196892e-01 3.979523038261551515e-01 3.514606142742972561e-01 2.947091873713280630e-01
3.210064174289564143e-01 3.809313612770391932e-01 2.996819233887195733e-01 3.069499683751895636e-01
3.082625150620118548e-01 3.932281607550158764e-01 1.460754801115447532e-01 2.307417366474426856e-01
1.756545430704093413e-01 3.764462380768193728e-01 1.635799830995878779e-01 9.035460088964231140e-02
2.380829094483891128e-01 -2.995448702159025575e-02 8.502148096480767470e-02 5.855224298868490218e-02
1.035162034708257683e-01 2.810267917684487055e-02 5.545957424008073067e-02 5.815942644050241250e-03
8.530163171471606687e-02 4.673258435055420434e-02 -5.144047904381646857e-02 -5.084197881851101886e-02
1.601344931525415516e-02 -4.999901584999999926e+00 -5.042267984472407344e-02 -5.783688020365992943e-02
-1.026078294768756477e-01 -9.932400610423859633e-02 -9.943199432516441894e-02 -1.079662725226654407e-01
-1.034852058977907274e-01 -9.531183793972526630e-02 -5.000000000000000000e+00 -1.053538162934782862e-01
0.000000000000000000e+00 0.000000000000000000e+00 0.000000000000000000e+00 0.000000000000000000e+00
-5.000000000000000000e+00 2.114209333901281851e-02 -8.548737591599311902e-02 -9.704449779497575923e-02
-9.135247008913663369e-02 7.088373810595260949e-02 2.336777002949163573e-01 8.505651275490441754e-02
1.866706023903046963e-01 1.805538739767596768e-01 2.605115286401180619e-01 1.680705556724865213e-01
2.311746950077589180e-01 2.360501989966167224e-01 3.273036214937805055e-01 2.144705243797856709e-01
2.381130406972943592e-01 4.070346631224855405e-01 3.956533543831540767e-01 3.325847556363876190e-01
3.720298055876128385e-01 4.312532682744668611e-01 3.768150637087376298e-01 3.042242617770927748e-01
3.454401160857923370e-01 4.632613373875469343e-01 3.459530595421461685e-01 3.465775173536930209e-01
3.822140628271467611e-01 4.472882340855912631e-01 4.149364163072321032e-01 3.091056136257905318e-01
2.723907601128744416e-01 5.425786453647252205e-01 4.193455023333603204e-01 2.453068076095542005e-01
3.599772320627520061e-01 5.801924547856330827e-01 1.415615925724096058e-01 -5.208833077774221998e-02
2.057378200453232053e-01 9.576978499542795897e-03 5.444986111720017535e-02 4.596644383528183248e-02
2.810454468964704994e-02 6.838553876986337710e-02 -4.999901584999999926e+00 3.545868275473194886e-02
0.000000000000000000e+00 0.000000000000000000e+00 0.000000000000000000e+00 0.000000000000000000e+00
-9.925350145662185930e-02 -9.478531419209595965e-02 -9.528314116714081683e-02 -1.034918134355640867e-01
-9.957626557381715759e-02 -9.153905576471033090e-02 -9.151877907109412513e-02 -1.004807169392972627e-01
-9.523385735074896274e-02 -8.600057220527185242e-02 -8.602292376130760143e-02 -5.000000000000000000e+00
-9.135692818307750152e-02 -8.082146426044647947e-02 1.241015138918773603e-01 -9.133648532887969629e-02
-7.410486376294982136e-02 1.060736702372225976e-03 1.902883164724098464e-01 1.424118464957457308e-01
1.422580997192875729e-01 1.039039266203058975e-01 2.472018735816687018e-01 1.491046944639089211e-01
2.185222540820857817e-01 1.452090576291189539e-01 3.610017124768142294e-01 2.714092817939491864e-01
3.147690791879373950e-01 4.404447443579736499e-01 3.857242717533154730e-01 3.701243835116631020e-01
3.797292626568593010e-01 4.645626822242376330e-01 4.644730216021167868e-01 3.961877858638647165e-01
4.294212993724987326e-01 4.996254206837671963e-01 4.890014056884260385e-01 4.267660428821836160e-01
3.400144421785727955e-01 5.478406297691892357e-01 4.925982120941974074e-01 3.491047570191248006e-01
4.650962969332768648e-01 5.408060474329507983e-01 5.878024963554534521e-01 4.744342102060463140e-01
5.385165221017356174e-01 6.308537975550516652e-01 4.661170217381948033e-01 5.151319111368400927e-01
5.832966225034721397e-01 4.157607158276586112e-01 6.017289555893495095e-02 -3.461325113086247129e-02
3.564828841413690552e-02 2.746979867011648535e-01 3.598775998294435202e-02 3.886057739820250601e-02
6.026416151529895293e-02 -2.495918350450000017e-02 1.107707896542788062e-02 -4.999970475499999623e+00
-9.459547814287835865e-02 -8.947889856108078022e-02 -9.106415324842978554e-02 -9.940130520532226843e-02
-9.479871987140307821e-02 -8.667288533210140700e-02 -8.601127191081203716e-02 -9.618339447659507435e-02
-9.149492733995205629e-02 -8.091808987491562466e-02 -8.003647730455415443e-02 -9.150542438769697362e-02
-8.580423658492047911e-02 -7.675869581611545478e-02 -7.606483593363262685e-02 -8.602139874142453180e-02
-8.002090608969621155e-02 -7.189061528708809434e-02 9.514177383758826156e-02 -8.003666136722036029e-02
-7.372492477953995760e-02 -6.672492486543833701e-02 7.135147638022304450e-02 1.698730314080404979e-01
2.693647121138824374e-02 -6.000123277500611640e-02 4.100139096178254117e-01 1.723556635257658676e-01
2.542817870375801426e-01 2.288422174124691011e-01 4.746449052547098701e-01 3.908405071075108927e-01
4.005665652382944253e-01 -5.000000000000000000e+00 5.102150688766683428e-01 4.268656981009937845e-01
4.685381930639992976e-01 2.722259104460910129e-01 5.482647594189787865e-01 4.632143729112603303e-01
4.828804861861724085e-01 5.508790193624103493e-01 5.882686712560274422e-01 4.971800269866174515e-01
4.647981819417971727e-01 6.229548978531168624e-01 6.307119675121830582e-01 5.429129283259229721e-01
5.880745011119641319e-01 6.522825298661378834e-01 6.749612592328778637e-01 5.810376895800025698e-01
6.151509402243120483e-01 7.211466170159857025e-01 3.259127851741018267e-01 4.759416733582735315e-01
-3.196800046189574723e-02 3.664135745675019540e-01 5.132541127174613527e-01 1.667281714635776846e-01
3.265054876720092647e-01 7.606701200820705777e-01 -1.905760500000000177e-02 -2.645187994592499564e-02
-8.493776655276659426e-02 -8.433665949783014648e-02 -8.645349956884217091e-02 -9.441054588077683885e-02
-8.934921389338673636e-02 -8.073123348056783499e-02 -8.202874925798782357e-02 -9.147764770653443733e-02
-8.396434102730999938e-02 -7.807092662042942888e-02 -7.681595240825650484e-02 -8.528156542864133438e-02
-7.990070843073709961e-02 -7.154074187107083149e-02 -7.199738901845535721e-02 -8.000011339400248112e-02
-7.599424204078425449e-02 -6.589918145343090505e-02 -6.686044915070181449e-02 -7.564480117157769412e-02
-7.188749415108521001e-02 -6.003301166603663974e-02 2.677085856101415334e-02 -6.937574732953498413e-02
-6.566299919456833334e-02 -5.272003864336985424e-02 1.890108112378903749e-01 -6.007427348906842907e-02
-6.002342843130163696e-02 -4.498856887630828943e-02 -4.999999999999961808e+00 3.816918539393316379e-01
0.000000000000000000e+00 0.000000000000000000e+00 0.000000000000000000e+00 0.000000000000000000e+00
-4.999901584999999926e+00 3.109977655851373091e-02 4.925694445632408103e-01 3.457114802165117129e-01
3.089299185590053676e-01 7.297548341280196693e-02 6.222213506418067253e-01 3.533313029053160026e-01
-3.228360383613970014e-02 -4.999999202838499635e+00 6.763573513948670790e-01 5.793060459543839524e-01
4.987264221732985447e-01 7.255077199332988780e-01 6.353575056310856173e-01 5.606774925336588389e-01
5.862619824730982421e-01 7.697609448261849563e-01 4.180844854918990272e-01 6.724269535515059459e-01
6.447305003006508217e-01 5.703013197388000499e-01 6.478860126870662484e-01 -2.816334126078497840e-02
1.488749595381999025e-01 8.815426723598280834e-01 -9.100000000000000450e-03 4.982723375836148327e-01
-8.262403695607743737e-02 -7.851514170438288198e-02 -8.180702349983649813e-02 -8.567045523575449184e-02
-8.391933970472888193e-02 -7.694762188795746527e-02 -7.833365355268021024e-02 -8.090079387980218806e-02
-7.671530478932521435e-02 -4.999999999998587796e+00 -7.239741454715546698e-02 -8.046222000364161575e-02
-7.816405580869650871e-02 -6.648590360169123747e-02 -6.584540133144260732e-02 -7.603372419342278865e-02
-7.029258998994181162e-02 -6.161892528435744532e-02 -5.978205927279144072e-02 -7.046637636819817752e-02
-6.612691344584790965e-02 -6.106462143640196266e-02 -5.272454685661605300e-02 -6.682791228929357841e-02
-5.968446348602974433e-02 -5.693864607057004534e-02 -4.498854347521256958e-02 -5.997176333806960441e-02
-5.268502747391302227e-02 -4.928594876401940633e-02 -3.683112206477802408e-02 -5.219471531388645419e-02
-4.220253409770621800e-02 -4.999970475499999623e+00 -3.359589582751613263e-02 -4.999970475499999623e+00
-3.571878591629208677e-02 -3.058860677295233144e-02 7.336805120235909139e-02 -3.865381247589668584e-02
-2.824602824568070783e-02 -2.703882864581499956e-02 -4.998906500000000364e+00 9.823107649876991476e-02
0.000000000000000000e+00 0.000000000000000000e+00 0.000000000000000000e+00 0.000000000000000000e+00
-4.999901584999999926e+00 2.836444703222193997e-01 7.746672414862638689e-01 6.563228473283753139e-01
6.133365090466350589e-01 -1.605084389999999681e-02 8.265801032160193795e-01 7.049907921664885224e-01
5.397567686386528507e-01 -4.865000000000000213e+00 8.807267127775927351e-01 4.320629489406999646e-01
8.230291327052592365e-01 9.392622914913142385e-01 8.557613814391451523e-01 8.104672644708028617e-01
-7.810313764548608428e-02 -7.727236071861512401e-02 -7.526171382742610771e-02 -8.213084319118517385e-02
-8.123873993003595528e-02 -7.132658183679771446e-02 -4.999999760851549624e+00 -7.495265404475801030e-02
0.000000000000000000e+00 0.000000000000000000e+00 0.000000000000000000e+00 0.000000000000000000e+00
-4.999997342794999966e+00 -5.978039182100481491e-02 -6.201098916468985450e-02 -7.140795314177886266e-02
-6.578242702319814228e-02 -5.554126640713254875e-02 -5.708551846099928218e-02 -6.604254501002906896e-02
-5.888213436196253897e-02 -5.408910176006379023e-02 -5.743346087201694344e-02 -5.764764140614061366e-02
-6.055662119302186036e-02 -5.072611971364981293e-02 -5.056665989851771154e-02 -5.265751333098956516e-02
-5.755603463982239543e-02 -4.343860254365277535e-02 -4.999999202838499635e+00 -4.289300305909136274e-02
0.000000000000000000e+00 0.000000000000000000e+00 0.000000000000000000e+00 0.000000000000000000e+00
-4.999671949999999754e+00 -3.085938025647749772e-02 -2.555527859499999790e-02 -2.917668449659224089e-02
-2.939903026567499550e-02 -4.959500000000000242e+00 -2.259902616999999794e-02 -1.972038249999999784e-02
-2.247707349999999993e-02 -1.578149999999999692e-02 2.822479703222193770e-01 -4.959500000000000242e+00
-1.866602499999999928e-02 -1.375499999999999813e-02 -1.375499999999999813e-02 4.414488275522096550e-01
2.830669703222193911e-01 -1.375499999999999813e-02 -4.996355000000000324e+00 -6.999999999999999278e-03
0.000000000000000000e+00 0.000000000000000000e+00 0.000000000000000000e+00 0.000000000000000000e+00
-4.959500000000000242e+00 9.997812999999999839e-01 9.359705739999999441e-01 8.761449253910790214e-01
-7.763129984378600024e-02 -7.766339499953719971e-02 -7.129598735320145930e-02 -7.867397870807127380e-02
-7.762887878623024596e-02 -7.107897010605027099e-02 -6.468725424694003745e-02 -7.710998333146290573e-02
-7.122692265409173717e-02 -6.256392550367269323e-02 -6.008893460837894107e-02 -4.999671949999999754e+00
-6.633062863074631887e-02 -6.377803268005029225e-02 -5.857829792607421870e-02 -6.562577951593510928e-02
-6.541044606301978093e-02 -6.030591154079169292e-02 -5.624955091175556920e-02 -5.787758693996773035e-02
-6.153783256091164416e-02 -5.588044086399524685e-02 -5.065726316910813126e-02 -5.384961328622342447e-02
-5.800100883917479189e-02 -5.067896111202573051e-02 -4.410353529818214491e-02 -5.744280032015262188e-02
-5.130777487149456445e-02 -3.602639664224336485e-02 -3.999755661091744519e-02 -4.791178875428844797e-02
-4.156376835004579884e-02 -3.350428156046354744e-02 -3.543756118082001111e-02 -4.999997342794999966e+00
-3.570799331745092703e-02 -3.500166128108124497e-02 -4.999970475499999623e+00 -3.029406307402125048e-02
0.000000000000000000e+00 0.000000000000000000e+00 0.000000000000000000e+00 0.000000000000000000e+00
-4.549999999999999822e+00 -1.375499999999999813e-02 -9.730000000000000801e-03 -1.515150000000000004e-02
-1.457399999999999841e-02 -9.975700000000000539e-03 -6.999999999999999278e-03 -9.100000000000000450e-03
-9.100000000000000450e-03 -9.100000000000000450e-03 -6.999999999999999278e-03 -6.999999999999999278e-03
-6.999999999999999278e-03 0.000000000000000000e+00 0.000000000000000000e+00 0.000000000000000000e+00
0.000000000000000000e+00 0.000000000000000000e+00 0.000000000000000000e+00 0.000000000000000000e+00
