5.404578550011489568e-01 5.794293210538410399e-01 5.794293210538410399e-01 5.404578550011489568e-01
5.404578550011489568e-01 6.204519168987800981e-01 6.204519168987800981e-01 5.794293210538410399e-01
5.794293210538410399e-01 6.636335967355579957e-01 6.636335967355579957e-01 6.204519168987800981e-01
6.204519168987800981e-01 7.090879965637453264e-01 7.090879965637453264e-01 6.636335967355579957e-01
6.636335967355577736e-01 7.569347332249951599e-01 7.569347332015751162e-01 7.090879965637452154e-01
7.090706445562489080e-01 8.072997191842036235e-01 -5.000000000000000000e+00 7.563804059215826214e-01
0.000000000000000000e+00 0.000000000000000000e+00 0.000000000000000000e+00 0.000000000000000000e+00
-5.000000000000000000e+00 7.706489657677009220e-01 -1.387608458027796421e-01 2.746826232055397665e-01
-1.405882206240735843e-01 -1.363522490522550146e-01 -1.362281269781509263e-01 -1.385930060845479705e-01
-1.384735057599429942e-01 -1.332685747657662012e-01 -1.329206113174561943e-01 -1.357230113451582398e-01
-1.351540718510021166e-01 -1.306914340592960910e-01 -1.293936143911149084e-01 -1.329127476272516095e-01
-1.309109248454526919e-01 -1.268126775295878583e-01 -1.269605826040430818e-01 -1.299228904069253676e-01
-1.294492949233208567e-01 -1.233787687122677723e-01 -1.235292304371743005e-01 -1.263899684527456935e-01
-1.262752970869403246e-01 -1.202247410708721514e-01 -1.204295365018009933e-01 -1.233564074515890174e-01
-1.199383276480884830e-01 -1.167722299487115312e-01 -1.176171070184449108e-01 -1.184873239017173868e-01
-1.171205397744163185e-01 -1.153540152638790617e-01 -1.149915911436799748e-01 -1.164322699951560180e-01
-1.115740771246973434e-01 -1.124437114051375364e-01 -1.133060129364398955e-01 -1.118586802356245496e-01
-1.096836129991085734e-01 -1.102254376184003404e-01 -1.091639021337061505e-01 -1.111932078754452463e-01
-1.094297921255182188e-01 -1.066208625475489197e-01 -1.117331272430614614e-01 -1.087966683572017673e-01
-1.106148887088308080e-01 -1.101562593172319554e-01 -1.129707471516216283e-01 -1.111949267755628912e-01
5.794293210538410399e-01 -5.000000000000000000e+00 6.204519168987800981e-01 5.404578550011489568e-01
5.794293210538410399e-01 -5.000000000000000000e+00 6.636335967355579957e-01 5.794293210538410399e-01
6.204519168987800981e-01 7.090879965637453264e-01 7.090879965637453264e-01 6.204519168987800981e-01
6.636335967355579957e-01 7.569347332249951599e-01 7.569347332249951599e-01 6.636335967355579957e-01
7.090879965637453264e-01 8.072997191842055109e-01 8.072997191842055109e-01 7.090879965637453264e-01
7.569347332241262993e-01 8.603154938781111261e-01 8.603154938781027994e-01 7.569347332235772940e-01
7.815828539779807738e-01 9.161215725032749724e-01 8.070141478451456907e-01 -5.000000000000000000e+00
8.602934868773209898e-01 9.134321661503294054e-01 2.895586027315674715e-01 5.446962430742947614e-01
7.173531702679923905e-01 1.004811398911865661e+00 -1.338778190460012951e-01 -1.390593075455832384e-01
8.323892681379071457e-01 -1.308834325468809234e-01 -1.305834494519567124e-01 -1.360373702935206430e-01
-1.332883957785271911e-01 -1.283137925572908344e-01 -1.272769634393814964e-01 -1.308723948897791700e-01
-1.302557721090138732e-01 -5.000000000000000000e+00 -1.234567085798539826e-01 -1.302975048397206903e-01
-1.240120896500590680e-01 -1.202962700690559938e-01 -1.204765690431352093e-01 -1.267870979743352111e-01
-1.217216764851364319e-01 -1.168561619958228409e-01 -1.170867708235739518e-01 -1.228813970468780048e-01
-1.204464448671912075e-01 -1.133330048796962197e-01 -1.145292905105163572e-01 -1.176318681147741352e-01
-1.118913014049493504e-01 -1.134936417926014907e-01 -1.128088063958394144e-01 -1.154903194810440598e-01
-1.139719155819403779e-01 -1.101185649848126502e-01 -1.092226926611392368e-01 -1.143178468900962891e-01
-1.088306982231730807e-01 -1.072647848370333334e-01 -1.068111401806688954e-01 -1.116268252533386685e-01
-1.099227526970246727e-01 -1.031587171671179276e-01 -1.059468593791180052e-01 -1.073898617453628995e-01
-1.066733756316046722e-01 -1.067046346921858013e-01 -1.077079903182325826e-01 -1.101712676900690746e-01
0.000000000000000000e+00 0.000000000000000000e+00 0.000000000000000000e+00 0.000000000000000000e+00
0.000000000000000000e+00 0.000000000000000000e+00 0.000000000000000000e+00 0.000000000000000000e+00
-5.000000000000000000e+00 7.569347332249951599e-01 7.569347332249951599e-01 6.636335967355579957e-01
7.090879965637453264e-01 8.072997191842055109e-01 8.072997191842055109e-01 7.090879965637453264e-01
7.569347332249951599e-01 8.603154938781111261e-01 8.603154938781111261e-01 7.569347332249951599e-01
8.072997191842055109e-01 9.161215725032749724e-01 9.161215725032748614e-01 8.072997191842055109e-01
8.603154895575380046e-01 9.748648131613421031e-01 9.748543608304551800e-01 8.603077139186883215e-01
9.158895865066192243e-01 1.036622992483483330e+00 1.036699638954184710e+00 7.325169432562828042e-01
9.721066894420095084e-01 1.101789191082863217e+00 9.059694830745946836e-01 5.336910001543646587e-01
1.016463032024493618e+00 -1.283729833035181234e-01 -1.285830481949901127e-01 3.323225696082167113e-01
-1.301193220244751814e-01 -1.250314201386354962e-01 -5.000000000000000000e+00 -1.304560484359488792e-01
0.000000000000000000e+00 0.000000000000000000e+00 0.000000000000000000e+00 0.000000000000000000e+00
-5.000000000000000000e+00 -1.165941472699299902e-01 -1.182419989663406057e-01 -1.229218341103265055e-01
-1.156990427711917790e-01 -5.000000000000000000e+00 -1.156312410870900115e-01 -1.191857898915407721e-01
-1.150968288832650843e-01 -1.119176876443852969e-01 -1.128346398758472147e-01 -1.144962012168157378e-01
-1.114853148140525912e-01 -1.104424652114581740e-01 -1.097868317381166942e-01 -1.112370798098314822e-01
-1.098240157772070041e-01 -1.072933135570914576e-01 -1.076783661881784426e-01 -1.110051164587323447e-01
-1.099533024304879536e-01 -1.052415675925415239e-01 -1.060862936978825416e-01 -1.093463151960665930e-01
-1.062230367426840461e-01 -1.039417137101780603e-01 -1.050849571326370191e-01 -1.060081953337449617e-01
-1.064363519953376164e-01 -1.034315795089456591e-01 -1.023602267324723453e-01 -1.046487996324800274e-01
6.636175976996151471e-01 7.090828321574585980e-01 7.090879965637453264e-01 -5.000000000000000000e+00
6.636335967355579957e-01 7.569347332249951599e-01 7.569347332249951599e-01 -5.000000000000000000e+00
7.090879965637453264e-01 8.072997191842055109e-01 8.072997191842055109e-01 7.090879965637453264e-01
7.569347332249951599e-01 8.603154938781111261e-01 8.603154938781111261e-01 7.569347332249951599e-01
8.072997191842055109e-01 9.161215725032749724e-01 9.161215725032749724e-01 8.072997191842055109e-01
8.603154938781111261e-01 9.748648131613421031e-01 9.748648131613421031e-01 8.603154938781111261e-01
9.161215725032458845e-01 1.036699803327728597e+00 1.036699803327326030e+00 9.161215725032747503e-01
9.739102035196485208e-01 1.101789266660766931e+00 1.100523919733072287e+00 9.728223842218725048e-01
1.026155038781446205e+00 1.170304490747755333e+00 8.120249904767825599e-01 1.033863606862919893e+00
1.084265809143506454e+00 -5.000000000000000000e+00 -1.248886574581425518e-01 4.940907665311684016e-01
6.487923309570683417e-01 -1.213224085483861625e-01 -1.212060004696910581e-01 -1.278167234712246914e-01
-1.235778010209448857e-01 -5.000000000000000000e+00 -1.171699276116185406e-01 -5.000000000000000000e+00
-1.208569974277831222e-01 -1.128489440627862689e-01 -5.000000000000000000e+00 -1.186589465282483769e-01
0.000000000000000000e+00 0.000000000000000000e+00 0.000000000000000000e+00 0.000000000000000000e+00
-4.999999999995292654e+00 -1.091264833306276050e-01 -1.076126195496411309e-01 -1.096310122914404134e-01
-1.089451473583181174e-01 -1.060786402189948796e-01 -1.083319584240742262e-01 -1.074464033791417555e-01
-1.062170696926560687e-01 -4.999999998062897077e+00 -1.045474931387928991e-01 -1.104083202517585210e-01
-1.050661454016910551e-01 -1.020257849455365740e-01 -1.030012002090079232e-01 -1.042260506290320493e-01
-1.001440055637187604e-01 -1.009766719349150521e-01 -1.000672276288969709e-01 -1.057493112736796470e-01
-1.011388160224749172e-01 -9.988013535292912526e-02 -1.014805158533497037e-01 -1.033583455163768344e-01
7.090879853145688472e-01 7.569347320330321871e-01 7.569347332249951599e-01 6.636335796055277125e-01
7.090879965637453264e-01 8.072997191842055109e-01 8.072997191842055109e-01 7.090879965637453264e-01
7.569347332249951599e-01 8.603154938781111261e-01 8.603154938781111261e-01 7.569347332249951599e-01
8.072997191842055109e-01 9.161215725032749724e-01 9.161215725032749724e-01 8.072997191842055109e-01
8.603154938781111261e-01 9.748648131613421031e-01 9.748648131613421031e-01 8.603154938781111261e-01
9.161215725032749724e-01 1.036699803327728597e+00 1.036699803327728597e+00 9.161215725032749724e-01
9.748648131613421031e-01 1.101789266660766931e+00 1.101789266660766931e+00 9.748648131613421031e-01
1.036699803327711944e+00 1.170304491221860088e+00 1.170304489531472703e+00 1.036699803177069334e+00
1.101782940925226661e+00 1.242425780233537003e+00 -5.000000000000000000e+00 1.101064771095403572e+00
0.000000000000000000e+00 0.000000000000000000e+00 0.000000000000000000e+00 0.000000000000000000e+00
-5.000000000000000000e+00 1.277839679614350965e-01 -4.999999999999988454e+00 -1.233978595259824368e-01
0.000000000000000000e+00 0.000000000000000000e+00 0.000000000000000000e+00 0.000000000000000000e+00
-5.000000000000000000e+00 -1.102574617701029408e-01 -1.102694036583307668e-01 -1.157536385031537607e-01
-1.071441204784177731e-01 -4.955238603809693915e-02 -1.066629502788696560e-01 -4.999999999999576339e+00
-1.092087904680734411e-01 -1.045426134270008162e-01 -1.049292862493066275e-01 -1.101470220393924032e-01
-1.067709286158027154e-01 -9.993167370945033046e-02 -4.999999999418869301e+00 -1.081098574588896244e-01
0.000000000000000000e+00 0.000000000000000000e+00 0.000000000000000000e+00 0.000000000000000000e+00
-4.999999993542991739e+00 -9.812955186149478759e-02 -1.004018486908500596e-01 -9.832211351006717170e-02
-1.000634728757679032e-01 -9.644700308159592783e-02 -9.754863047696411826e-02 -9.956503761521405538e-02
-1.006303419749440403e-01 -9.803521567816304849e-02 -9.986604806981304316e-02 -1.025343848570680061e-01
7.569347199324716335e-01 8.072997150869646310e-01 8.072997191842055109e-01 7.090879965629378612e-01
7.569347332249951599e-01 8.603154938781111261e-01 8.603154938781111261e-01 7.569347332249951599e-01
8.072997191842055109e-01 9.161215725032749724e-01 9.161215725032749724e-01 8.072997191842055109e-01
8.603154938781111261e-01 9.748648131613421031e-01 9.748648131613421031e-01 8.603154938781111261e-01
9.161215725032749724e-01 1.036699803327728597e+00 1.036699803327728597e+00 9.161215725032749724e-01
9.748648131613421031e-01 1.101789266660766931e+00 1.101789266660766931e+00 9.748648131613421031e-01
1.036699803327728597e+00 1.170304491221860088e+00 1.170304491221860088e+00 1.036699803327728597e+00
1.101789266660766931e+00 1.242425780233537003e+00 1.242425780233537003e+00 1.101789266660766931e+00
1.170304491221860088e+00 1.318342926561618000e+00 1.318342926560928552e+00 1.170304491221857868e+00
1.242424363127626830e+00 1.398255712170124232e+00 1.393673430875883579e+00 -5.000000000000000000e+00
8.864561079731296811e-01 1.482374142300060482e+00 1.304323184303290972e+00 -1.216322229474481181e-01
9.339769931874333242e-01 1.570883757132380376e+00 1.035352755094126831e+00 -5.000000000000000000e+00
1.003528189329359721e+00 1.617800085740627392e+00 -1.075835292173056984e-01 -1.109073277094478338e-01
-1.041436062710319604e-01 1.602182702532582770e+00 -4.050134192928264709e-02 -1.089071403840972257e-01
-1.076229206264166099e-01 -1.001873478782517451e-01 4.787930912042467346e-01 -1.089085481448737319e-01
-1.029736898308963866e-01 -9.452158751312469964e-02 9.825282092991147742e-01 -1.053917680646217631e-01
-2.577647058985939321e-02 1.705601175702329719e+00 -9.304693169050130830e-02 -4.999999928255465242e+00
-9.668103879137780743e-02 3.017461905996420279e-01 -9.488090426912988706e-02 -1.024747794521729261e-01
-9.578841075256856741e-02 -9.170071247894313882e-02 -9.500952556581639119e-02 -9.576692603346337318e-02
-9.604198678061327821e-02 -9.499321582795856866e-02 -9.401311934239731105e-02 -9.950831585098460219e-02
8.072997191841813081e-01 8.603154932526058118e-01 8.603154938781111261e-01 7.569347309485118247e-01
8.072997191842055109e-01 9.161215725032749724e-01 9.161215725032749724e-01 8.072997191842055109e-01
8.603154938781111261e-01 9.748648131613421031e-01 9.748648131613421031e-01 8.603154938781111261e-01
9.161215725032749724e-01 1.036699803327728597e+00 1.036699803327728597e+00 9.161215725032749724e-01
9.748648131613421031e-01 1.101789266660766931e+00 1.101789266660766931e+00 9.748648131613421031e-01
1.036699803327728597e+00 1.170304491221860088e+00 1.170304491221860088e+00 1.036699803327728597e+00
1.101789266660766931e+00 -5.000000000000000000e+00 1.242425780233537003e+00 1.101789266660766931e+00
1.170304491221860088e+00 1.318342926561618000e+00 1.318342926561618000e+00 1.170304491221860088e+00
1.242425780233537003e+00 1.398255712170124232e+00 1.398255712170124232e+00 1.242425780233537003e+00
1.318342926561618000e+00 1.482374433863288710e+00 1.482374433863287599e+00 1.318342926561618000e+00
1.398255371941135916e+00 1.570920456698198686e+00 1.570916753132150623e+00 1.398035682930665713e+00
1.473730149591003125e+00 1.664126796524405538e+00 1.651848305600714273e+00 1.482017522544476051e+00
1.520637485071435702e+00 1.762238732173605271e+00 1.689550506307580635e+00 1.217672609657993066e+00
1.133105963895036705e+00 1.865514352000059439e+00 1.853690094621571971e+00 1.297026682026449329e+00
-1.036176648388369148e-01 1.974170748793318442e+00 1.845425451250079174e+00 -1.048601516259303063e-01
1.271303281005770947e+00 2.087282102349154123e+00 2.370456184999531202e-01 -1.003599722566373559e-01
1.343515880246710870e+00 1.912521374610919089e+00 1.373737806813276618e+00 1.390420190239457732e+00
1.190128279782192156e+00 1.980979147311821675e+00 -8.891154363184673726e-02 1.037372568471444240e-01
-9.288722374736203824e-02 5.720378433594692780e-01 -9.286720091379729869e-02 -9.323347037422789751e-02
-9.055898426938964463e-02 -4.999991142649999887e+00 -9.250610238940148999e-02 -9.667552803340662138e-02
8.603154937612379483e-01 9.161182983656175338e-01 9.161215725032749724e-01 8.072997191839368369e-01
8.603154938781111261e-01 9.748648131613421031e-01 9.748648131613421031e-01 8.603154938781111261e-01
9.161215725032749724e-01 1.036699803327728597e+00 1.036699803327728597e+00 9.161215725032749724e-01
9.748648131613421031e-01 1.101789266660766931e+00 1.101789266660766931e+00 9.748648131613421031e-01
1.036699803327728597e+00 1.170304491221860088e+00 1.170304491221860088e+00 1.036699803327728597e+00
1.101789266660766931e+00 1.242425780233537003e+00 -5.000000000000000000e+00 1.101789266660766931e+00
0.000000000000000000e+00 0.000000000000000000e+00 0.000000000000000000e+00 0.000000000000000000e+00
-5.000000000000000000e+00 1.398255712170124232e+00 1.398255712170124232e+00 1.242425780233537003e+00
1.318342926561618000e+00 1.482374433863288710e+00 1.482374433863288710e+00 1.318342926561618000e+00
1.398255712170124232e+00 1.570920456698198686e+00 1.570920456698198686e+00 1.398255712170124232e+00
1.482374433863288710e+00 1.664126796524419749e+00 1.664126796524419749e+00 1.482374433863288710e+00
1.570920456698140066e+00 1.762238733183599804e+00 1.762238733182567740e+00 1.570920456657455722e+00
1.664126791370055480e+00 1.865514420995906475e+00 1.865514455982736797e+00 1.664126778233985249e+00
1.762238733159515736e+00 1.974225743139722988e+00 1.974225741278458957e+00 1.762238537389090309e+00
1.865213403006807935e+00 2.088658676987879659e+00 2.088558096263008146e+00 1.860493671001404170e+00
1.969103368405144439e+00 2.209114339184213627e+00 1.709667548345518373e+00 1.933005460774357420e+00
1.892149787212907830e+00 2.075874413150649467e+00 1.666435665367361096e+00 1.709107989627865809e+00
1.748604143932494415e+00 2.193222243219734136e+00 1.755676166127536353e-01 1.463285821446827839e+00
-8.971525353407731884e-02 1.399374507925295053e+00 -4.999999998062897077e+00 -9.093425946947092386e-02
0.000000000000000000e+00 0.000000000000000000e+00 0.000000000000000000e+00 0.000000000000000000e+00
9.156767693271005149e-01 9.748576927050681684e-01 9.748648131613421031e-01 8.603154935444471407e-01
9.161215725032749724e-01 1.036699803327728597e+00 1.036699803327728597e+00 9.161215725032749724e-01
9.748648131613421031e-01 1.101789266660766931e+00 1.101789266660766931e+00 9.748648131613421031e-01
1.036699803327728597e+00 1.170304491221860088e+00 1.170304491221860088e+00 1.036699803327728597e+00
1.101789266660766931e+00 1.242425780233537003e+00 1.242425780233537003e+00 1.101789266660766931e+00
1.170304491221860088e+00 1.318342926561618000e+00 1.318342926561618000e+00 1.170304491221860088e+00
1.242425780233537003e+00 1.398255712170124232e+00 1.398255712170124232e+00 -5.000000000000000000e+00
1.318342926561618000e+00 1.482374433863288710e+00 1.482374433863288710e+00 1.318342926561618000e+00
1.398255712170124232e+00 1.570920456698198686e+00 1.570920456698198686e+00 1.398255712170124232e+00
1.482374433863288710e+00 1.664126796524419749e+00 1.664126796524419749e+00 1.482374433863288710e+00
1.570920456698198686e+00 1.762238733183599804e+00 1.762238733183599804e+00 1.570920456698198686e+00
1.664126796524419749e+00 1.865514455982736797e+00 1.865514455982736797e+00 1.664126796524419749e+00
1.762238733183599360e+00 1.974225743139722766e+00 1.974225743139722988e+00 1.762238733183599804e+00
1.865514455982736797e+00 2.088658676989182172e+00 2.088658676989182172e+00 1.865514455982736797e+00
1.974225717316394180e+00 2.209114396830718086e+00 2.209112314099589636e+00 1.974225216893754409e+00
2.062218780336332991e+00 2.335909891399738481e+00 2.081543789529205490e+00 2.088382967352898412e+00
2.050216008150787417e+00 1.700118281016090860e+00 2.207043499326023728e+00 1.828795874298712487e+00
1.647658700092093254e+00 2.335462363378719708e+00 1.975203291582156018e+00 2.022027844118573725e+00
2.192581960707138400e+00 6.729600504000030625e-01 1.101230216633120484e+00 7.695001662619549432e-01
1.364480965797019607e+00 -7.665923813617470106e-02 -7.922831068871874494e-02 -4.999901584999999926e+00
9.448676997144995759e-01 -5.000000000000000000e+00 1.036699803327728597e+00 9.160353678343253758e-01
9.748648131613421031e-01 1.101789266660766931e+00 1.101789266660766931e+00 9.748648131613421031e-01
1.036699803327728597e+00 1.170304491221860088e+00 1.170304491221860088e+00 1.036699803327728597e+00
1.101789266660766931e+00 1.242425780233537003e+00 1.242425780233537003e+00 1.101789266660766931e+00
1.170304491221860088e+00 1.318342926561618000e+00 1.318342926561618000e+00 1.170304491221860088e+00
1.242425780233537003e+00 1.398255712170124232e+00 1.398255712170124232e+00 1.242425780233537003e+00
1.318342926561618000e+00 1.482374433863288710e+00 1.482374433863288710e+00 1.318342926561618000e+00
1.398255712170124232e+00 1.570920456698198686e+00 1.570920456698198686e+00 1.398255712170124232e+00
1.482374433863288710e+00 1.664126796524419749e+00 1.664126796524419749e+00 1.482374433863288710e+00
1.570920456698198686e+00 1.762238733183599804e+00 1.762238733183599804e+00 1.570920456698198686e+00
1.664126796524419749e+00 1.865514455982736797e+00 1.865514455982736797e+00 1.664126796524419749e+00
1.762238733183599804e+00 1.974225743139722988e+00 1.974225743139722988e+00 1.762238733183599804e+00
1.865514455982736797e+00 2.088658676989182172e+00 2.088658676989182172e+00 1.865514455982736797e+00
1.974225743139722988e+00 2.209114396830718086e+00 2.209114396830718086e+00 1.974225743139722988e+00
2.088658676989182172e+00 2.335909891400755889e+00 2.335909891400442806e+00 2.088658676988965901e+00
2.209110905521449730e+00 2.469378833053426092e+00 2.469246080325889103e+00 2.209114297241249858e+00
2.315233319378436239e+00 2.609872254867146246e+00 2.330910333804225854e+00 2.017161067623308046e+00
2.469368451402861542e+00 -7.423820587403326399e-02 6.731279622159510589e-01 1.957310849569146916e+00
1.056552105474467540e+00 -7.573699129595107271e-02 -7.659826577829738359e-02 1.102355213097183650e+00
-7.420878254460878953e-02 -4.999991142649999887e+00 -7.614403580373027558e-02 -7.826993978888260872e-02
0.000000000000000000e+00 0.000000000000000000e+00 0.000000000000000000e+00 0.000000000000000000e+00
-5.000000000000000000e+00 1.170302123938686600e+00 1.170304491221860088e+00 1.036699803321309510e+00
1.101789266660766931e+00 1.242425780233537003e+00 1.242425780233537003e+00 1.101789266660766931e+00
1.170304491221860088e+00 1.318342926561618000e+00 1.318342926561618000e+00 1.170304491221860088e+00
1.242425780233537003e+00 1.398255712170124232e+00 1.398255712170124232e+00 1.242425780233537003e+00
1.318342926561618000e+00 1.482374433863288710e+00 1.482374433863288710e+00 1.318342926561618000e+00
1.398255712170124232e+00 -5.000000000000000000e+00 1.570920456698198686e+00 1.398255712170124232e+00
1.482374433863288710e+00 1.664126796524419749e+00 1.664126796524419749e+00 1.482374433863288710e+00
1.570920456698198686e+00 1.762238733183599804e+00 1.762238733183599804e+00 1.570920456698198686e+00
1.664126796524419749e+00 1.865514455982736797e+00 1.865514455982736797e+00 1.664126796524419749e+00
1.762238733183599804e+00 1.974225743139722988e+00 1.974225743139722988e+00 1.762238733183599804e+00
1.865514455982736797e+00 2.088658676989182172e+00 2.088658676989182172e+00 1.865514455982736797e+00
1.974225743139722988e+00 -5.000000000000000000e+00 2.209114396830718086e+00 1.974225743139722988e+00
2.088658676989182172e+00 2.335909891400755889e+00 2.335909891400755889e+00 2.088658676989182172e+00
2.209114396830718086e+00 2.469378833053426980e+00 2.469378833053426980e+00 2.209114396830718086e+00
2.335909891353844081e+00 2.609872455845712480e+00 2.609795471442914128e+00 2.335909890971686664e+00
2.469371267289319327e+00 2.757760479836823375e+00 2.369456487176485382e+00 2.451270621345114975e+00
2.561278356065434192e+00 2.598753549598208146e+00 -6.956640672265097802e-02 2.077114721275541420e+00
-7.214034212944334112e-02 -4.998906500000000364e+00 -4.999671949999999754e+00 -7.276270931451857271e-02
0.000000000000000000e+00 0.000000000000000000e+00 0.000000000000000000e+00 0.000000000000000000e+00
-1.255326531225782194e-01 -1.255058325511198281e-01 1.025647624093759980e+00 -5.000000000000000000e+00
5.741865342611233158e-01 5.462348721961713949e-01 1.242425780233537003e+00 1.101789262966930139e+00
1.170304491221858978e+00 1.318342926561063777e+00 1.318342926561618000e+00 1.170304491221860088e+00
1.242425780233537003e+00 1.398255712170124232e+00 1.398255712170124232e+00 1.242425780233537003e+00
1.318342926561618000e+00 1.482374433863288710e+00 1.482374433863288710e+00 1.318342926561618000e+00
1.398255712170124232e+00 1.570920456698198686e+00 -5.000000000000000000e+00 1.398255712170124232e+00
0.000000000000000000e+00 0.000000000000000000e+00 0.000000000000000000e+00 0.000000000000000000e+00
-5.000000000000000000e+00 1.762238733120194079e+00 1.762238733183599804e+00 1.570920456698198686e+00
1.664126796524419749e+00 1.865514455982736797e+00 1.865514455982736797e+00 1.664126796524419749e+00
1.762238733183599804e+00 1.974225743139722988e+00 1.974225743139722988e+00 1.762238733183599804e+00
1.865514455982736797e+00 -5.000000000000000000e+00 2.088658676989182172e+00 1.865514455982736797e+00
1.974225743139722988e+00 2.209114396830718086e+00 -5.000000000000000000e+00 1.974225743139722988e+00
0.000000000000000000e+00 0.000000000000000000e+00 0.000000000000000000e+00 0.000000000000000000e+00
-5.000000000000000000e+00 2.469378833053426980e+00 2.469378833053426980e+00 2.209114396830718086e+00
2.335909891400755889e+00 2.609872455845712480e+00 2.609872455845712480e+00 2.335909891400755889e+00
2.469378833053426980e+00 2.757760479837592094e+00 2.757760479837592094e+00 2.469378833053425648e+00
2.609871031876991765e+00 2.913432084039570658e+00 2.609872051997854214e+00 2.609420994547037687e+00
2.757760438970670247e+00 -4.999999760851549624e+00 -4.987849999999999895e+00 2.414222887590259159e+00
0.000000000000000000e+00 0.000000000000000000e+00 0.000000000000000000e+00 0.000000000000000000e+00
-4.549999999999999822e+00 -1.751158499999999965e-02 -6.999999999999999278e-03 -3.500000000000000000e+00
-1.256750873317859785e-01 -1.219360469111087919e-01 -1.227081582306015772e-01 -1.285204812924370388e-01
-1.258055156403413144e-01 -1.199185806523074271e-01 1.279517582421226818e+00 7.815708671122415518e-01
1.007599734699473837e+00 -1.164569937184280618e-01 1.398255712170124232e+00 1.241018838699483373e+00
1.318342926561576922e+00 -5.000000000000000000e+00 1.482374433863288710e+00 1.318342926561618000e+00
1.398255712170124232e+00 1.482987786837351774e+00 1.570920456698198686e+00 1.398255712170124232e+00
1.482374433863288710e+00 -5.000000000000000000e+00 1.664126796524419749e+00 1.482374433863288710e+00
1.570920456698198686e+00 1.762238733183598915e+00 1.762238733183599804e+00 -5.000000000000000000e+00
1.664126796524419749e+00 1.865514455982736797e+00 1.865514455982736797e+00 1.664126796524419749e+00
1.762238733183598249e+00 1.974225743139722988e+00 1.974225743139722988e+00 1.762238733183599804e+00
1.865514455982736797e+00 2.088658676989182172e+00 -5.000000000000000000e+00 1.865514455982736797e+00
0.000000000000000000e+00 0.000000000000000000e+00 0.000000000000000000e+00 0.000000000000000000e+00
-5.000000000000000000e+00 -5.000000000000000000e+00 2.335909891400755889e+00 2.088658676989182172e+00
2.209114396830718086e+00 -5.000000000000000000e+00 2.469378833053426980e+00 -5.000000000000000000e+00
2.335909891400755889e+00 2.609872455845712480e+00 2.609872455845712480e+00 2.335909891400755889e+00
2.469378833053426980e+00 2.757760479837592094e+00 2.757760479837592094e+00 2.469378833053426980e+00
2.609872455845712480e+00 2.913432084039570658e+00 2.913432084039570658e+00 2.609872455845712480e+00
2.757760479835847267e+00 3.077296930567968936e+00 -5.000000000000000000e+00 2.757760462623604969e+00
0.000000000000000000e+00 0.000000000000000000e+00 0.000000000000000000e+00 0.000000000000000000e+00
-3.500000000000000000e+00 -3.083187704624999748e-02 -1.814158500000000174e-02 -4.549999999999999822e+00
-2.139124749999999839e-02 -2.622211842491500161e-02 -1.375499999999999813e-02 -9.975700000000000539e-03
-1.208901703127496785e-01 -5.000000000000000000e+00 -1.178853184643069152e-01 -1.256157198556212273e-01
-1.219026723773797838e-01 -1.160232218251680131e-01 -1.159634964423124220e-01 -1.219142200136612841e-01
-1.174226568273552956e-01 -1.124980901332111594e-01 -5.000000000000000000e+00 -1.195997330506631956e-01
0.000000000000000000e+00 0.000000000000000000e+00 0.000000000000000000e+00 0.000000000000000000e+00
-5.000000000000000000e+00 1.635651820016858604e+00 -5.000000000000000000e+00 1.482374433858282936e+00
0.000000000000000000e+00 0.000000000000000000e+00 0.000000000000000000e+00 0.000000000000000000e+00
-5.000000000000000000e+00 1.865390910630214005e+00 1.865514455982736797e+00 1.664053769354716605e+00
1.762186705342192239e+00 1.974224161759823293e+00 1.974225743139722988e+00 1.762238729751630650e+00
1.865514455974840446e+00 2.088658676988565333e+00 2.088658676989182172e+00 1.865514455496988466e+00
1.974225743139722988e+00 2.209114396830718086e+00 -5.000000000000000000e+00 1.974225743139722988e+00
0.000000000000000000e+00 0.000000000000000000e+00 0.000000000000000000e+00 0.000000000000000000e+00
0.000000000000000000e+00 0.000000000000000000e+00 0.000000000000000000e+00 0.000000000000000000e+00
0.000000000000000000e+00 0.000000000000000000e+00 0.000000000000000000e+00 0.000000000000000000e+00
-5.000000000000000000e+00 2.757760479837592094e+00 2.757760479837592094e+00 2.469378833053426980e+00
2.609872455845712480e+00 2.913432084039570658e+00 2.913432084039570658e+00 2.609872455845712480e+00
2.757760479837592094e+00 3.077296930567968936e+00 3.077296930567968936e+00 2.757760479837592094e+00
2.913432084039570658e+00 3.249786242703124994e+00 -5.000000000000000000e+00 2.913432084039570658e+00
0.000000000000000000e+00 0.000000000000000000e+00 0.000000000000000000e+00 0.000000000000000000e+00
-4.959500000000000242e+00 3.567165649124128368e+00 2.466982308087841247e+00 -2.689778118999999745e-02
3.110348172267829892e+00 2.646903716029976650e+00 1.827892218599076468e+00 -1.924523645100000013e-02
0.000000000000000000e+00 0.000000000000000000e+00 0.000000000000000000e+00 0.000000000000000000e+00
-5.000000000000000000e+00 -1.119088234571340018e-01 -1.120311500185948578e-01 -1.188760860434828481e-01
-1.152714226752253740e-01 -1.080652155926518226e-01 -5.000000000000000000e+00 -1.158961199061506187e-01
0.000000000000000000e+00 0.000000000000000000e+00 0.000000000000000000e+00 0.000000000000000000e+00
-5.000000000000000000e+00 -1.009985680077839648e-01 1.759337141430957763e+00 1.444382012421716377e+00
1.129661100401065044e+00 1.014214133690209962e+00 1.865079037310833909e+00 -4.999999999999999112e+00
1.694786803137171560e+00 -4.999999999999576339e+00 1.974225333787358760e+00 -1.014241155741813366e-01
1.815917316984393404e+00 1.096396535155830909e+00 2.088658676989182172e+00 1.812514614707398941e+00
1.974225703303837287e+00 2.197377477854872474e+00 2.209114396830718086e+00 1.974224637722642450e+00
2.088658676989182172e+00 2.335677376992351562e+00 2.335909891400755889e+00 2.088658676989182172e+00
2.209114396830524019e+00 2.469367032610409574e+00 2.469378833053426980e+00 -5.000000000000000000e+00
2.335909891398483484e+00 2.570569018647695270e+00 2.609872455845712480e+00 -4.999999999999576339e+00
2.469378832937028978e+00 2.755387223563181109e+00 2.757760479837592094e+00 -4.999999999995292654e+00
2.609872455845712480e+00 2.609872455845712480e+00 2.913432084039570658e+00 2.609872455845712480e+00
2.757760479837592094e+00 -5.000000000000000000e+00 3.077296930567968936e+00 2.757760479837592094e+00
2.913432084039570658e+00 3.249786242703124994e+00 3.249786242703124994e+00 2.913432084039570658e+00
3.077296930567968936e+00 3.431353939687499910e+00 3.431353939687499910e+00 3.077296930567968936e+00
3.249784494234205567e+00 3.622477831249999891e+00 3.622445573893003257e+00 -4.999997342794999966e+00
3.119382941409255761e+00 3.823657823659155852e+00 3.463379788087887601e+00 2.734541249664533158e+00
-2.734919214383999680e-02 4.032442411850137631e+00 -2.625733232500000042e-02 1.826976489314687147e+00
-1.059438243723221373e-01 -1.058774664727127890e-01 -1.081596093783937784e-01 -4.999999999999988454e+00
-1.090915363750363520e-01 -5.000000000000000000e+00 -1.073454679334202716e-01 -1.157599142087562538e-01
-1.104020178921389095e-01 -1.047236378566646642e-01 -5.000000000000000000e+00 -1.113177657891557953e-01
0.000000000000000000e+00 0.000000000000000000e+00 0.000000000000000000e+00 0.000000000000000000e+00
-5.000000000000000000e+00 -9.904393241152087413e-02 -9.856358459004845030e-02 1.029581690119638848e+00
-1.027775061807068985e-01 -9.571801821094064189e-02 -4.999999999995292654e+00 1.194127893811716579e+00
0.000000000000000000e+00 0.000000000000000000e+00 0.000000000000000000e+00 0.000000000000000000e+00
-4.999999998062897077e+00 1.288839705280877990e+00 1.356089429402647539e+00 1.353741763721492353e+00
8.826526296087007228e-01 2.329434186080813429e+00 2.313447757860829235e+00 2.012417169817444229e+00
2.164268249402669042e+00 2.469371854072778927e+00 2.388935312635426467e+00 2.209114396830661242e+00
2.130089171863851938e+00 2.609872117936205882e+00 2.543228008643434457e+00 2.118680298734830991e+00
2.462316794887669857e+00 2.445816793772905839e+00 2.739137536204559797e+00 2.469363807806799649e+00
2.557049835928977277e+00 2.913199078943997211e+00 2.609872455845707595e+00 2.609819785437890616e+00
2.542381270699155760e+00 2.424923557501940330e+00 -4.999999993542991739e+00 2.757760479837592094e+00
0.000000000000000000e+00 0.000000000000000000e+00 0.000000000000000000e+00 0.000000000000000000e+00
-5.000000000000000000e+00 -5.000000000000000000e+00 3.431353939687499910e+00 3.077296930567967159e+00
3.249786242703124994e+00 3.622477831249999891e+00 3.622477831249999891e+00 3.249786242703124994e+00
3.431353939670746644e+00 3.823660874999999848e+00 3.823660808379077736e+00 3.431353877870800595e+00
3.621990074254754166e+00 4.035432499993437894e+00 3.980580920482591711e+00 3.590997416234110062e+00
3.716277562670694756e+00 4.258347536675635148e+00 3.994910072097744624e+00 3.719968009706946521e+00
-1.047296805024763716e-01 -1.053512771450468427e-01 -4.999970475499999623e+00 -1.066221687111702510e-01
0.000000000000000000e+00 0.000000000000000000e+00 0.000000000000000000e+00 0.000000000000000000e+00
-5.000000000000000000e+00 -1.007132151733830666e-01 -1.019385916672313347e-01 -1.069329026674925021e-01
-1.009898701391338249e-01 -9.752650232199885916e-02 -9.857573826891988245e-02 -4.999999999418869301e+00
-9.879780725951266274e-02 -9.588785455953750814e-02 -9.586938949089306161e-02 -1.018086035401498668e-01
-1.002459680009081811e-01 -9.126441616213783192e-02 -9.052909938057712713e-02 -9.819650014449601838e-02
-9.350415415255057539e-02 -8.786477611412349398e-02 1.562013757501123923e-02 -4.999991142649999887e+00
-2.350900860707230700e-02 1.072322128490406312e+00 1.588984325710263157e+00 8.687785300129994281e-01
1.282138088705917944e+00 2.183116615776091507e+00 2.464965791667899531e+00 1.357601269285953816e+00
2.133304577524355317e+00 2.159172491615268363e+00 2.609872394151776298e+00 2.298061831823131396e+00
2.467863220201063079e+00 2.757760479525514175e+00 2.380347143904824936e+00 2.331833184099613820e+00
2.609150969911974371e+00 -4.999970475499999623e+00 2.001013197390156151e+00 2.257678749966735232e+00
1.515511408292564255e+00 3.077268238172493398e+00 1.179057199982698645e+00 -6.127651245573208227e-02
1.732639305356552806e-01 -4.987849999999999895e+00 -4.987849999999999895e+00 2.603386249655009088e+00
0.000000000000000000e+00 0.000000000000000000e+00 0.000000000000000000e+00 0.000000000000000000e+00
0.000000000000000000e+00 0.000000000000000000e+00 0.000000000000000000e+00 0.000000000000000000e+00
-5.000000000000000000e+00 3.823660874999999848e+00 3.823660874999999848e+00 3.431353939687499910e+00
3.622477831158757322e+00 4.035432499999999756e+00 4.035432499999938472e+00 3.622477831237359780e+00
3.823660631899890916e+00 4.258350000000000080e+00 4.258349269056255437e+00 3.823317367872860473e+00
4.035104269157889334e+00 4.493000000000000327e+00 4.258247364101505283e+00 4.031476393176593120e+00
-1.033134553282428758e-01 -1.025629718898206783e-01 -1.041194874458604286e-01 -1.039567066454430977e-01
-1.015170110179824947e-01 -4.999999202838499635e+00 -1.021586647770819367e-01 -4.999997342794999966e+00
-1.013288938477543838e-01 -9.942677765381893740e-02 -9.981255638852008782e-02 -1.025474712518281151e-01
-9.742085576059718310e-02 -9.774154756323318038e-02 -9.639452839593413980e-02 -9.904522588067574129e-02
-9.952760743100196039e-02 -9.277424412751264504e-02 -9.174483285038033398e-02 -9.687059296104566508e-02
-9.505267216834616117e-02 -9.228255056285566971e-02 -8.626742877373268226e-02 -9.274750374142221032e-02
-8.497638322568529246e-02 -8.395743290452528651e-02 1.791210729741746333e+00 -8.891794758630687523e-02
3.753534701858055045e-01 -7.931559413984368145e-02 2.366927842712853280e+00 -5.741762360368575513e-02
7.548213906381415206e-02 9.817991016317781927e-01 2.608783594234640013e+00 -7.791218411500569485e-02
2.125624125488719596e+00 -4.999999993542991739e+00 2.757754127145559675e+00 2.132383380586000854e+00
2.608347181852207264e+00 2.913432083962105956e+00 -4.999999999995292654e+00 2.588138883127132583e+00
0.000000000000000000e+00 0.000000000000000000e+00 0.000000000000000000e+00 0.000000000000000000e+00
-4.999999202838499635e+00 3.249784973920878173e+00 -4.999997342794999966e+00 1.926901986851012882e+00
0.000000000000000000e+00 0.000000000000000000e+00 0.000000000000000000e+00 0.000000000000000000e+00
-4.959500000000000242e+00 3.111567574674681147e+00 3.621512941857218060e+00 -4.959500000000000242e+00
3.396035010113960251e+00 3.823660874999999848e+00 3.823585142399855918e+00 -4.999997342794999966e+00
3.622477831249928393e+00 4.035432499999999756e+00 4.035432499999998868e+00 3.622477831249995006e+00
3.823660874992411696e+00 4.258349999999995639e+00 4.258350000000000080e+00 3.823660874999915027e+00
4.035432499999999756e+00 4.493000000000000327e+00 4.493000000000000327e+00 4.035432499999998868e+00
4.258350000000000080e+00 4.740000000000000213e+00 4.493000000000000327e+00 4.258350000000000080e+00
-1.003196839420318620e-01 -9.944257094796919716e-02 -4.999999202838499635e+00 -1.019877658499583339e-01
0.000000000000000000e+00 0.000000000000000000e+00 0.000000000000000000e+00 0.000000000000000000e+00
-4.999999202838499635e+00 -9.668755992609549821e-02 -9.733749144294623346e-02 -9.741897907208819929e-02
-9.659827916882315901e-02 -9.551904564918148322e-02 -9.598056259917289723e-02 -9.861142678812342965e-02
-9.562847931352970454e-02 -9.357374045550356789e-02 -9.338972786420157712e-02 -9.546449532269235538e-02
-9.372697420380111943e-02 -4.999999999984309440e+00 -8.837419360557452475e-02 -9.036201243859398602e-02
-9.192343860392521160e-02 -8.357414647168744104e-02 -8.384540605486497100e-02 7.894212456498610475e-01
-8.482870110568450916e-02 -4.999999928255465242e+00 -7.956069883859102909e-02 -8.215727453169852090e-02
-8.185990237831733407e-02 -7.406911268921485825e-02 -4.999999202838499635e+00 2.183270964385843005e+00
0.000000000000000000e+00 0.000000000000000000e+00 0.000000000000000000e+00 0.000000000000000000e+00
-4.999999999998587796e+00 2.720761372315755544e+00 3.077296930560984300e+00 2.750035605679232553e+00
2.912909448794418932e+00 2.736003139193351252e+00 3.249786242701108385e+00 -4.999999202838499635e+00
3.075236939274839987e+00 3.063888506768910780e+00 3.431353939686916821e+00 3.055476126546990301e+00
3.249780775945069866e+00 3.242679753065475179e+00 3.622477831249567792e+00 -4.999970475499999623e+00
3.377229036703779386e+00 3.430745874544332885e+00 3.823660874999997628e+00 3.411748263219192445e+00
3.622477798639290647e+00 3.622475551817804895e+00 4.035432499999999756e+00 3.622477775936349786e+00
3.823660874999999848e+00 3.823660874990358227e+00 4.258350000000000080e+00 3.823660874999999848e+00
4.035432499999999756e+00 -4.999999999998587796e+00 4.493000000000000327e+00 4.035432499999999756e+00
4.258350000000000080e+00 4.739999999440194678e+00 4.740000000000000213e+00 4.258349999999968993e+00
4.493000000000000327e+00 5.000000000000000000e+00 4.740000000000000213e+00 4.493000000000000327e+00
-9.912772540484897366e-02 -9.758931024616805672e-02 -9.870600888515257409e-02 -1.028299537522387036e-01
-9.574357819352755095e-02 -9.946327724041899299e-02 -9.837653290040544729e-02 -4.999999998062897077e+00
-9.898986121069651423e-02 -9.531023391923201804e-02 -9.521765743050916719e-02 -9.590579277928733271e-02
-9.723009520371234116e-02 -9.399976490827308129e-02 -9.124261143883041769e-02 -9.738959440098744758e-02
-9.324171950216456062e-02 -9.640857419345021107e-02 -4.999999928255465242e+00 -9.657229555624030626e-02
0.000000000000000000e+00 0.000000000000000000e+00 0.000000000000000000e+00 0.000000000000000000e+00
-4.996355000000000324e+00 -8.182996913686570173e-02 -4.987849999999999895e+00 -8.521445194564333803e-02
0.000000000000000000e+00 0.000000000000000000e+00 0.000000000000000000e+00 0.000000000000000000e+00
-4.999970475499999623e+00 -7.021752022915822566e-02 -6.847702546111877897e-02 -7.399194005726736356e-02
-7.267449723421408325e-02 -6.425622551975956886e-02 -6.225927463845845611e-02 -4.999671949999999754e+00
-6.449891439550392569e-02 -6.074232572201274799e-02 1.501452992236947503e+00 2.911384569094548347e+00
1.745325220316898296e+00 2.057993549615585227e+00 1.979412049514310823e-01 3.075383198109033600e+00
2.652644223598572992e+00 1.726052831624069528e+00 3.238577321476934223e+00 2.441923919465141424e+00
2.402403038291807569e+00 2.888726071236687787e+00 3.431353211070434561e+00 3.337573494378148542e+00
3.242093988549455297e+00 3.416459625530600341e+00 3.622477822157808891e+00 3.111287017368974617e+00
2.964782765730813452e+00 3.613593624760296219e+00 3.800488165267166707e+00 3.823660874999959880e+00
3.522118742427808868e+00 3.814187250034277277e+00 -4.999999928255465242e+00 4.035432499997470224e+00
0.000000000000000000e+00 0.000000000000000000e+00 0.000000000000000000e+00 0.000000000000000000e+00
-4.959500000000000242e+00 4.739469311532724660e+00 4.999999999947698726e+00 4.492013837861585479e+00
0.000000000000000000e+00 0.000000000000000000e+00 0.000000000000000000e+00 0.000000000000000000e+00
