-4.123762045827453981e+00 -3.877443661893932969e+00 -4.115418432101380475e+00 -4.127146362420003989e+00
-4.011652111993762482e+00 -4.999999859076291742e+00 -3.477045523269958860e+00 -4.102506746909923230e+00
-3.753821775029857477e+00 -3.561417866729625459e+00 -3.615306013494906878e+00 -3.470931655492142109e+00
-3.316170863296688864e+00 -4.976808011567059431e+00 -3.439257965771743919e+00 -3.433653072754279112e+00
-3.865733399627752309e+00 -3.325255382403448756e+00 -4.999997818883735512e+00 -3.947860319304155041e+00
0.000000000000000000e+00 0.000000000000000000e+00 0.000000000000000000e+00 0.000000000000000000e+00
-4.874842224750338460e+00 -2.057200319438031055e+00 -4.887358002275304258e+00 -3.002735405538641711e+00
0.000000000000000000e+00 0.000000000000000000e+00 0.000000000000000000e+00 0.000000000000000000e+00
-2.894985302770930691e+00 -4.993449897456812003e+00 -2.230681151938589846e+00 -3.759382752435937114e+00
-2.666098979470177710e+00 -1.777103904330669337e+00 -1.463012255718199039e+00 -4.860935805278153943e+00
-1.496210292407064157e+00 1.457067605438965574e-01 -4.556853094017375483e+00 -2.714368130431936699e+00
0.000000000000000000e+00 0.000000000000000000e+00 0.000000000000000000e+00 0.000000000000000000e+00
0.000000000000000000e+00 0.000000000000000000e+00 0.000000000000000000e+00 0.000000000000000000e+00
-4.392116727047153724e+00 -7.921053429357740594e-01 7.097976770544559000e-02 -2.172393317709726990e+00
-1.106524469352190287e+00 -1.463482601221660073e-01 9.721871610556306331e-01 -7.088221774888252558e-01
0.000000000000000000e+00 0.000000000000000000e+00 0.000000000000000000e+00 0.000000000000000000e+00
