-1.039117170191179884e+00 -9.889769736411043732e-01 -9.868900704574820049e-01 -1.039679078195328676e+00
-1.038213270737796234e+00 -9.332120785382541639e-01 -9.334014147766827030e-01 -9.915607838095036319e-01
-9.871026227881027904e-01 -8.779084211695278306e-01 -8.769612738976830801e-01 -9.345780839548751828e-01
-9.345764723810042751e-01 -8.171519168997984917e-01 -8.208303444636521062e-01 -8.773987116672256059e-01
-8.814204698853589370e-01 -7.582615684931691691e-01 -7.713103227792501571e-01 -8.237311898340318184e-01
-8.285507701653317403e-01 -6.938625287599653468e-01 -5.000000000000000000e+00 -7.711556782611308503e-01
0.000000000000000000e+00 0.000000000000000000e+00 0.000000000000000000e+00 0.000000000000000000e+00
-4.999999999999988454e+00 -6.114254105053931188e-01 -5.713155952060720022e-01 -7.371648734034943473e-01
-7.034592907910772741e-01 -4.693498306404330078e-01 -4.799514671768197460e-01 -5.717026527877899778e-01
-5.918655592952353217e-01 -3.859681148520627825e-01 -5.966537339260661321e-01 -5.248263403226565149e-01
-5.209249362076094902e-01 -4.881077863330641753e-01 -6.413071049461884776e-01 -5.914649343327182951e-01
-5.764315569064228928e-01 -4.173837574391748850e-01 -6.524607014174156339e-01 -6.385560161455783312e-01
-9.882954277650121133e-01 -9.377291225602902847e-01 -9.334906165668921396e-01 -1.040098472859678047e+00
-9.881366832044540249e-01 -8.785521570156213933e-01 -8.769151176801683878e-01 -9.881279196720011981e-01
-9.344048838014146208e-01 -8.198423308226033823e-01 -8.172040437169679761e-01 -9.343327793814054649e-01
-8.783063536279941408e-01 -7.558959859667202519e-01 -7.544328189494016179e-01 -8.765701684609645827e-01
-8.178830824261079657e-01 -6.901020621532322208e-01 -6.884240039516201781e-01 -8.212472403098698415e-01
-7.571341601647485486e-01 -6.191069623575672365e-01 -6.354599377275130800e-01 -7.727645197874790650e-01
-6.904989662549687601e-01 -5.597342637749822547e-01 -5.552747172554606259e-01 -5.000000000000000000e+00
-6.663684752398034705e-01 -4.749007580072498458e-01 -4.671715136820431269e-01 -6.803517460493715419e-01
-5.537138515462226573e-01 -3.846118451635469060e-01 -3.864082444229687274e-01 -5.630822079838690986e-01
-4.662071985488644987e-01 -2.984911468471836971e-01 -4.733375587560182396e-01 -4.748527154165768094e-01
-4.042374920314367737e-01 -2.775270721277804942e-01 -2.955951383088875617e-01 -6.534551273996285214e-01
-5.525136664931772357e-01 -1.298113845283259127e-01 -3.741061270755974832e-01 -6.330004558522643876e-01
-9.382519560860995700e-01 -8.904577368408359561e-01 -8.799326434109017159e-01 -9.884633952415644575e-01
-9.367262036582441054e-01 -8.318458701480817563e-01 -8.192583624629876660e-01 -9.356550674310862847e-01
-8.788258107526008001e-01 -7.703288082573224171e-01 -7.570861878652914712e-01 -8.771095263553881916e-01
-8.234604602310146015e-01 -8.233941961178286029e-01 -6.900516816853590196e-01 -8.197478679507992361e-01
-7.570915441505745580e-01 -5.000000000000000000e+00 -6.193775853559622124e-01 -7.554802328511504017e-01
-6.897875137395472755e-01 -5.000000000000000000e+00 -5.462977436816000010e-01 -6.919908940282761822e-01
-6.201921416464898362e-01 -5.153523764912059102e-01 -4.697623212551733096e-01 -6.354879533508533962e-01
-5.604056325300603714e-01 -3.901447191910930590e-01 -3.840450578193763120e-01 -5.518815500363100091e-01
-4.716727526390089853e-01 -2.984615241432513333e-01 -2.979052218196243662e-01 -4.712858092825193412e-01
-3.868102002358039249e-01 -2.063893379750302848e-01 -2.301609642654587062e-01 -3.856372636618867755e-01
-3.023241874627965453e-01 -1.118612842558379949e-01 -1.581901078367466962e-01 -4.056607010334841168e-01
-2.175679368939685554e-01 -1.265874336638740834e-02 -2.209624300318243362e-01 -3.680141179429964882e-01
-8.906427981311249020e-01 -8.325680805000059692e-01 -8.318533294798138300e-01 -9.395908678621063270e-01
-8.903708003379970926e-01 -7.703870513115135266e-01 -7.703400563130394785e-01 -8.809742636456492360e-01
-8.318511650756280629e-01 -7.056077277696792827e-01 -8.225527997821464599e-01 -8.222588128272327879e-01
-7.705512508189336085e-01 -5.000000000000000000e+00 -5.000000000000000000e+00 -7.604809173825424207e-01
0.000000000000000000e+00 0.000000000000000000e+00 0.000000000000000000e+00 0.000000000000000000e+00
0.000000000000000000e+00 0.000000000000000000e+00 0.000000000000000000e+00 0.000000000000000000e+00
-5.000000000000000000e+00 -4.163702590898973321e-01 -4.464660327196371958e-01 -5.540431481631868937e-01
-5.177579526937644561e-01 -3.493458656924063321e-01 -2.986265105909091666e-01 -4.752289762749155599e-01
-3.842248343951998324e-01 -2.211799175941567275e-01 -2.088369450957243689e-01 -3.836192079726505333e-01
-2.985138162294659336e-01 -1.120359884686074892e-01 -1.114565856708557429e-01 -3.245604218104687910e-01
-2.076363550245138301e-01 -1.171329547137891537e-02 -1.187066785186999089e-02 -2.113036470105748299e-01
-1.178270157003373092e-01 9.411186849546132605e-02 -8.655983585314527828e-02 -1.178669381449833770e-01
-8.322105061281531713e-01 -7.709444645678693586e-01 -7.706398188244406589e-01 -8.911362666951533340e-01
-8.323330993239070885e-01 -7.063286420788588149e-01 -7.056152884284859761e-01 -8.321566951738337270e-01
-7.704337934979199609e-01 -6.374817105761223512e-01 -5.000000000000000000e+00 -7.703295534761411822e-01
0.000000000000000000e+00 0.000000000000000000e+00 0.000000000000000000e+00 0.000000000000000000e+00
-4.999999999947698726e+00 -4.935201421139445155e-01 -6.365419547394025601e-01 -4.999999978476639129e+00
-5.770338068167604195e-01 -5.765768645291584615e-01 -4.558720461966952464e-01 -4.999999993542991739e+00
-6.394739599968405352e-01 -3.748588454308358076e-01 -3.168198807822933394e-01 -5.844826417678672392e-01
-4.442031572948134666e-01 -2.372002596517298612e-01 -2.163177572647743130e-01 -3.979066297832936638e-01
-3.212834616037800184e-01 -1.144747828327019462e-01 -1.278143077482592482e-01 -2.997916830794009058e-01
-2.399031178030678335e-01 -2.093205997632976295e-02 -1.177734199618238851e-02 -2.070486812916882691e-01
-1.121233353908741154e-01 9.342774232405332002e-02 8.985189616151609271e-02 -1.139000686925876887e-01
-1.296617355987703460e-02 2.047810152460742272e-01 9.273002183536797893e-02 -1.427627247503574816e-02
-7.715291001943771487e-01 -7.076404274243555115e-01 -7.059188899908364068e-01 -8.322515793669336137e-01
-7.711626947296409407e-01 -5.000000000000000000e+00 -6.376630508401234243e-01 -7.709790599995374194e-01
-7.062353774989170718e-01 -5.656682758372372222e-01 -5.663826289185213136e-01 -7.056600790250111555e-01
-6.385936241355045784e-01 -4.903616118627383003e-01 -4.914738867727646010e-01 -5.000000000000000000e+00
-5.664446963298591653e-01 -4.119851574841365549e-01 -4.560399376980945330e-01 -5.756481187095404684e-01
-4.923893928112705876e-01 -3.946560738713881800e-01 -3.732112398408045095e-01 -6.418086313345282568e-01
-4.562763995499939385e-01 -2.874378019313815202e-01 -2.496888725693373057e-01 -4.074425683044134439e-01
-3.416831419057271280e-01 -3.706923113605812836e-01 -1.385734140575425044e-01 -3.335464323324835445e-01
-2.978779673170005582e-01 -1.116425932096024309e-01 -1.239140295321246830e-02 -2.174800044212185091e-01
-1.163208036254279321e-01 7.312937642447771280e-02 9.372187321242361757e-02 -1.328311266917452660e-01
-1.432694769871031316e-02 2.047615189099041277e-01 2.040107519830557381e-01 -1.394202901559666447e-02
9.369556148229953030e-02 3.208692264496722513e-01 2.043607410815070080e-01 9.255664201415995940e-02
-7.086057026057076547e-01 -6.395858703799662814e-01 -5.000000000000000000e+00 -7.721551580906285128e-01
0.000000000000000000e+00 0.000000000000000000e+00 0.000000000000000000e+00 0.000000000000000000e+00
-5.000000000000000000e+00 -4.901335119888534098e-01 -4.903448981441416721e-01 -6.376269131440809312e-01
-5.662408500837555758e-01 -4.107960147642532589e-01 -4.117894675186898334e-01 -5.663345981969138965e-01
-4.905915880099159243e-01 -3.144931425872744546e-01 -3.946560827696984353e-01 -4.920564772996534053e-01
-4.158348782598842441e-01 -4.999999999418869301e+00 -3.054786896137634544e-01 -4.578757680275371000e-01
-4.102916508970185783e-01 -1.937668555715088559e-01 -3.706919667765380955e-01 -4.115819741161975687e-01
-2.979294666575782458e-01 -4.999999999418869301e+00 -1.053127326447391987e-01 -3.129708364091010608e-01
-3.706920494385677056e-01 7.623452876758836372e-02 2.176257245186572625e-02 -3.472888146722226121e-01
-3.720640368055573577e-02 1.889702496810458654e-01 1.933534700647455140e-01 -4.019486423976508654e-02
5.946493446409380212e-02 3.200650845030498237e-01 3.210825669844534769e-01 9.329430977785543866e-02
2.040194535142458576e-01 4.434196761410160725e-01 3.207367623480830154e-01 2.045648701629078914e-01
-6.431951312173962432e-01 -5.000000000000000000e+00 -5.678789746405257244e-01 -7.093015160068288916e-01
-6.423931650501406576e-01 -5.064874619527827138e-01 -4.920854483116437472e-01 -5.000000000000000000e+00
-5.676016799552545677e-01 -4.134598994320342613e-01 -4.100716683786655437e-01 -5.660305052404905890e-01
-4.919052494790092100e-01 -3.195739073297140243e-01 -3.255290632594908806e-01 -4.919721534425025022e-01
-4.176774521558386799e-01 -2.196005414331781702e-01 -5.000000000000000000e+00 -4.130395839689132709e-01
0.000000000000000000e+00 0.000000000000000000e+00 0.000000000000000000e+00 0.000000000000000000e+00
-4.999970475499999623e+00 -9.572274155322491040e-02 -4.999671949999999754e+00 -3.303443455999854894e-01
0.000000000000000000e+00 0.000000000000000000e+00 0.000000000000000000e+00 0.000000000000000000e+00
-4.999999202838499635e+00 1.919174748638542150e-01 1.936969907820978443e-01 -6.031783269777181433e-02
5.954833858448869977e-02 3.187903368571588514e-01 3.051240340296399456e-01 8.029960615526471335e-02
1.969604865739164046e-01 4.268032807176115329e-01 4.433414487308417473e-01 2.039891141739254843e-01
3.191823103083882840e-01 5.720699248486569299e-01 4.434231783198812060e-01 3.209636995354504529e-01
0.000000000000000000e+00 0.000000000000000000e+00 0.000000000000000000e+00 0.000000000000000000e+00
-4.999999999984309440e+00 -4.746246064249705632e-01 -4.169585529798656154e-01 -5.682399322629794192e-01
-5.303369501989101398e-01 -3.359544740914037209e-01 -3.286394168162820040e-01 -4.917563282037813455e-01
-4.124236203921183841e-01 -2.128465270956221012e-01 -2.206740720034034986e-01 -4.124723391590042199e-01
-3.072753296988298688e-01 -1.135776405894293323e-01 -1.430818947030142729e-01 -3.357598012182189118e-01
-2.208554392259817201e-01 -2.738836080857554381e-02 -7.689341351993314588e-02 -4.999999993542991739e+00
-1.315748699773383046e-01 6.620439717627663034e-02 3.523968362977399765e-02 -2.156331940638478717e-01
-1.697189896464887382e-01 1.967051565580796857e-01 1.680043561012228848e-01 -4.999997342794999966e+00
3.498243464419543980e-02 3.090540837801033502e-01 3.203525159250776855e-01 8.282876199463429234e-02
1.862664583615977476e-01 4.432639860938933918e-01 4.424262225173108964e-01 1.811430894493647747e-01
3.165343366171924910e-01 5.517736456131163703e-01 5.720202825175877415e-01 3.195371360339540057e-01
4.431469417390599408e-01 7.074445968670943774e-01 5.297218199127468052e-01 4.433970359697788077e-01
-4.957483014794112353e-01 -4.654530413037528680e-01 -4.729628023899717926e-01 -4.999901584999999926e+00
-5.207382212421770573e-01 -4.111511244416169442e-01 -3.668803034722841749e-01 -5.090222190424994464e-01
-4.518296531403253047e-01 -2.819978045669487843e-01 -2.212994412224952856e-01 -4.197829509121895897e-01
-3.638825596419378861e-01 -1.220876897545180306e-01 -1.143859280240863141e-01 -3.432628939592701212e-01
-2.202488719832042807e-01 -1.223749658025304228e-02 -3.375585674365361166e-02 -2.128468994978658380e-01
-1.250881811536746491e-01 8.366163986241245687e-02 9.130974127811679331e-02 -1.382127467975228508e-01
-4.301435858763841963e-02 2.033760151723360554e-01 2.033028852103180850e-01 -4.294635075660075546e-02
9.250867418133465470e-02 3.203554574810369981e-01 3.126321737224778685e-01 7.188908724683867879e-02
2.010479078745645298e-01 4.413946772341652558e-01 4.376470526479776524e-01 2.021959784593190812e-01
3.184295251014936934e-01 5.720142989528508304e-01 5.569492247409293384e-01 3.194775588877556416e-01
4.338521341958963551e-01 7.061592698448921901e-01 6.638860200719843840e-01 4.050954354978961169e-01
5.669795302615981969e-01 8.499766409438709314e-01 7.073844970327407555e-01 5.715322155303612650e-01
-4.366069802302204872e-01 -3.803313984806535042e-01 -3.693137754288972618e-01 -4.956494140425356520e-01
-4.531713568764659250e-01 -2.813579666804651436e-01 -3.242171566463873389e-01 -4.609092110168196976e-01
-3.837021434642770013e-01 -1.898373731278287235e-01 -1.442358396115444308e-01 -3.730025217782151903e-01
-2.805799416144497682e-01 -9.426430593619142262e-02 -1.466487893164175951e-02 -2.323549968311732217e-01
-1.343786384356127628e-01 3.322219335736512763e-02 9.275866435987277503e-02 -1.176640947766427886e-01
-3.074604217224689851e-02 1.688890251399618181e-01 2.029994033214249094e-01 -1.804906922579645884e-02
8.188885017614917772e-02 3.182986272897199709e-01 3.205769687059520368e-01 8.693770946829099122e-02
2.041670604330879102e-01 4.365406929853006823e-01 4.427846409927664872e-01 2.038479844904023675e-01
3.058385367180809777e-01 5.718663715431798744e-01 5.718904689929870111e-01 3.188442243100756968e-01
4.425940585938529237e-01 7.074603426809180640e-01 7.071862840731371058e-01 4.430402282080488918e-01
5.421307530761962923e-01 8.498870312585800058e-01 8.499989310862241521e-01 5.498130407949443077e-01
7.068799979107353026e-01 9.999998405676999713e-01 8.431102604024904856e-01 7.072839285659943132e-01
-3.782866022006095008e-01 -3.892828081753932912e-01 -2.806133114139924833e-01 -4.541158742556470340e-01
-3.729108874503335724e-01 -2.905520720733838491e-01 -1.896246878821723214e-01 -3.701277241602123347e-01
-2.817389950218134320e-01 -1.895974944603416312e-01 -9.425446218257181596e-02 -2.825820683208943307e-01
-1.896935466482774779e-01 -9.426105826934547127e-02 3.322248484642803534e-02 -1.443563140292368208e-01
-9.425327332732860719e-02 3.322241755887438142e-02 1.524925542611269280e-01 -1.365622815881395793e-02
6.021660284222663494e-03 1.685859149608193996e-01 3.041710161487133912e-01 8.688177874457686523e-02
1.691414865840025206e-01 2.819081314918270853e-01 4.415404546847591649e-01 2.033485642353841660e-01
3.034212329167398359e-01 3.398724672266297264e-01 5.712060363454199985e-01 3.192040812354028922e-01
3.671176120898485551e-01 5.707349021035217351e-01 7.074706463942113110e-01 4.426770997646235495e-01
5.718392871124835519e-01 7.073384395868003161e-01 8.499897551022307374e-01 5.718228791338164640e-01
7.073961326833955177e-01 8.477774296599999149e-01 9.999982285299999774e-01 7.074504246896099469e-01
0.000000000000000000e+00 0.000000000000000000e+00 0.000000000000000000e+00 0.000000000000000000e+00
