5.404578550011489568e-01 5.794293210538410399e-01 5.794293210538410399e-01 5.404578550011489568e-01
5.404578550011489568e-01 6.204519168987800981e-01 6.204519168987800981e-01 5.794293210538410399e-01
5.794293210538410399e-01 6.636335967355579957e-01 6.636335967355579957e-01 6.204519168987800981e-01
6.204519168987800981e-01 7.090879965637453264e-01 7.090879965637453264e-01 6.636335967355579957e-01
6.636335966303887890e-01 7.569347332249951599e-01 7.531528797997267821e-01 7.090879965292847809e-01
7.090872779463618381e-01 8.072167032263894981e-01 -5.000000000000000000e+00 7.243321205123967044e-01
0.000000000000000000e+00 0.000000000000000000e+00 0.000000000000000000e+00 0.000000000000000000e+00
-5.000000000000000000e+00 -1.372251079229037662e-01 -1.353788538667673458e-01 -1.380262365882541364e-01
-1.374599784034431504e-01 -1.345414690538463409e-01 -1.323551541437421042e-01 -1.346976119237286440e-01
-1.351412892123343978e-01 -1.309757967116992883e-01 -1.301953316486084422e-01 -1.313787619573617838e-01
-1.318442314786021641e-01 -1.277878003258303974e-01 -1.272661585965165765e-01 -1.294959222189702164e-01
-1.303362998240218673e-01 -1.237676414716858686e-01 -1.246343905784370321e-01 -1.253977052387755531e-01
-1.239786354191289852e-01 -1.218431104724052305e-01 -1.214823814515167827e-01 -1.234996174248367551e-01
-1.200098706914972113e-01 -1.189891177756322721e-01 -1.176445386693466544e-01 -1.206791670133726541e-01
-1.142670682369259644e-01 -1.151343357483219643e-01 -1.148098424919514332e-01 -1.157003508092714350e-01
-1.120797856485705318e-01 -1.107818582257471679e-01 -1.115835479051596885e-01 -1.130385165966418803e-01
-1.104212307262680132e-01 -1.079876733885953982e-01 -1.086243855402680841e-01 -1.095082505685393837e-01
-1.099399752115286372e-01 -1.055212059505206135e-01 -1.079675944065430909e-01 -1.071407172289739751e-01
-1.048432297744707475e-01 -1.064526718583106990e-01 -1.089391331056746848e-01 -1.073075908331851958e-01
-1.092018845757579959e-01 -1.083142594002594189e-01 -1.084690044620409966e-01 -1.091040866006855320e-01
5.794293210538410399e-01 -5.000000000000000000e+00 6.204519168987800981e-01 5.404578550011489568e-01
5.794293210538410399e-01 -5.000000000000000000e+00 6.636335967355579957e-01 5.794293210538410399e-01
6.204519168987800981e-01 7.090879965637453264e-01 7.090879965637453264e-01 6.204519168987800981e-01
6.636335967355579957e-01 7.569347332249951599e-01 7.569347332249951599e-01 6.636335967355579957e-01
7.090879965637453264e-01 8.072997191842055109e-01 8.072997191841285725e-01 7.090879965637453264e-01
7.569347332223291813e-01 8.603154938781111261e-01 8.552593578263044671e-01 7.505467209634411052e-01
5.220190034596463580e-01 9.161207265951012424e-01 7.333214062123446508e-01 -5.000000000000000000e+00
5.512988888398097087e-01 9.440433210337186853e-01 -1.138177390843376768e-01 -1.385172992001618975e-01
-1.381414078190450756e-01 5.893259099887437902e-01 -1.315609757002544067e-01 -1.349174462275204989e-01
-1.333909999998534601e-01 -9.451180092496541674e-02 -1.279997801504844379e-01 -1.318711879683150123e-01
-1.289890790187216696e-01 -1.246689502986942921e-01 -1.246605820322943953e-01 -1.287316024110806978e-01
-1.273631472606233939e-01 -5.000000000000000000e+00 -1.215055261342376514e-01 -1.264313970108486285e-01
-1.245999140925217047e-01 -1.189043494217989771e-01 -1.191022275112294110e-01 -1.246629238561311054e-01
-1.224208542736840433e-01 -1.153520997731944248e-01 -1.153266000397215330e-01 -1.188783246228929252e-01
-1.172257850727225353e-01 -1.114495057781629966e-01 -1.126631374584310119e-01 -1.149360374585802896e-01
-1.145804374150443949e-01 -1.085669902321303726e-01 -1.105203746719457952e-01 -1.108778871226512724e-01
-1.083822919220428921e-01 -1.073143827360649172e-01 -1.065716182361638731e-01 -1.115259994738595217e-01
-1.044657536289867461e-01 -1.045190559635265221e-01 -1.029423747957014246e-01 -1.069736745160425884e-01
-1.036519605431447943e-01 -1.034056106174121303e-01 -1.075725814315045131e-01 -1.066557119172743540e-01
-1.045750027120626313e-01 -1.040894196820563861e-01 -1.083748083979744342e-01 -1.100434249498211392e-01
0.000000000000000000e+00 0.000000000000000000e+00 0.000000000000000000e+00 0.000000000000000000e+00
0.000000000000000000e+00 0.000000000000000000e+00 0.000000000000000000e+00 0.000000000000000000e+00
-5.000000000000000000e+00 7.569347332249951599e-01 7.569347332249951599e-01 6.636335967355579957e-01
7.090879965637453264e-01 8.072997191842055109e-01 8.072997191842055109e-01 7.090879965637453264e-01
7.569347332249951599e-01 8.603154938781111261e-01 8.603154938781111261e-01 7.569347332249951599e-01
8.072997191842042897e-01 9.161215720961761733e-01 9.161215725032749724e-01 8.072995295018559059e-01
8.603154936668534480e-01 9.748648131613421031e-01 9.748620877204730029e-01 8.603090550877281473e-01
9.148792828690753831e-01 1.036699746012425649e+00 -8.452572245856487809e-02 8.266811233912918500e-01
9.720336677193577302e-01 -1.290424878299587796e-01 -7.337136961201812246e-02 -1.347481733542623128e-01
-1.140072988205352023e-01 -1.255028259764850995e-01 -3.419849898425363077e-02 -1.125778192124609195e-01
-1.020371643398169242e-01 2.512726622012220745e-02 -5.000000000000000000e+00 -1.271829638397931062e-01
0.000000000000000000e+00 0.000000000000000000e+00 0.000000000000000000e+00 0.000000000000000000e+00
-5.000000000000000000e+00 -1.160397164790542140e-01 -1.151895473263378350e-01 -1.166412356835233449e-01
-1.174854282780571774e-01 -4.999999999999961808e+00 -1.112774541951227353e-01 -1.170329281961617618e-01
-1.136891562730388827e-01 -1.100312190659093747e-01 -1.093324280811305560e-01 -1.150976792918074892e-01
-1.132603486351662220e-01 -1.065581902741866982e-01 -1.062333976407805330e-01 -1.082426245469927106e-01
-1.042817569188411453e-01 -1.029061116415714711e-01 -1.052256803352548675e-01 -1.090697842711741833e-01
-1.065361982446623029e-01 -1.019454734981672384e-01 -1.036237473478938825e-01 -1.066320717789753930e-01
-1.016872012586109014e-01 -9.908679693223040874e-02 -1.037068828557716482e-01 -1.025025315786637914e-01
-1.010544648971124782e-01 -9.914068994060386275e-02 -1.036939121611284848e-01 -1.068297332654867260e-01
6.636318651218683362e-01 7.090879389889580553e-01 7.090879965637453264e-01 -5.000000000000000000e+00
6.636335967355579957e-01 7.569347332249951599e-01 7.569347332249951599e-01 -5.000000000000000000e+00
7.090879965637453264e-01 8.072997191842055109e-01 8.072997191842055109e-01 7.090879965637453264e-01
7.569347332249951599e-01 8.603154938781111261e-01 8.603154938781111261e-01 7.569347332249951599e-01
8.072997191842055109e-01 9.161215725032749724e-01 9.161215725032749724e-01 8.072997191842055109e-01
8.603154938779484784e-01 9.748648131613421031e-01 9.748648131451584931e-01 8.603154937932379065e-01
9.161215222132036429e-01 1.036699803327728597e+00 1.036699769158835993e+00 9.161215660191526222e-01
9.748426467799020667e-01 1.101789266617215546e+00 8.431473643821552066e-01 9.677204231773368637e-01
9.136955828792159284e-01 -1.259785633853283404e-01 -1.256716639738692520e-01 8.414397667161057637e-01
-1.288768707947494929e-01 -5.000000000000000000e+00 -1.818172217263416823e-02 -1.270420973805310993e-01
-8.101735022957863575e-02 9.464124281706598474e-02 -1.189556348999556146e-01 -1.180255400080031380e-01
-1.202400167772331718e-01 -5.000000000000000000e+00 -1.159546352301391164e-01 -5.000000000000000000e+00
-1.162950133698520822e-01 -1.119286397461262961e-01 -5.000000000000000000e+00 -1.137405912435768274e-01
0.000000000000000000e+00 0.000000000000000000e+00 0.000000000000000000e+00 0.000000000000000000e+00
-4.999999999947698726e+00 -1.059544922754892260e-01 -1.057928735483538024e-01 -1.120141059681357271e-01
-1.073243966381877551e-01 -1.032589062876519970e-01 -1.035531396074098887e-01 -1.025278658886847466e-01
-1.036126955654434467e-01 -4.999999993542991739e+00 -9.965781922306524154e-02 -1.060964935146138377e-01
-1.024280844878644875e-01 -9.748128009767609292e-02 -9.996683673076461885e-02 -1.013548108122279828e-01
-9.616839373311465711e-02 -9.629906690758828491e-02 -9.857920854993040827e-02 -9.683665083162669440e-02
-9.873417584890679943e-02 -9.680477927887645717e-02 -9.531551547920402712e-02 -1.039169632691748224e-01
7.090879965317931077e-01 7.569347162837536391e-01 7.569347332249951599e-01 6.636335822920694794e-01
7.090879965637453264e-01 8.072997191842055109e-01 8.072997191842055109e-01 7.090879965637453264e-01
7.569347332249951599e-01 8.603154938781111261e-01 8.603154938781111261e-01 7.569347332249951599e-01
8.072997191842055109e-01 9.161215725032749724e-01 9.161215725032749724e-01 8.072997191842055109e-01
8.603154938781111261e-01 9.748648131613421031e-01 9.748648131613421031e-01 8.603154938781111261e-01
9.161215725032749724e-01 1.036699803327728597e+00 1.036699803327728597e+00 9.161215725032749724e-01
9.748648131497472669e-01 1.101789266660766931e+00 1.101789263372459082e+00 9.748647893141511034e-01
1.036694398144195617e+00 1.170304491221860088e+00 1.157963229737159372e+00 1.036573060493231946e+00
1.068580881012853867e+00 1.242366891703366560e+00 -5.000000000000000000e+00 4.327711341231500475e-01
0.000000000000000000e+00 0.000000000000000000e+00 0.000000000000000000e+00 0.000000000000000000e+00
-5.000000000000000000e+00 1.960477536414880206e-01 -5.000000000000000000e+00 -1.199956952939771476e-01
0.000000000000000000e+00 0.000000000000000000e+00 0.000000000000000000e+00 0.000000000000000000e+00
-5.000000000000000000e+00 1.124967379801604439e+00 -1.083646011596851033e-01 -1.103559375278487936e-01
-1.099700331747998222e-01 -1.043780636472094875e-01 -1.060056704513424736e-01 -4.999999999995292654e+00
-1.084027019415348403e-01 7.374380430817617516e-02 -1.032120483758297430e-01 -1.081857525247016533e-01
-1.061764573149181351e-01 -9.968179572347020401e-02 -4.999999928255465242e+00 -9.981250599527699552e-02
0.000000000000000000e+00 0.000000000000000000e+00 0.000000000000000000e+00 0.000000000000000000e+00
-4.999999999418869301e+00 -9.398504537199331432e-02 -9.240102889165281719e-02 -9.947605695757033573e-02
-9.330868382399376548e-02 -9.104081955870219067e-02 -9.778093777227676864e-02 -9.392629467068649984e-02
-9.480481722938666200e-02 -9.644769811255660130e-02 -9.805592528930349994e-02 -9.740073409178601205e-02
7.569347332247038374e-01 8.072997178174912136e-01 8.072997191842055109e-01 7.090878602086804205e-01
7.569347332249951599e-01 8.603154938781111261e-01 8.603154938781111261e-01 7.569347332249951599e-01
8.072997191842055109e-01 9.161215725032749724e-01 9.161215725032749724e-01 8.072997191842055109e-01
8.603154938781111261e-01 9.748648131613421031e-01 9.748648131613421031e-01 8.603154938781111261e-01
9.161215725032749724e-01 1.036699803327728597e+00 1.036699803327728597e+00 9.161215725032749724e-01
9.748648131613421031e-01 1.101789266660766931e+00 1.101789266660766931e+00 9.748648131613421031e-01
1.036699803327728375e+00 1.170304491221860088e+00 1.170304489148132898e+00 1.036699803326626146e+00
1.101789266608840245e+00 1.242425780233537003e+00 1.242411842772127573e+00 1.101788381188235189e+00
1.168345224535406679e+00 1.318342926561617556e+00 1.318242674329493047e+00 1.164606524534617549e+00
1.205594564959034054e+00 1.398245672972091569e+00 -1.146385144892026198e-01 -5.000000000000000000e+00
-1.108396670926021649e-01 8.412480400422872595e-01 8.597102430533121176e-02 -6.740444356687587402e-03
1.574211088908842315e-01 9.610024474089524649e-01 7.977301445468923946e-01 -5.000000000000000000e+00
2.186407889196379517e-01 1.659742933254370945e+00 1.020354758265513251e+00 8.726456892173711788e-02
2.431357517777455457e-01 1.498236930522837351e+00 7.366600278057945650e-02 -1.084096164547191793e-01
-1.025963783103068794e-01 3.032710040974105903e-01 -9.846995092476674982e-02 4.540575019068283230e-02
-9.885591125230908105e-02 -9.502404081516321876e-02 -7.507112732823392753e-02 -9.515855215378064835e-02
-9.138332806086102433e-02 -6.503834461989968507e-02 -9.439206362451385557e-02 -4.999999978476639129e+00
-9.106766762260172510e-02 -7.669457519869866957e-02 -9.167439395047391471e-02 -9.568728196844196454e-02
-8.995021472700164000e-02 -8.996956569196080944e-02 -9.177893578559311039e-02 -9.446118167406843125e-02
-9.212321810633181118e-02 -9.250895781866549927e-02 -9.284550748254742636e-02 -9.836685757627285087e-02
8.072992881991039038e-01 8.603154938781111261e-01 8.603153346083379782e-01 7.569347224343855318e-01
8.072997191842055109e-01 9.161215725032749724e-01 9.161215725032749724e-01 8.072997191842055109e-01
8.603154938781111261e-01 9.748648131613421031e-01 9.748648131613421031e-01 8.603154938781111261e-01
9.161215725032749724e-01 1.036699803327728597e+00 1.036699803327728597e+00 9.161215725032749724e-01
9.748648131613421031e-01 1.101789266660766931e+00 1.101789266660766931e+00 9.748648131613421031e-01
1.036699803327728597e+00 1.170304491221860088e+00 1.170304491221860088e+00 1.036699803327728597e+00
1.101789266660766931e+00 -5.000000000000000000e+00 1.242425780233537003e+00 1.101789266381240973e+00
1.170304491221859866e+00 1.318342926561617556e+00 1.318342926561618000e+00 1.170304491221516363e+00
1.242425780149332137e+00 1.398255712170124232e+00 1.398255696067328913e+00 1.242425780233518795e+00
1.306706276709161063e+00 1.482374433862838403e+00 1.364482905622002473e+00 1.281445091151007354e+00
1.282360409813259050e+00 5.889148591570604607e-02 1.555826843155891259e+00 1.345600705693744681e-01
1.188123491673991339e+00 2.617846291559182692e-01 1.663936905914084274e+00 8.498822006695088138e-01
1.096088592384776295e+00 1.762238733020052850e+00 1.529784829476384500e+00 1.536159275678704139e+00
1.661628860994436296e+00 7.008201661885318234e-01 8.379314793707408615e-01 7.347440536161261582e-01
3.910445981862606391e-01 1.951183566132863811e+00 -9.443165665844202583e-02 1.647430524568471721e-01
-9.718953011847024370e-02 -8.986588562526322266e-02 -8.955950273547251539e-02 -8.699312065001453542e-02
-9.389747317155583417e-02 1.759053411983394266e+00 -8.699751943525095566e-02 -7.733842439546873004e-02
-8.583407562513177547e-02 8.813529899635103027e-02 -9.169438319904157919e-02 -8.811842337808843684e-02
-7.938139101433303035e-02 -8.691859133298968088e-02 -9.159814422597158112e-02 -8.713364565547861151e-02
-8.558867339041024980e-02 -4.999999760851549624e+00 -8.961047829028689904e-02 -9.099180650139124249e-02
8.603154938770586346e-01 9.161215725032749724e-01 9.161215725013203137e-01 8.072996736388340366e-01
8.603154938781111261e-01 9.748648131613421031e-01 9.748648131613421031e-01 8.603154938781111261e-01
9.161215725032749724e-01 1.036699803327728597e+00 1.036699803327728597e+00 9.161215725032749724e-01
9.748648131613421031e-01 1.101789266660766931e+00 1.101789266660766931e+00 9.748648131613421031e-01
1.036699803327728597e+00 1.170304491221860088e+00 1.170304491221860088e+00 1.036699803327728597e+00
1.101789266660766931e+00 1.242425780233537003e+00 -5.000000000000000000e+00 1.101789266660766931e+00
0.000000000000000000e+00 0.000000000000000000e+00 0.000000000000000000e+00 0.000000000000000000e+00
-5.000000000000000000e+00 1.398254907946698156e+00 1.398255712170124232e+00 1.242417234105590129e+00
1.318342926561618000e+00 1.482374433863288710e+00 1.482374433863288710e+00 1.318342926537063642e+00
1.398255696577809903e+00 1.570920456698198686e+00 1.570918471413667472e+00 1.379711262961606399e+00
1.477572057615283319e+00 1.616140319394661518e+00 1.664126346963256786e+00 1.062335684480800513e+00
1.467776847608707858e+00 1.711895464785470500e+00 1.762238733182774020e+00 1.560522824030617706e+00
1.664103433489102724e+00 1.865514455982736797e+00 1.841514636622493484e+00 1.664125378318055626e+00
1.762224768475542991e+00 1.854848104309148038e+00 1.973422881117824046e+00 1.199261566057579831e+00
1.839638894959823023e+00 1.892669882002373516e+00 2.088403937440191260e+00 1.678984712062769447e+00
1.950676984912760759e+00 2.209033331947386269e+00 2.130624388911997791e+00 -9.487816205289650862e-02
1.385426839834129398e+00 2.335372114169482316e+00 5.644856120911097008e-01 6.336303343990890014e-01
2.156609484846927050e+00 -7.744576228553946839e-02 -8.549322217504587429e-02 -7.620823115322754304e-02
1.067265018359437434e+00 -8.149547443349389186e-02 -4.999999999995292654e+00 -8.708181279383016282e-02
0.000000000000000000e+00 0.000000000000000000e+00 0.000000000000000000e+00 0.000000000000000000e+00
9.161215723811917400e-01 9.748648014800119777e-01 9.748648131613421031e-01 8.603154937615608011e-01
9.161215725032749724e-01 1.036699803327728597e+00 1.036699803327728597e+00 9.161215725032749724e-01
9.748648131613421031e-01 1.101789266660766931e+00 1.101789266660766931e+00 9.748648131613421031e-01
1.036699803327728597e+00 1.170304491221860088e+00 1.170304491221860088e+00 1.036699803327728597e+00
1.101789266660766931e+00 1.242425780233537003e+00 1.242425780233537003e+00 1.101789266660766931e+00
1.170304491221860088e+00 1.318342926561618000e+00 1.318342926561618000e+00 1.170304491221860088e+00
1.242425780233537003e+00 1.398255712170124232e+00 1.398255712170124232e+00 -5.000000000000000000e+00
1.318342926561614448e+00 1.482374433863288710e+00 1.482374421083098914e+00 1.318342926559305850e+00
1.398255712170124232e+00 1.570920456698198686e+00 1.570920456698198686e+00 1.398255712170124232e+00
1.482374433863175023e+00 1.664126796524419749e+00 1.664126796507185979e+00 1.482374433863162144e+00
1.570917485956265125e+00 1.762238733183599804e+00 1.762238660633490772e+00 1.567161372987407209e+00
1.664126379910635611e+00 1.865514455982736797e+00 1.865486058853198736e+00 1.663912992296499027e+00
1.762238732619916481e+00 1.974225743139722988e+00 1.974225734383540543e+00 1.762238733151968662e+00
1.865478656996956586e+00 2.088658676989182172e+00 2.088658144776417203e+00 1.861827544399146106e+00
1.974203863487698385e+00 2.209114396830716753e+00 2.199893231715376984e+00 1.969727908466761601e+00
2.087077405896073490e+00 2.335909026987508685e+00 2.265557934014687635e+00 9.782686890513339062e-01
2.188634116138476138e+00 2.469376379273455324e+00 1.521801389771078039e+00 1.775759736916854514e+00
-7.766269073497550357e-02 1.967341198650614409e+00 -8.299601621421309749e-02 1.324031999742248056e+00
-7.729720544213899980e-02 -7.892902514580767137e-02 -7.960690418330604312e-02 -8.260179154633712217e-02
-8.068233939233536434e-02 -7.545667175699333207e-02 -8.117649826434765459e-02 -4.999997342794999966e+00
9.748632090436883946e-01 -5.000000000000000000e+00 1.036699803327728597e+00 9.161215725026957690e-01
9.748648131613421031e-01 1.101789266660766931e+00 1.101789266660766931e+00 9.748648131613421031e-01
1.036699803327728597e+00 1.170304491221860088e+00 1.170304491221860088e+00 1.036699803327728597e+00
1.101789266660766931e+00 1.242425780233537003e+00 1.242425780233537003e+00 1.101789266660766931e+00
1.170304491221860088e+00 1.318342926561618000e+00 1.318342926561618000e+00 1.170304491221860088e+00
1.242425780233537003e+00 1.398255712170124232e+00 1.398255712170124232e+00 1.242425780233537003e+00
1.318342926561618000e+00 1.482374433863288710e+00 1.482374433863288710e+00 1.318342926561618000e+00
1.398255712170124232e+00 1.570920456698198686e+00 1.570920456698198686e+00 1.398255712170124232e+00
1.482374433863288710e+00 1.664126796524419749e+00 1.664126796524419749e+00 1.482374433863288710e+00
1.570920456698198686e+00 1.762238733183599804e+00 1.762238733183599804e+00 1.570920456698198686e+00
1.664126796524419749e+00 1.865514455982736797e+00 1.865514455982736797e+00 1.664126796524419305e+00
1.762238733183599804e+00 1.974225743139722988e+00 1.974225743139722988e+00 1.762238733183599804e+00
1.865514455982736797e+00 2.088658676989182172e+00 2.088658676989182172e+00 1.865514455982736797e+00
1.974225743139722988e+00 2.209114396830718086e+00 2.209114396830718086e+00 1.974225743139722988e+00
2.088658676989181728e+00 2.335909891400755889e+00 2.335909891347164091e+00 2.088658676987570573e+00
2.209079535439457675e+00 2.467525736884331078e+00 2.469378833053426092e+00 2.207354592503327773e+00
2.335441293414248776e+00 2.609872455845712480e+00 2.279058967019773618e+00 2.335456865288102257e+00
2.396969170275549565e+00 2.469220779683999556e+00 7.937282056335860370e-01 5.493583971481621475e-01
2.236297308091125924e+00 -1.867483511895485365e-02 -7.406167884991281258e-02 -7.530050267660735874e-02
-7.429764336088617860e-02 -4.999970475499999623e+00 -7.494207608272089594e-02 -7.281816282713965416e-02
0.000000000000000000e+00 0.000000000000000000e+00 0.000000000000000000e+00 0.000000000000000000e+00
-5.000000000000000000e+00 1.170304491221859866e+00 1.170304491221860088e+00 1.036699803327728597e+00
1.101789266660766931e+00 1.242425780233537003e+00 1.242425780233537003e+00 1.101789266660766931e+00
1.170304491221860088e+00 1.318342926561618000e+00 1.318342926561618000e+00 1.170304491221860088e+00
1.242425780233537003e+00 1.398255712170124232e+00 1.398255712170124232e+00 1.242425780233537003e+00
1.318342926561618000e+00 1.482374433863288710e+00 1.482374433863288710e+00 1.318342926561618000e+00
1.398255712170124232e+00 -5.000000000000000000e+00 1.570920456698198686e+00 1.398255712170124232e+00
1.482374433863288710e+00 1.664126796524419749e+00 1.664126796524419749e+00 1.482374433863288710e+00
1.570920456698198686e+00 1.762238733183599804e+00 1.762238733183599804e+00 1.570920456698198686e+00
1.664126796524419749e+00 1.865514455932695492e+00 1.865514455982736797e+00 1.664126796524419749e+00
1.762238733183599804e+00 1.762238733183599804e+00 1.974225743139722988e+00 1.762238733183599804e+00
1.865514455982736797e+00 2.088658572117747969e+00 2.088658676989182172e+00 1.865514455982736797e+00
1.974225743139722988e+00 -5.000000000000000000e+00 2.209114396830718086e+00 1.974225743139722988e+00
2.088658676989182172e+00 2.335909891400755889e+00 2.335909891400755889e+00 2.088658676989182172e+00
2.209114396830346827e+00 2.469378833053426980e+00 2.469378833053426980e+00 2.209114396830718086e+00
2.335909672007304927e+00 2.609872455845712480e+00 2.609872245126529933e+00 2.335907776123408830e+00
2.469323936666641295e+00 2.757760479837592094e+00 2.469378798512048778e+00 2.469371601495567337e+00
2.609872449197007338e+00 2.577116265050691801e+00 8.898851368115915372e-01 2.290525514004546626e+00
-7.124944405999730779e-02 -4.996355000000000324e+00 -4.999991142649999887e+00 1.339164297722870600e+00
0.000000000000000000e+00 0.000000000000000000e+00 0.000000000000000000e+00 0.000000000000000000e+00
7.344226681019869751e-01 1.135177127513611550e+00 1.170304485666228356e+00 -5.000000000000000000e+00
1.101789224212727847e+00 1.242425774043940390e+00 1.242425780233537003e+00 1.101789266660766486e+00
1.170304491221860088e+00 1.318342926561618000e+00 1.318342926561618000e+00 1.170304491221860088e+00
1.242425780233537003e+00 1.398255712170124232e+00 1.398255712170124232e+00 1.242425780233537003e+00
1.318342926561618000e+00 1.482374433863288710e+00 1.482374433863288710e+00 1.318342926561618000e+00
1.398255712170124232e+00 1.570920456698198686e+00 -5.000000000000000000e+00 1.398255712170124232e+00
0.000000000000000000e+00 0.000000000000000000e+00 0.000000000000000000e+00 0.000000000000000000e+00
-5.000000000000000000e+00 1.762238733183580042e+00 1.762238733183599804e+00 1.570920456698198686e+00
1.664126796524419749e+00 1.865514455982736797e+00 1.865514455981747810e+00 1.664126796524419749e+00
1.762238690786080975e+00 1.974225743139722988e+00 1.762238733183599582e+00 1.762238733183599804e+00
1.865020331397722497e+00 -4.999999999999988454e+00 1.865502764821641568e+00 1.865514455982736797e+00
1.762235452864380658e+00 2.209114395246652318e+00 -5.000000000000000000e+00 1.974225743139722988e+00
0.000000000000000000e+00 0.000000000000000000e+00 0.000000000000000000e+00 0.000000000000000000e+00
-5.000000000000000000e+00 2.469378833053426980e+00 2.469378833053426980e+00 2.209114396830718086e+00
2.335909891400755889e+00 2.609872455845712480e+00 2.609872455845712480e+00 2.335909891400755889e+00
2.469378833053426980e+00 2.757760479837592094e+00 2.757760479837592094e+00 2.469378833053426980e+00
2.609872455819614689e+00 2.913432084039570658e+00 2.609871881995267540e+00 2.609872455845712480e+00
2.757760438522224522e+00 -4.999999760851549624e+00 -4.999997342794999966e+00 1.708823509158893472e+00
0.000000000000000000e+00 0.000000000000000000e+00 0.000000000000000000e+00 0.000000000000000000e+00
-3.500000000000000000e+00 -6.999999999999999278e-03 0.000000000000000000e+00 0.000000000000000000e+00
4.377951433607401577e-01 8.338627711579025270e-01 1.242425772778973814e+00 -1.225131964910331633e-01
1.170302060361509078e+00 1.170302002696703703e+00 1.318342926561618000e+00 1.170304491221841658e+00
1.242425780233537003e+00 1.242425780233537003e+00 1.398255712170124232e+00 1.242425780233537003e+00
1.318342926561618000e+00 -5.000000000000000000e+00 1.482374433863288710e+00 1.318342926561618000e+00
1.398255712170124232e+00 1.570920456698198686e+00 1.570920456698198686e+00 1.398255712170124232e+00
1.482374433863288710e+00 -5.000000000000000000e+00 1.664126796524419749e+00 1.482374433863288710e+00
1.570920456698198686e+00 1.762238733183599804e+00 1.762238733183599804e+00 -5.000000000000000000e+00
1.664126796524419749e+00 1.865514455982736797e+00 1.865514455982736797e+00 1.664126796524419749e+00
1.762238733183599804e+00 1.974225743139722988e+00 1.974225743139722988e+00 1.762238733183599804e+00
1.865514455968407148e+00 2.088658676989182172e+00 -5.000000000000000000e+00 1.865514455982679731e+00
0.000000000000000000e+00 0.000000000000000000e+00 0.000000000000000000e+00 0.000000000000000000e+00
-4.999999760851549624e+00 -4.999999760851549624e+00 2.335909891152105455e+00 2.081937468369486233e+00
2.192808639674174831e+00 -4.999999993542991739e+00 2.469378833053330169e+00 -4.999997342794999966e+00
2.335909891317078824e+00 2.609872455845710704e+00 2.609872455845712480e+00 2.335909891400755889e+00
2.469378833053426980e+00 2.757760479837592094e+00 2.757760479837592094e+00 2.469378833053426980e+00
2.609872455845712480e+00 2.913432084039570658e+00 2.913432084039570658e+00 2.609872455845712480e+00
2.757760479837592094e+00 3.077296930567968936e+00 -5.000000000000000000e+00 2.757760479837592094e+00
0.000000000000000000e+00 0.000000000000000000e+00 0.000000000000000000e+00 0.000000000000000000e+00
-3.500000000000000000e+00 2.262010494479882894e+00 -9.919000000000000733e-03 -3.500000000000000000e+00
-1.826727000000000212e-02 -1.654800000000000021e-02 -6.999999999999999278e-03 -9.100000000000000450e-03
4.732823154909259755e-01 -5.000000000000000000e+00 1.051065558735082561e+00 7.827297806188330265e-01
-1.184304687494854569e-01 -1.125284936084070542e-01 8.356647132030275982e-01 1.242425780059708940e+00
1.170286796791744077e+00 1.153832862108674640e+00 -5.000000000000000000e+00 1.318342926561618000e+00
0.000000000000000000e+00 0.000000000000000000e+00 0.000000000000000000e+00 0.000000000000000000e+00
-5.000000000000000000e+00 1.664126796524419749e+00 -5.000000000000000000e+00 1.482374433863288710e+00
0.000000000000000000e+00 0.000000000000000000e+00 0.000000000000000000e+00 0.000000000000000000e+00
-5.000000000000000000e+00 1.865514455982736797e+00 1.865514455982736797e+00 1.664126796524419749e+00
1.762238733183599804e+00 1.974225743139722988e+00 1.974225743139722988e+00 1.762238733183599804e+00
1.865514455982736797e+00 2.088658676989182172e+00 2.088658676989182172e+00 1.865514455982736797e+00
1.974225743139722766e+00 2.209114396830718086e+00 -5.000000000000000000e+00 1.974225743139722988e+00
0.000000000000000000e+00 0.000000000000000000e+00 0.000000000000000000e+00 0.000000000000000000e+00
0.000000000000000000e+00 0.000000000000000000e+00 0.000000000000000000e+00 0.000000000000000000e+00
0.000000000000000000e+00 0.000000000000000000e+00 0.000000000000000000e+00 0.000000000000000000e+00
-5.000000000000000000e+00 2.757760479837592094e+00 2.757760479653806218e+00 2.469372358535676604e+00
2.609872455845696937e+00 2.913432084039570658e+00 2.913432084039570658e+00 2.609872455845712480e+00
2.757760479837592094e+00 3.077296930567968936e+00 3.077296930567914313e+00 2.757760479837592094e+00
2.913432084039570658e+00 3.249786242703124994e+00 -5.000000000000000000e+00 2.913432084039538683e+00
0.000000000000000000e+00 0.000000000000000000e+00 0.000000000000000000e+00 0.000000000000000000e+00
-4.996355000000000324e+00 3.622328718615568821e+00 2.461968358502313770e+00 -1.742370000000000030e-02
8.996203031468743561e-01 3.792518766683386833e+00 -1.375499999999999813e-02 -9.100000000000000450e-03
0.000000000000000000e+00 0.000000000000000000e+00 0.000000000000000000e+00 0.000000000000000000e+00
-5.000000000000000000e+00 -1.098239497144429117e-01 -1.109761171209777825e-01 -1.137004716834781187e-01
-1.113467863192050822e-01 -1.080141985584918557e-01 -5.000000000000000000e+00 1.241876575197325749e+00
0.000000000000000000e+00 0.000000000000000000e+00 0.000000000000000000e+00 0.000000000000000000e+00
-5.000000000000000000e+00 1.570869569830420698e+00 1.762238733183599804e+00 1.570920456680360511e+00
1.664125857983851153e+00 1.664122369533052925e+00 1.865514455982736797e+00 -5.000000000000000000e+00
1.762238732505207572e+00 -5.000000000000000000e+00 1.974225743139722988e+00 1.762238733183384198e+00
1.865514455982736797e+00 2.088658676989182172e+00 2.088658676989182172e+00 1.865514455982736797e+00
1.974225743139722988e+00 2.209114396830718086e+00 2.209114396830718086e+00 1.974225743139722988e+00
2.088658676989182172e+00 2.335909891400755889e+00 2.335909891400755889e+00 2.088658676989182172e+00
2.209114396830718086e+00 2.469378833053426980e+00 2.469378833053426980e+00 -5.000000000000000000e+00
2.335909891400755889e+00 2.551356672501666978e+00 2.609872455845712480e+00 -5.000000000000000000e+00
2.469378833053426980e+00 2.736048904100274459e+00 2.757760479837592094e+00 -5.000000000000000000e+00
2.609872455845712480e+00 2.609872455845712480e+00 2.913432084039570658e+00 2.609872455845712480e+00
2.757760479837592094e+00 -5.000000000000000000e+00 3.077296930567968936e+00 2.757760479837592094e+00
2.913432084039570658e+00 3.249786242703124994e+00 3.249786242703124994e+00 2.913432084039570658e+00
3.077296930567968936e+00 3.431353939687499910e+00 3.431353939687499910e+00 3.077296930567968936e+00
3.249786242703124994e+00 3.622477831249999891e+00 3.622477831249988789e+00 -5.000000000000000000e+00
3.431353183558943698e+00 3.823660874999999848e+00 3.811172045879687609e+00 3.430676955371840364e+00
3.621815708195264882e+00 4.035432499987285482e+00 3.822816243993548024e+00 2.889420208028139925e+00
-1.073846470573353584e-01 -1.027001472817632155e-01 -1.086689135428586667e-01 -5.000000000000000000e+00
-1.066297541976126279e-01 -5.000000000000000000e+00 -1.080128273373585635e-01 -1.109586567661980383e-01
-1.040557590812505456e-01 -1.038562784523303778e-01 -5.000000000000000000e+00 7.741383339332986724e-01
0.000000000000000000e+00 0.000000000000000000e+00 0.000000000000000000e+00 0.000000000000000000e+00
-4.999999999999872990e+00 6.660970654156074255e-01 1.664124602642655271e+00 -9.946814240936426021e-02
1.408700974515272097e+00 1.484068190596809389e+00 -4.999999999999872990e+00 1.762238730775255169e+00
0.000000000000000000e+00 0.000000000000000000e+00 0.000000000000000000e+00 0.000000000000000000e+00
-5.000000000000000000e+00 2.209114214111874919e+00 2.209114396830718086e+00 1.973774604890152995e+00
2.088658676985217344e+00 2.335909890865234484e+00 2.335909891400755889e+00 2.088658676989182172e+00
2.209114396830718086e+00 2.469378833052786160e+00 2.469378833053426980e+00 2.209114396830718086e+00
2.335909891400719918e+00 2.609872455845712480e+00 2.609826881834012458e+00 2.335909891400755889e+00
2.469377319091185630e+00 2.757760471876669062e+00 2.468940999499005251e+00 2.469378833053426980e+00
2.526128405210769756e+00 2.913404764971721406e+00 2.609850197678630579e+00 2.609872455845712480e+00
2.651029914929537767e+00 2.469359074342577287e+00 -4.999999999418869301e+00 2.757760479837592094e+00
0.000000000000000000e+00 0.000000000000000000e+00 0.000000000000000000e+00 0.000000000000000000e+00
-5.000000000000000000e+00 -5.000000000000000000e+00 3.431353939687499910e+00 3.077296930567961830e+00
3.249786242703118777e+00 3.622477823603559521e+00 3.622477831249999891e+00 3.249786242703124994e+00
3.431353939687499910e+00 3.823660874999999848e+00 3.823660874999999848e+00 3.431353939687499910e+00
3.622477831249999891e+00 4.035432499999999756e+00 4.035432499999999756e+00 3.622477831249999891e+00
3.823660874999999848e+00 4.258350000000000080e+00 4.035432499999656919e+00 3.823660874748004090e+00
-9.980261582297338119e-02 -1.021639594762055320e-01 -4.999999202838499635e+00 -1.022768697887442152e-01
0.000000000000000000e+00 0.000000000000000000e+00 0.000000000000000000e+00 0.000000000000000000e+00
-5.000000000000000000e+00 -1.023902999550017484e-01 -9.894232024467881914e-02 -1.027911983630024895e-01
-9.791150785380080268e-02 -9.736540770502474795e-02 -9.683042643649722447e-02 -4.999999999995292654e+00
-9.617107132140162440e-02 7.492908242072044978e-01 -9.422861737316388930e-02 1.057029799550866178e+00
-9.822548009134098035e-02 -8.913813798543410161e-02 1.971895722880794510e+00 -9.163205578435816567e-02
-9.171573198974893038e-02 2.206747293179364355e+00 -8.382929586533162392e-02 -4.999999202838499635e+00
1.528912678361632693e+00 2.335909891311179543e+00 2.270623529449485645e+00 2.081032410351066009e+00
2.206722185726201602e+00 2.469378833051457001e+00 2.461967995286991062e+00 2.207446410031949746e+00
2.335834671800205875e+00 2.609095370644146872e+00 2.609872455845712480e+00 2.335752238601076058e+00
2.469378833053426980e+00 2.757760479837592094e+00 2.757760478570764118e+00 2.469378833053426980e+00
2.609872454971341682e+00 -4.999999999998587796e+00 2.913432084039172310e+00 2.609813933671621733e+00
2.757706295332943203e+00 3.077296930567878341e+00 2.525155275693958146e+00 2.757392423548838067e+00
2.693746807431808055e+00 -4.999970475499999623e+00 -4.987849999999999895e+00 2.609872455798933011e+00
0.000000000000000000e+00 0.000000000000000000e+00 0.000000000000000000e+00 0.000000000000000000e+00
0.000000000000000000e+00 0.000000000000000000e+00 0.000000000000000000e+00 0.000000000000000000e+00
-4.999999978476639129e+00 3.820481529126129594e+00 3.823660874869759585e+00 3.431285902212938055e+00
3.622477751362648490e+00 4.035432499996779221e+00 4.035432499999999756e+00 3.622477831239176105e+00
3.823660874990840952e+00 4.258350000000000080e+00 4.258350000000000080e+00 3.823660874999999848e+00
4.035432499999999756e+00 4.493000000000000327e+00 4.258349999999990310e+00 4.035432499999997091e+00
-9.904409429795198172e-02 -9.952287696059358701e-02 -1.019490745815744420e-01 -1.003402894701077158e-01
-9.868520413986966999e-02 -4.998906500000000364e+00 -9.934300365128714838e-02 -4.999671949999999754e+00
-1.011923266955703227e-01 -9.856972066734112636e-02 -9.977728773305062637e-02 -9.961701346540549618e-02
-9.710424043960994012e-02 -9.689103341402062475e-02 -9.721694601233718536e-02 -9.588758602384662988e-02
-9.584603743125025277e-02 -9.384399098225074121e-02 1.807172453372248411e+00 -9.429881968838124684e-02
-9.366344056444349253e-02 -9.045871312226209937e-02 2.204914493729967617e+00 -8.994607137882369707e-02
1.913017181533029687e+00 -8.662768706327517165e-02 2.335909849249126147e+00 1.463071744083505044e+00
2.208605509064059280e+00 1.097662178269507960e+00 2.469378833053417654e+00 2.208016553773000101e+00
2.335521651086118755e+00 2.326738163065304565e+00 2.609872455845712480e+00 2.334063683790289723e+00
2.469378688952557077e+00 -4.999999999999996447e+00 2.757760479837592094e+00 2.469325577314843478e+00
2.609872455845709815e+00 2.913432084039570658e+00 -5.000000000000000000e+00 2.609872455845712480e+00
0.000000000000000000e+00 0.000000000000000000e+00 0.000000000000000000e+00 0.000000000000000000e+00
-4.999901584999999926e+00 3.249786242703102346e+00 -4.999970475499999623e+00 2.913428625976429931e+00
0.000000000000000000e+00 0.000000000000000000e+00 0.000000000000000000e+00 0.000000000000000000e+00
-4.996355000000000324e+00 3.622475881430434974e+00 3.271178321570430647e+00 -4.549999999999999822e+00
3.331572974703154166e+00 2.669893867733601045e+00 3.822946763198202813e+00 -4.998906500000000364e+00
3.310581519692487262e+00 4.034545900024589571e+00 4.035432499999998868e+00 3.523938438603730017e+00
3.823657421836006876e+00 4.258350000000000080e+00 4.258349929138995904e+00 3.823637941911023574e+00
4.035432499999858535e+00 4.493000000000000327e+00 4.493000000000000327e+00 4.035432499999992650e+00
4.258350000000000080e+00 4.740000000000000213e+00 4.493000000000000327e+00 4.258350000000000080e+00
-9.967587881723924403e-02 -9.450371257172614226e-02 -4.999999760851549624e+00 -9.860017758132400001e-02
0.000000000000000000e+00 0.000000000000000000e+00 0.000000000000000000e+00 0.000000000000000000e+00
-4.999997342794999966e+00 -9.726124208163947071e-02 -9.538946240207778204e-02 -9.636346455576690062e-02
-9.951211064300349851e-02 -9.257347010308156210e-02 -9.381457520268909889e-02 -9.387483450845061916e-02
-9.202337982666079774e-02 -9.373439743089111154e-02 -9.119862113644480739e-02 -9.328036952039345242e-02
-8.716455679065568396e-02 -4.999999998062897077e+00 -8.655990691638314194e-02 -8.901285132081114548e-02
-9.109328321979119625e-02 -8.397205102453947356e-02 -8.074623689237007962e-02 -9.060333384610501362e-02
-8.026109809893369751e-02 -4.999999202838499635e+00 1.527474557937660515e+00 2.118227102049331734e+00
9.843945799621856008e-01 2.702011056738903849e-01 -4.999999993542991739e+00 2.468821491289245884e+00
0.000000000000000000e+00 0.000000000000000000e+00 0.000000000000000000e+00 0.000000000000000000e+00
-5.000000000000000000e+00 2.757760479837591649e+00 3.077296930567968936e+00 2.757760475729133631e+00
2.913432084039564884e+00 2.913431672244322979e+00 3.249786242703124994e+00 -4.999999999999576339e+00
3.077296930566299160e+00 2.757573898667645906e+00 3.431353939687499910e+00 3.077264891671181779e+00
3.249786011536492936e+00 3.249786242197465480e+00 3.622477831249999891e+00 -4.999999998062897077e+00
3.431353896416907467e+00 3.431349716302986685e+00 3.823660874999999848e+00 3.431317306972102799e+00
3.622477830825285405e+00 3.622387833603473606e+00 4.035432499999999756e+00 3.619661215144989175e+00
3.823660874235481177e+00 3.823660190846980278e+00 4.258350000000000080e+00 3.823660870538676537e+00
4.035432499500805292e+00 -4.999999999999576339e+00 4.493000000000000327e+00 4.035432499980663223e+00
4.258350000000000080e+00 4.739999999999300329e+00 4.740000000000000213e+00 4.258349999999424540e+00
4.493000000000000327e+00 5.000000000000000000e+00 4.740000000000000213e+00 4.493000000000000327e+00
-9.455221487573042816e-02 -9.431047630560143724e-02 -9.204211485034351214e-02 -9.502208116429822216e-02
-9.057676934774672173e-02 -8.887369809810426180e-02 -9.241338115693753519e-02 -4.999901584999999926e+00
-9.368701147238021887e-02 -9.584730786543199654e-02 -9.301489427585102332e-02 -9.560819846514077847e-02
-9.638507056708688070e-02 -8.745690543927622795e-02 -9.106025836788923800e-02 -9.099157227648967117e-02
-9.059876598318136742e-02 -9.380626061530100701e-02 -4.999997342794999966e+00 -9.232228524731836417e-02
0.000000000000000000e+00 0.000000000000000000e+00 0.000000000000000000e+00 0.000000000000000000e+00
-4.999671949999999754e+00 -7.835947455076244794e-02 -4.999671949999999754e+00 -7.860189460535066397e-02
0.000000000000000000e+00 0.000000000000000000e+00 0.000000000000000000e+00 0.000000000000000000e+00
-4.999999202838499635e+00 2.717302936206942854e-01 2.085912355523894757e+00 -7.249422945237839200e-02
1.653691851666528878e+00 -5.994354516937706878e-02 2.757158523478711931e+00 -4.999901584999999926e+00
2.602973113090567558e+00 2.757156930029191155e+00 2.908048605549646837e+00 2.913432084039570658e+00
2.681952027566868235e+00 2.898375939589002304e+00 2.985336677395360461e-01 3.077296930567939182e+00
2.913431406944432922e+00 1.554028029477204420e+00 2.262703829455916971e+00 2.260542582861919225e+00
2.750343717578727087e+00 2.264832612501855191e+00 3.119312151796179933e+00 3.431353939552267196e+00
3.140295028278625722e+00 3.386641033869159934e+00 3.622477322632139174e+00 3.293441024986111021e+00
2.362272103833957804e+00 3.610733667167093319e+00 3.823660872896349261e+00 3.823400502972563508e+00
2.525938396783885320e+00 3.477409486897812929e+00 -4.996355000000000324e+00 4.035432499999982880e+00
0.000000000000000000e+00 0.000000000000000000e+00 0.000000000000000000e+00 0.000000000000000000e+00
-4.999671949999999754e+00 4.611047074789603073e+00 4.999999999999872990e+00 4.489719499998488850e+00
0.000000000000000000e+00 0.000000000000000000e+00 0.000000000000000000e+00 0.000000000000000000e+00
