5.756650778606227370e-02 7.112263980341836100e-02 7.112263947769792427e-02 5.756650779848057620e-02
5.756650757902406768e-02 8.539225163494734705e-02 8.539225235273070758e-02 7.112263929498463533e-02
7.112263948454160267e-02 1.004128972532454672e-01 1.004128966966108538e-01 8.539225233757609390e-02
8.539225219114665588e-02 1.162241021841670663e-01 1.162240637246620967e-01 1.004128962926018470e-01
1.004128926906792257e-01 1.328674689793874486e-01 1.328673198492859864e-01 1.162240638167790913e-01
1.162235807590434739e-01 1.503868043551224443e-01 -5.000000000000000000e+00 1.328673733531987311e-01
0.000000000000000000e+00 0.000000000000000000e+00 0.000000000000000000e+00 0.000000000000000000e+00
-5.000000000000000000e+00 1.882200196789156621e-01 1.387690108206502404e-01 1.629064944651379965e-01
1.638519965524497524e-01 1.661412631705929399e-01 5.142839723729557277e-02 1.261861369969773106e-01
1.372516381394814078e-01 1.318521478589545354e-02 -5.920915761787116927e-02 -6.621581987472659192e-02
-6.538283251607100721e-02 -5.618363987901970474e-02 -5.665437056078825168e-02 -5.894120169733869236e-02
-6.192621761372840011e-02 -5.514217708475702834e-02 -5.248849489912048305e-02 -5.599096100098398948e-02
-5.592877065468397635e-02 -4.759271872312689083e-02 -4.492607251883140584e-02 -5.210040588604112483e-02
-5.071728567440610819e-02 -4.350880723907341041e-02 -4.173686632339197039e-02 -4.253424429678374225e-02
-4.371177142770636681e-02 -4.534586554144799664e-02 -3.444476844365199769e-02 -4.225332201548634425e-02
-3.914402432154862055e-02 -3.709074926551696877e-02 -4.335999138860680696e-02 -4.062588298363219164e-02
7.112263976950196354e-02 8.539225242968472018e-02 8.539225206234891952e-02 5.756650775529611325e-02
7.112263977902991141e-02 1.004128967184463872e-01 1.004128969896619095e-01 7.112263964316974107e-02
8.539225210750149564e-02 1.162241023861686762e-01 1.162241022189239720e-01 8.539225232031481816e-02
1.004128969419529338e-01 1.328674761459557596e-01 1.328674752625266520e-01 1.004128967012747203e-01
1.162241010730942770e-01 1.503868165836722282e-01 1.503868049140631713e-01 1.162240909911365083e-01
1.328674465425811191e-01 1.688282240589803473e-01 1.688274961204526692e-01 1.328674547654184190e-01
1.503860669712850651e-01 1.882394969229620740e-01 1.882326375806041008e-01 -5.000000000000000000e+00
1.688125561298909338e-01 2.086731482579740060e-01 1.680682717870107257e-01 1.687646387925978431e-01
1.877342373509870987e-01 -5.000000000000000000e+00 2.554628869526368029e-02 1.037003496698715721e-01
-7.010022427237884435e-02 -5.000000000000000000e+00 -6.030744671524029127e-02 5.590858557222844194e-02
-6.347168325335897365e-02 -5.405780097972921749e-02 -5.441474771377094455e-02 -5.960761853165971041e-02
-5.623738883987544623e-02 -5.172315224605918832e-02 -4.964861912587796577e-02 -5.959824725442949833e-02
-5.188765036960090588e-02 -4.725414444085703630e-02 -4.354384501471219443e-02 -4.854709935285458910e-02
-5.016386155580656453e-02 -3.833032717287793850e-02 -4.561031603087375985e-02 -3.703631093102499605e-02
-4.401216119032784480e-02 -4.476480358331030168e-02 -3.800113762443511900e-02 -3.910036533184108737e-02
-3.552248297654962000e-02 -4.494483015502243745e-02 -3.777145522142387468e-02 -3.826400656922812615e-02
8.539225206834200055e-02 1.004128929481712812e-01 1.004128972956688792e-01 7.112263976153496148e-02
8.539225238592576539e-02 1.162241024170563714e-01 1.162241021931326307e-01 8.539225200938077576e-02
1.004128933812908214e-01 1.328674767121023059e-01 1.328674758731926975e-01 1.004128972321051971e-01
1.162241021401339836e-01 -5.000000000000000000e+00 1.503868170262805670e-01 1.162241020320887441e-01
1.328674730546322291e-01 1.688282284935339606e-01 1.688282246736129422e-01 1.328674755322838130e-01
1.503868084919348092e-01 1.882402390029689065e-01 1.882400893797453456e-01 1.503868087680232113e-01
1.688280432386635721e-01 2.086738378952505135e-01 2.086733992446706543e-01 1.688270111273005025e-01
1.882352242425238964e-01 2.301827815500192831e-01 -5.000000000000000000e+00 1.882338834267511529e-01
0.000000000000000000e+00 0.000000000000000000e+00 0.000000000000000000e+00 0.000000000000000000e+00
0.000000000000000000e+00 0.000000000000000000e+00 0.000000000000000000e+00 0.000000000000000000e+00
-4.999999202838499635e+00 1.158757251014613382e-01 -4.649507377725690949e-02 -5.789666290443811619e-02
-4.574376723767017983e-02 -4.804384135035326409e-02 -4.227665026742743332e-02 -4.857672360493294622e-02
-4.813332121496490673e-02 9.612680993789572692e-02 -4.083811073729246705e-02 -4.749874697002709478e-02
-4.522900510379197769e-02 -2.780542154172734731e-02 -4.346608477583442653e-02 -3.984696470634080390e-02
-4.278508100192959102e-02 -4.080702772075536083e-02 -4.108131072654522958e-02 -3.940647221348435314e-02
-4.525454025847318318e-02 -4.004112039662972161e-02 -4.410728875441453922e-02 -3.717609781624452853e-02
1.004128949777270685e-01 1.162240827409532912e-01 1.162241023806927093e-01 8.539225208256602528e-02
1.004128961205301707e-01 1.328674759307676700e-01 1.328674767154873204e-01 1.004128972880379556e-01
1.162241023231948556e-01 1.503868178149176671e-01 -5.000000000000000000e+00 1.162241008661207969e-01
0.000000000000000000e+00 0.000000000000000000e+00 0.000000000000000000e+00 0.000000000000000000e+00
-5.000000000000000000e+00 1.882402440192103843e-01 1.882402366871400445e-01 1.503868146129979655e-01
1.688282210090770452e-01 2.086739415344405213e-01 2.086738775955639391e-01 1.688282122387864126e-01
1.882402351889927716e-01 2.301830853508589902e-01 2.301826044512458314e-01 1.882400246074028005e-01
2.086738955588865185e-01 2.528241944953811271e-01 2.528237385938539306e-01 2.086724691975628265e-01
2.296138796630993184e-01 2.766569752867523713e-01 2.273954082812637834e-01 -5.000000000000000000e+00
2.514919172809536030e-01 -4.999999999999988454e+00 1.387297429936797388e-01 -4.999999999947698726e+00
2.088227024607453575e-01 -6.699449662906351022e-03 1.886546779744148472e-02 -5.228746497988753100e-02
-5.426402564398515732e-02 -4.272656772086150245e-02 1.265196504854509407e-01 -4.667091922503217860e-02
-4.678247749443937425e-02 1.733968220464932875e-01 -2.906933425005699470e-02 -4.765151654395204106e-02
-3.829698236968748920e-02 1.720903999846666310e-01 -3.655381639361464374e-02 -3.972067573061829199e-02
-3.442560026354872516e-02 -2.923386368244476619e-02 -4.045580515182724268e-02 -4.532167665647911931e-02
-4.205041428571659051e-02 -3.437737097880304987e-02 -4.086134506744011630e-02 -3.559140103226342278e-02
1.162240997384017815e-01 1.328673938623542716e-01 1.328674758803868317e-01 1.004128920347322068e-01
1.162241016587269582e-01 1.503867750180771790e-01 1.503868178032792546e-01 1.162240922369903312e-01
1.328674756177063987e-01 1.688282088846003171e-01 1.688282308625256023e-01 1.328674757836322273e-01
1.503868148917593683e-01 1.882402379395006764e-01 1.882402443081191423e-01 -5.000000000000000000e+00
1.688282286480671801e-01 2.086739388075160295e-01 2.086739417045943568e-01 1.688282313622330444e-01
1.882402440131500376e-01 2.301830953119793355e-01 2.301830965784995298e-01 1.882402439503440827e-01
2.086739392970060336e-01 2.528243130536320105e-01 2.528240675895216949e-01 2.086738610434138719e-01
2.301829386078510509e-01 2.766571640853578984e-01 2.766566252218760624e-01 2.301825231228258606e-01
2.528231765470742021e-01 3.017443254015879650e-01 -5.000000000000000000e+00 2.528220651145476339e-01
0.000000000000000000e+00 0.000000000000000000e+00 0.000000000000000000e+00 0.000000000000000000e+00
-4.999671949999999754e+00 -4.268451306689225594e-02 -3.005390029607040575e-02 2.286002914960775373e-02
-4.808278354883663980e-02 -4.999991142649999887e+00 -1.978364819016972115e-02 -4.331656430651004835e-02
-4.268482972720741980e-02 3.155665998314918230e-01 1.668264392148419706e-01 1.152114382724212238e-01
-1.272899399626889125e-02 3.624427333867277778e-01 -3.524064518578800403e-02 -2.860272929131501760e-02
-3.320778508611408469e-02 -1.534634360225055859e-02 -3.456798193219350057e-02 -3.219311650791249757e-02
-3.225163587371249890e-02 -2.617966691724999892e-02 -3.446068572543097702e-02 -4.256210333721903438e-02
1.328673865372059226e-01 -5.000000000000000000e+00 1.503867772432934125e-01 1.162240343685929100e-01
1.328674350130778781e-01 1.688281881748834590e-01 1.688281205325467549e-01 1.328674585949492226e-01
1.503867057844799071e-01 1.882401842810660364e-01 1.882402263471212589e-01 1.503867300132772367e-01
1.688281996587589484e-01 2.086739362558495126e-01 2.086739331496920147e-01 1.688282278347459919e-01
1.882402260534125904e-01 2.301830940978064066e-01 2.301830908890401262e-01 1.882402422930786745e-01
2.086739339552936556e-01 2.528243116914106192e-01 2.528242952474158978e-01 2.086739393200175707e-01
2.301830385751881258e-01 2.766571721208940238e-01 2.766570923174124785e-01 2.301830910210925230e-01
2.528243081758786426e-01 3.017443920284169634e-01 3.017443393811666263e-01 2.528242335579997113e-01
2.766570877566178477e-01 3.281519474439391071e-01 -5.000000000000000000e+00 2.766567624970383554e-01
0.000000000000000000e+00 0.000000000000000000e+00 0.000000000000000000e+00 0.000000000000000000e+00
-4.959500000000000242e+00 3.817076551152853159e-01 -4.999999928255465242e+00 -5.709937743487880635e-03
0.000000000000000000e+00 0.000000000000000000e+00 0.000000000000000000e+00 0.000000000000000000e+00
-4.998906500000000364e+00 4.308294208496625255e-01 2.044584693153356503e-01 7.296172483521505547e-02
5.456060578275963996e-03 4.516275029470511182e-01 1.835977827675584484e-01 -2.434312638381397331e-02
3.653694720468564361e-01 -4.422863052279419477e-03 -2.488892350000000003e-02 -2.729841620199932595e-02
-1.478060602869555804e-02 -2.142525284983527387e-02 -2.357676999999999690e-02 -3.303745161249749263e-02
0.000000000000000000e+00 0.000000000000000000e+00 0.000000000000000000e+00 0.000000000000000000e+00
-5.000000000000000000e+00 1.882399860615306952e-01 1.882401983620849428e-01 1.503867631142963013e-01
1.688279853016984577e-01 2.086736922853116016e-01 2.086739326283698903e-01 1.688281418614664131e-01
1.882402158642821899e-01 2.301830358570799984e-01 2.301830935803459988e-01 1.882402144251555665e-01
2.086739385802776070e-01 2.528242833412835955e-01 2.528243096364928832e-01 2.086739387099348919e-01
2.301830918993085506e-01 2.766571681246624559e-01 2.766571719544599905e-01 2.301830908754745608e-01
2.528243109948504763e-01 3.017443925119432935e-01 3.017443890191700007e-01 2.528243088370418223e-01
2.766571633927216167e-01 3.281519928824038201e-01 3.281519757226818435e-01 2.766571649096099539e-01
3.017443716057555125e-01 3.559494574538069611e-01 3.559492842042871752e-01 3.017441954138917470e-01
3.281518701859312825e-01 3.852098296116343579e-01 3.851492957366381420e-01 -5.000000000000000000e+00
3.557963562248924183e-01 4.159989039488644624e-01 4.120602148852234858e-01 3.501662679545750056e-01
3.779321534865987542e-01 4.463086215628690456e-01 4.448659839562091878e-01 -4.999999998062897077e+00
4.108084125673449605e-01 4.813822002730074323e-01 4.520088283463463696e-01 3.643065195872879913e-01
4.228573397378491694e-01 5.067408248190906628e-01 4.054245452598879695e-01 3.737764983504636152e-01
4.656822264677899503e-01 7.221590827580742777e-02 4.533663433645764018e-02 9.145011247107420749e-02
-1.057442109742234154e-02 1.984473865393054648e-01 -1.375499999999999813e-02 -2.335220181929426736e-02
1.681402959105241512e-01 1.879541973146836575e-01 1.879993546554723227e-01 -5.000000000000000000e+00
1.685880715970688726e-01 2.086479024775110269e-01 2.086738391263013581e-01 1.688278234748042117e-01
1.882393778384891803e-01 2.301824697540892917e-01 2.301830303444955816e-01 1.882400905499314325e-01
2.086736881324494641e-01 2.528238958934239111e-01 2.528242952297500290e-01 2.086739180892782375e-01
2.301830099163714727e-01 2.766569221335189455e-01 2.766571675941145170e-01 2.301830932458282797e-01
2.528243057069892163e-01 3.017443899340881419e-01 3.017443877172100164e-01 2.528243037580336638e-01
2.766571524334687782e-01 3.281519945518670545e-01 3.281519921390967931e-01 2.766571540128142659e-01
3.017443888345409109e-01 3.559494680935241240e-01 3.559494461563278422e-01 3.017443653891669908e-01
3.281519877130089635e-01 3.852099645406392714e-01 3.852099549313438009e-01 3.281511579222052832e-01
3.559488747140793774e-01 4.160104906865730312e-01 4.160102117673543098e-01 3.559492946737671804e-01
3.852099402503201264e-01 4.484320648875498860e-01 4.484314735391206619e-01 3.850385656039185256e-01
4.159349126181668410e-01 4.825598381679891413e-01 4.822773214042622714e-01 4.092795973686730870e-01
4.470972766329882053e-01 5.184225938214093166e-01 5.085063528398729993e-01 4.455370789789705466e-01
4.800634204364754853e-01 5.498664097445082888e-01 4.868200351354575739e-01 4.637534658364205753e-01
5.017180970533839934e-01 5.742329738421000362e-01 1.011612907722830995e-01 2.281880120512947419e-01
2.808295361695712922e-01 8.837645788001807778e-02 2.440714626393905573e-01 -1.613199002978585664e-02
1.872313529557745881e-01 1.626282975179413892e-01 2.086064474021030457e-01 1.669865438594385076e-01
1.878426091992128621e-01 1.879262188551736878e-01 2.301823029648085162e-01 1.882110370985601022e-01
2.086691506288749776e-01 -5.000000000000000000e+00 2.528238813527075579e-01 2.086722073299164537e-01
2.301824523402954681e-01 2.766563058336429237e-01 2.766567612985586511e-01 2.301828055262311323e-01
2.528235157021904711e-01 3.017441845003485668e-01 3.017441696569576615e-01 2.528228528576594858e-01
2.766569577432242411e-01 3.281519776254417375e-01 3.281519939411767783e-01 2.766571073456959295e-01
3.017443913977860270e-01 3.559494620877799997e-01 3.559494689214255936e-01 3.017443916463805054e-01
3.281519932897132841e-01 3.852099674708983623e-01 3.852099667664138360e-01 3.281519851665851695e-01
3.559494628619030987e-01 4.160104942092729408e-01 4.160104884897647959e-01 3.559494658820103741e-01
3.852099562456727799e-01 4.484320985768813217e-01 4.484320878958443224e-01 3.852099497830015484e-01
4.160104371022091407e-01 4.825600951346928902e-01 4.825597176063716742e-01 4.160103908928971528e-01
4.484319594100882322e-01 5.184842648297776080e-01 5.184551454126886672e-01 4.484243230494223131e-01
4.825558503523414977e-01 5.562957625824970220e-01 5.502872497308269883e-01 4.824605834566091933e-01
5.118093320109795563e-01 5.959975008694630150e-01 5.764922454456405942e-01 5.086836818331220700e-01
5.201569905503272695e-01 6.335040107588153502e-01 4.663175547525332809e-01 5.026559427913505074e-01
5.643829639128623565e-01 -4.959500000000000242e+00 6.424826929563988431e-02 1.116405703693832963e-01
7.517429427474477122e-02 1.117440599010071089e-01 1.390796669157475796e-01 1.871170791169652348e-01
1.367353408777980950e-01 1.580442354009381489e-01 -5.000000000000000000e+00 2.084864181232079783e-01
0.000000000000000000e+00 0.000000000000000000e+00 0.000000000000000000e+00 0.000000000000000000e+00
-5.000000000000000000e+00 3.017200111104669236e-01 3.017440752357615774e-01 2.528217316093804290e-01
2.766561615552552422e-01 3.281508702743670680e-01 3.281518515487296672e-01 2.766565498038622839e-01
3.017437476450414713e-01 3.559491016892737947e-01 3.559494582462527923e-01 3.017439444750598665e-01
3.281518639539956483e-01 3.852099326250361111e-01 3.852099664145608449e-01 3.281519609291835837e-01
3.559494606262509908e-01 4.160104923268042598e-01 4.160104913161324913e-01 3.559494665364902333e-01
3.852099590917287264e-01 4.484321004807266808e-01 4.484320142097679707e-01 3.852099621978822830e-01
4.160104616321125270e-01 4.825601074539346835e-01 4.825600989489409742e-01 4.160104689039189618e-01
4.484320392200576433e-01 5.184843147419712084e-01 5.184842449347868421e-01 4.484320408052999141e-01
4.825598356396430533e-01 5.562992799882220396e-01 5.562969519454720180e-01 4.825594779683682334e-01
5.184805640280173433e-01 5.961037309252026350e-01 5.960874031325850142e-01 5.184745935440976394e-01
5.539758757101354014e-01 6.380043251169299490e-01 6.376319571868575009e-01 5.551977874754844278e-01
5.864205946679538206e-01 6.820979296277671633e-01 -4.999999999418869301e+00 5.670047533878307400e-01
0.000000000000000000e+00 0.000000000000000000e+00 0.000000000000000000e+00 0.000000000000000000e+00
1.117770148932762664e-01 -6.431025634097216337e-02 1.566404156801602388e-01 1.444893980692386337e-01
3.285715855119439310e-02 2.410453787530717484e-01 2.664200607403432453e-01 1.877293123300981248e-01
2.289471073743283291e-01 2.909748957094274169e-01 3.015369428602450164e-01 -4.999999999947698726e+00
2.761959346324305842e-01 3.280667415868057657e-01 3.281466114750645202e-01 2.766281304788604234e-01
3.017109490100359781e-01 3.559487833059393758e-01 3.559330669975053207e-01 3.017404255943770819e-01
3.281506660562565902e-01 3.852098590178634763e-01 3.852075348981151559e-01 3.281515427220027536e-01
3.559485347213007800e-01 4.160104876422292541e-01 4.160104828432896196e-01 3.559485819271115403e-01
3.852098980054444177e-01 4.484320987572023021e-01 4.484320973490113493e-01 3.852099603384562809e-01
4.160104915180063423e-01 4.825601057081523315e-01 4.825601075528405670e-01 4.160104949502760885e-01
4.484320981440886866e-01 5.184843246378504356e-01 5.184843217222572243e-01 4.484320932721138631e-01
4.825601074111026678e-01 5.562992708558862631e-01 5.562992869155866105e-01 4.825600980656014616e-01
5.184842991885720842e-01 5.961045152543904546e-01 5.961044765660064026e-01 5.184842240031773963e-01
5.562987159811344506e-01 6.380047530079772100e-01 6.379979577132416368e-01 5.562925964060553286e-01
5.961043142807065376e-01 6.821102648699173265e-01 6.820902614780848250e-01 5.960967152619683906e-01
6.378634498093288530e-01 7.285349027709286940e-01 7.284052176736734996e-01 6.379333274238105922e-01
6.801920278681825582e-01 7.774064977762948914e-01 7.283560410874919677e-01 -4.996355000000000324e+00
2.536506228661222773e-02 -5.841809506867256391e-02 7.769949180364553454e-02 7.548757093326594059e-02
2.593215564950578783e-02 6.646950906127159497e-02 2.931579765415550654e-01 2.084349205685628315e-01
2.423376429093907491e-01 2.391964120002884053e-01 3.280663712821971223e-01 2.736860690270667140e-01
2.955649958063299443e-01 2.947697571670213623e-01 3.559440616767515775e-01 3.015435938210905831e-01
3.281297698155131171e-01 3.281431453108619722e-01 3.852097523987013106e-01 3.281399211023149354e-01
3.559461000406691222e-01 3.559489134539159938e-01 4.160104878938244433e-01 3.559489703134651739e-01
3.852098475521876231e-01 3.852094705002055419e-01 4.484320975518307217e-01 3.852098526910853193e-01
4.160104876753042968e-01 4.160104598347883487e-01 4.825601071194816627e-01 4.160104822351625709e-01
4.484321015142774813e-01 -5.000000000000000000e+00 5.184843246304761122e-01 4.484320992579141074e-01
4.825601083202037955e-01 5.562992890962119574e-01 5.562992897682147442e-01 4.825601082703802058e-01
5.184843243156104231e-01 5.961045110682029469e-01 5.961045164939405838e-01 5.184843222007210484e-01
5.562992892637480535e-01 6.380047530802743783e-01 6.380047543319233849e-01 5.562992753452791206e-01
5.961044974889966319e-01 6.821102669438446897e-01 6.821102677499865097e-01 5.961037238592136189e-01
6.380047408128176611e-01 7.285371239978252200e-01 7.285371149363224497e-01 6.380047367255899937e-01
6.821002862833800418e-01 7.774074988951792387e-01 7.774073965744331405e-01 6.821026608986934248e-01
7.285367007347484103e-01 8.288499978651676647e-01 7.774008720815070994e-01 7.285054439554059513e-01
-5.561233706817366590e-02 -5.135683786269453627e-02 -5.211219101987880215e-02 2.532185386639208835e-02
-5.782385959403882336e-02 1.805299539510402673e-01 -5.416377167806787907e-02 1.339609910029758155e-01
1.328217668139072827e-01 2.185998198752258925e-01 2.305646365038769852e-01 2.735396563757319099e-01
2.449423067811456467e-01 2.634516584077885026e-01 2.821467207803306509e-01 3.256880409053219405e-01
2.864249228975135342e-01 2.793401907427640607e-01 3.559480959633168906e-01 3.527828721883397578e-01
3.281439405614061666e-01 3.280213620358232718e-01 3.852083326221015236e-01 3.852096484390756803e-01
3.559476467029273339e-01 3.556697363354304198e-01 4.160104313116783081e-01 4.160058438874401077e-01
3.852097241165214347e-01 3.852098769671868372e-01 -5.000000000000000000e+00 4.484320932456246633e-01
0.000000000000000000e+00 0.000000000000000000e+00 0.000000000000000000e+00 0.000000000000000000e+00
-5.000000000000000000e+00 5.184836926872543605e-01 5.961045158108075892e-01 5.184842837075950284e-01
5.562992700568463178e-01 5.562987118177984414e-01 6.380047538493540671e-01 5.562992835096410849e-01
5.961045157389071036e-01 -4.999999999999988454e+00 6.821102675447674457e-01 5.961044760268428000e-01
6.380047532677654010e-01 7.285370931258945415e-01 7.285371241061913139e-01 6.380047432559390330e-01
6.821102663069906757e-01 7.774074987564325578e-01 7.774074991794319711e-01 6.821102662663764971e-01
7.285371240264121306e-01 8.288499982624103479e-01 8.288499993273695798e-01 7.285371042862098800e-01
7.774074990420246634e-01 8.829999993320636342e-01 8.288499987646764655e-01 7.774074347573044497e-01
-5.199186020658085050e-02 -4.468005729522297326e-02 1.193987472225365998e-01 -4.626581268686106446e-02
-5.091084213362763455e-02 6.218287557729445386e-02 2.249320578952509198e-01 7.556888003168404921e-02
2.007958414327878638e-01 -4.999997342794999966e+00 1.208166015796229842e-01 2.483296869387758288e-01
-2.656030320446855705e-02 1.536284711013473636e-01 2.917081208411004267e-01 2.913899238399332292e-01
2.419472155313822925e-01 2.388038999322124323e-01 1.725369722716302845e-01 3.260842075091954229e-01
2.758532223143299600e-01 3.008081443805862287e-01 3.522038771021784309e-01 3.558561800186732516e-01
3.238306240460163687e-01 3.280933744945611630e-01 3.852093971634176217e-01 3.846979094361234752e-01
3.559397735638070159e-01 3.558809350676468974e-01 3.558894377466516601e-01 4.160104864181686790e-01
3.852029636178297411e-01 -4.996355000000000324e+00 2.572816902395301253e-01 -4.987849999999999895e+00
3.530130883581903412e-01 3.589223958122371716e-01 5.553611172962766851e-01 5.562991990339795079e-01
5.174974857690629593e-01 5.183562228857162557e-01 -4.999999998062897077e+00 5.961044165420225083e-01
0.000000000000000000e+00 0.000000000000000000e+00 0.000000000000000000e+00 0.000000000000000000e+00
-4.999999202838499635e+00 6.818630735440813773e-01 7.774074915852393630e-01 6.821070600082658197e-01
7.285369237357992578e-01 7.285154535679678744e-01 8.288499987829547333e-01 7.285370658110403852e-01
7.774074882532969744e-01 -4.999999999999999112e+00 8.829999987341576873e-01 7.774074990290449350e-01
8.288499212901833113e-01 9.399999997195396251e-01 8.829999727302937362e-01 8.288499986604175307e-01
-4.020875013485075700e-02 -3.905172857966258959e-02 -4.165826568209572700e-02 -5.200002184336321304e-02
-4.577406627122225513e-02 -4.118434587867481067e-02 -4.999991142649999887e+00 1.215016606128205556e-01
0.000000000000000000e+00 0.000000000000000000e+00 0.000000000000000000e+00 0.000000000000000000e+00
-4.999991142649999887e+00 2.486952715325704832e-02 2.335565338079978459e-01 -4.341266414140844410e-02
1.033613331661207835e-01 4.899257805495348117e-02 2.983889588297107265e-01 2.286092264017290931e-01
2.570220438844852962e-01 2.494496853919103141e-01 3.281125164113055104e-01 3.236215159439073674e-01
2.821547666972759050e-01 2.615502481480144747e-01 3.558519109372623723e-01 3.559449867222308495e-01
3.177772099544572959e-01 1.487252616679129169e-01 -4.996355000000000324e+00 3.852099160771267350e-01
0.000000000000000000e+00 0.000000000000000000e+00 0.000000000000000000e+00 0.000000000000000000e+00
-4.998906500000000364e+00 -2.693988566499999973e-02 1.526213875570161527e-01 4.716787186508555885e-01
3.437277268837517497e-01 -4.999671949999999754e+00 6.014698369464303029e-01 3.824771983105497708e-01
4.615789121620861302e-01 3.577055706408786007e-01 6.753693283202174547e-01 -4.865000000000000213e+00
6.100833645433278996e-01 6.106972363007345805e-01 7.241041288398570863e-01 7.285246999282405378e-01
6.632654992586879406e-01 6.212355235753616034e-01 -4.999901584999999926e+00 7.773943195654691163e-01
0.000000000000000000e+00 0.000000000000000000e+00 0.000000000000000000e+00 0.000000000000000000e+00
-4.999999993542991739e+00 9.999999999651321136e-01 9.399845907353712171e-01 8.829999238304779841e-01
-3.857360463015833962e-02 -3.532940043290874049e-02 -3.983213921828543391e-02 -3.938888762608389743e-02
-3.537550347223374081e-02 -3.666641024124814296e-02 -3.585174536387499694e-02 5.984844748374716639e-02
-4.313885352672551521e-02 -3.150191821612499665e-02 -4.373214301040918850e-02 -4.549999999999999822e+00
-3.990004951533347027e-02 -4.403348382705874614e-02 1.211431982150033559e-01 1.029623890824776788e-01
5.956312499174538921e-02 -4.623249573375969035e-02 2.131278365387634932e-01 -3.956753081847018405e-02
4.942388772221332355e-02 -4.185592180348558095e-02 -3.438276310330434793e-02 2.986493708621106302e-01
1.667715379644266194e-01 9.301365024460353514e-02 -2.154530856614770423e-02 3.183543244432699426e-01
-3.348398181563994741e-02 -2.801787478558726008e-02 -2.455658024325309968e-02 3.230907127458351180e-01
-3.172067271797167354e-02 -1.772263500000000047e-02 -2.231189920749999944e-02 -4.987849999999999895e+00
-1.929640650000000179e-02 -2.506264600000000092e-02 -4.549999999999999822e+00 -1.855067550000000232e-02
0.000000000000000000e+00 0.000000000000000000e+00 0.000000000000000000e+00 0.000000000000000000e+00
-4.549999999999999822e+00 3.115321510956671203e-01 4.789957159333340653e-01 -1.165499999999999869e-02
1.547303984840382729e-01 4.164774747041646852e-01 6.292473765415353970e-01 6.815884772502350808e-01
6.352794829966705858e-01 2.668071780171010210e-01 0.000000000000000000e+00 6.828703668257279924e-01
0.000000000000000000e+00 0.000000000000000000e+00 0.000000000000000000e+00 0.000000000000000000e+00
0.000000000000000000e+00 0.000000000000000000e+00 0.000000000000000000e+00 0.000000000000000000e+00
