5.404578550011489568e-01 5.794293210538410399e-01 5.794293210538410399e-01 5.404578550011489568e-01
5.404578550011489568e-01 6.204519168987800981e-01 6.204519168987800981e-01 5.794293210538410399e-01
5.794293210538410399e-01 6.636335967355579957e-01 6.636335967355579957e-01 6.204519168987800981e-01
6.204519168987800981e-01 7.090879965637453264e-01 7.090879965637453264e-01 6.636335967355579957e-01
6.636335966429771638e-01 7.569347332249951599e-01 7.569347332194877875e-01 7.090879965625325188e-01
7.090806165501318814e-01 8.072997191840681763e-01 -5.000000000000000000e+00 7.567630600576592537e-01
0.000000000000000000e+00 0.000000000000000000e+00 0.000000000000000000e+00 0.000000000000000000e+00
-5.000000000000000000e+00 -1.376738007697465849e-01 5.943213617945482946e-02 -3.876894901042055031e-02
-3.934559312644445028e-02 5.596576871324503433e-01 2.148469745886300714e-02 3.277061736214597065e-01
3.411949695580920316e-01 -1.319924860018029666e-01 -1.300747888639795791e-01 -1.310565520174269416e-01
-1.315936818470196668e-01 -1.273827971298230888e-01 -1.275140086126992922e-01 -1.300185112522988795e-01
-1.303178991909932360e-01 -1.252178589972363365e-01 -1.241766639120970711e-01 -1.272358787083930354e-01
-1.239348531376791435e-01 -1.218591152123646992e-01 -1.203724516032754488e-01 -1.241516891958843322e-01
-1.231660956185662431e-01 -1.175541496085214660e-01 -1.168378829354384252e-01 -1.191359892290282940e-01
-1.195355799962346949e-01 -1.156628999779933942e-01 -1.136513971271512907e-01 -1.170058987233302539e-01
-1.131154505060660148e-01 -1.122648575848968766e-01 -1.132455220846247945e-01 -1.161554986686776092e-01
-1.164152052656364511e-01 -1.101226976397683688e-01 -1.089535877148786469e-01 -1.122069374725681024e-01
-1.129282834824423404e-01 -1.090722730916124372e-01 -1.052188284744162289e-01 -1.075740252746604370e-01
-1.020881837026862277e-01 -1.056866226851103652e-01 -1.027297564569332328e-01 -1.050918284247308737e-01
-1.033688872096326788e-01 -1.028238582724549932e-01 -1.017771153192367911e-01 -9.831939204219861117e-02
5.794293210538410399e-01 -5.000000000000000000e+00 6.204519168987800981e-01 5.404578550011489568e-01
5.794293210538410399e-01 -5.000000000000000000e+00 6.636335967355579957e-01 5.794293210538410399e-01
6.204519168987800981e-01 7.090879965637453264e-01 7.090879965637453264e-01 6.204519168987800981e-01
6.636335967355579957e-01 7.569347332249951599e-01 7.569347332249951599e-01 6.636335967355579957e-01
7.090879965637453264e-01 8.072997191842055109e-01 8.072997191842055109e-01 7.090879965637453264e-01
7.569347150469932783e-01 8.603154938781111261e-01 8.603154933422958450e-01 7.569346501059993626e-01
7.969365205607960023e-01 9.161215725023534873e-01 7.646926516709033894e-01 -5.000000000000000000e+00
8.526615703957902692e-01 6.922612586347466346e-01 3.699304973393799378e-01 -1.387013202066141593e-01
3.997381085947347978e-01 8.191748241624929872e-01 -1.327391087811541914e-01 3.797261988043566516e-01
-1.325621016466958235e-01 -1.296774933600780555e-01 -1.294743507350782363e-01 -1.312304761351947568e-01
-1.321638014422552854e-01 -1.269727614973707452e-01 -1.263730837403164442e-01 -1.303210868773795883e-01
-1.253974241687283164e-01 -5.000000000000000000e+00 -1.231722307614144946e-01 -1.273886862680525811e-01
-1.266136656400659588e-01 -1.196492440386264650e-01 -1.193005847015883164e-01 -1.240266826991970606e-01
-1.212269491974239805e-01 -1.153530554153480714e-01 -1.162398035633933902e-01 -1.195098002448742452e-01
-1.182389009373526478e-01 -1.127857806997771134e-01 -1.133200048324638082e-01 -1.173573536014586444e-01
-1.152327392752623414e-01 -1.092000117122081948e-01 -1.114624721531851798e-01 -1.145357008456395764e-01
-1.133353398855061894e-01 -1.079746264942226530e-01 -1.068496077011777678e-01 -1.130418284631775350e-01
-1.111426135321681580e-01 -1.061087483320485442e-01 -1.062023650663680707e-01 -1.065153905429276071e-01
-1.092611051771006370e-01 -1.059472761430244880e-01 -1.032029579226444865e-01 -1.051903870475165981e-01
-1.052039658408053940e-01 -1.023276471822034267e-01 -1.014194740825691554e-01 -9.943427665402011784e-02
0.000000000000000000e+00 0.000000000000000000e+00 0.000000000000000000e+00 0.000000000000000000e+00
0.000000000000000000e+00 0.000000000000000000e+00 0.000000000000000000e+00 0.000000000000000000e+00
-5.000000000000000000e+00 7.569347332249951599e-01 7.569347332249951599e-01 6.636335967355579957e-01
7.090879965637453264e-01 8.072997191842055109e-01 8.072997191842055109e-01 7.090879965637453264e-01
7.569347332249951599e-01 8.603154938781111261e-01 8.603154938781111261e-01 7.569347332249951599e-01
8.072997191841992937e-01 9.161215725032749724e-01 9.161215725032720858e-01 8.072997191842055109e-01
8.603039387794754189e-01 9.748648131613421031e-01 9.748176435654422045e-01 8.603146985738820973e-01
7.022405057631284642e-01 1.036696764848422214e+00 8.737258919868275964e-01 6.764982506400188944e-01
9.674624960127886641e-01 8.055317518666853527e-01 -1.308989630201493892e-01 5.755022309014379278e-01
5.853484931980416084e-01 -1.280501038658594659e-01 -1.275956782045599425e-01 -1.324521676294500017e-01
-1.293778383953630706e-01 3.523065282084206218e-01 -5.000000000000000000e+00 -1.273490091101357191e-01
0.000000000000000000e+00 0.000000000000000000e+00 0.000000000000000000e+00 0.000000000000000000e+00
-5.000000000000000000e+00 -1.161463151963576523e-01 -1.160645549869408072e-01 -1.211792916484828869e-01
-1.122467021179791163e-01 -5.000000000000000000e+00 -1.121870710481653460e-01 -1.170488526250458017e-01
-1.146963049824303027e-01 -1.084196678117076429e-01 -1.092156472817511492e-01 -1.141963022413091666e-01
-1.105004362357384223e-01 -1.069066536629006831e-01 -1.074418572284310397e-01 -1.112919429350561207e-01
-1.065270679222062727e-01 -1.065854058317273756e-01 -1.054302895264934425e-01 -1.106942648616879993e-01
-1.077691558018672585e-01 -1.028862228453304439e-01 -1.032113765885368240e-01 -1.092362679390726787e-01
-1.047301764860896489e-01 -1.039765306669542116e-01 -1.042327484328473275e-01 -1.048431083103813083e-01
-1.041233053881189946e-01 -1.001407826289189146e-01 -1.047919171563983232e-01 -1.022906364315795957e-01
6.629692620416867133e-01 7.090776397882385673e-01 7.090879965637453264e-01 -5.000000000000000000e+00
6.636335967355579957e-01 7.569347332249951599e-01 7.569347332249951599e-01 -5.000000000000000000e+00
7.090879965637453264e-01 8.072997191842055109e-01 8.072997191842055109e-01 7.090879965637453264e-01
7.569347332249951599e-01 8.603154938781111261e-01 8.603154938781111261e-01 7.569347332249951599e-01
8.072997191842055109e-01 9.161215725032749724e-01 9.161215725032749724e-01 8.072997191842055109e-01
8.603154938781111261e-01 9.748648131613421031e-01 9.748648131613421031e-01 8.603154938781111261e-01
9.161212276342700633e-01 1.036699803327728597e+00 1.036699797388593636e+00 9.161215725020354084e-01
9.734657512089820441e-01 1.101789266660766931e+00 9.886103464128311868e-01 9.613195531893166113e-01
1.036582373979668459e+00 1.137022970280331835e+00 -1.285423404182523266e-01 -1.050537293817495749e-01
-1.284269070127911361e-01 -5.000000000000000000e+00 6.386199109983987654e-01 -1.292407436545739419e-01
1.889085653124003839e-01 8.765450564929826438e-01 -1.212591861610736454e-01 -1.282069172086716669e-01
-1.242096802526636568e-01 -5.000000000000000000e+00 -1.171373914269576572e-01 -5.000000000000000000e+00
-1.209039182337847684e-01 -1.131452093650832796e-01 -5.000000000000000000e+00 -1.188662942736049832e-01
0.000000000000000000e+00 0.000000000000000000e+00 0.000000000000000000e+00 0.000000000000000000e+00
-4.999999998062897077e+00 -1.051094479680832472e-01 -1.068412270029270722e-01 -1.094244865346802598e-01
-1.068725845784904288e-01 -9.235523847238465145e-02 -1.078236468361330330e-01 -1.060112905018426172e-01
-1.066488707289965088e-01 -4.999999999999988454e+00 -1.033275204537448116e-01 -1.065876108187928939e-01
-1.045180868573506450e-01 -9.845309069654527290e-02 -1.033731973417285344e-01 -1.059122075150391862e-01
-9.950456215435751761e-02 -9.971049418976431211e-02 -1.011349087602466945e-01 -1.042291424230900876e-01
-1.018104374543337964e-01 -9.970169472120293808e-02 -1.003008212331561316e-01 -1.013185038756645034e-01
7.090879433202792459e-01 7.569347332249951599e-01 7.569342545043362680e-01 6.636335961785301274e-01
7.090879965637453264e-01 8.072997191842055109e-01 8.072997191842055109e-01 7.090879965637453264e-01
7.569347332249951599e-01 8.603154938781111261e-01 8.603154938781111261e-01 7.569347332249951599e-01
8.072997191842055109e-01 9.161215725032749724e-01 9.161215725032749724e-01 8.072997191842055109e-01
8.603154938781111261e-01 9.748648131613421031e-01 9.748648131613421031e-01 8.603154938781111261e-01
9.161215725032749724e-01 1.036699803327728597e+00 1.036699803327728597e+00 9.161215725032749724e-01
9.748648131613421031e-01 1.101789266660766931e+00 1.101789266660766931e+00 9.748648131613421031e-01
1.036699776778033932e+00 1.170304491221860088e+00 1.170304490153090349e+00 1.036699654113436564e+00
1.101748032670541777e+00 1.242425780233537003e+00 -5.000000000000000000e+00 9.737651098884478884e-01
0.000000000000000000e+00 0.000000000000000000e+00 0.000000000000000000e+00 0.000000000000000000e+00
-4.999999999984309440e+00 1.217062430043531540e+00 -5.000000000000000000e+00 6.390983661644930036e-01
0.000000000000000000e+00 0.000000000000000000e+00 0.000000000000000000e+00 0.000000000000000000e+00
-4.999999999999576339e+00 -1.107360859775962797e-01 -1.108575879496977307e-01 -1.141278553435265547e-01
-1.095619555605436835e-01 -1.072459728911544785e-01 -1.076076303191071948e-01 -4.999999999947698726e+00
-1.064429937862044345e-01 -6.322438276269820578e-02 -1.032412711720720327e-01 -1.076420346515065130e-01
-1.034652355497603926e-01 -8.438098341003535952e-03 -4.999999998062897077e+00 -1.072528031283614680e-01
0.000000000000000000e+00 0.000000000000000000e+00 0.000000000000000000e+00 0.000000000000000000e+00
-4.999999999998587796e+00 -9.317506548900286734e-02 -9.747842097939039829e-02 -1.029197988407264536e-01
-9.676203297191458830e-02 -9.592765853170230617e-02 -9.776465107009067734e-02 -9.822661685024314249e-02
-9.703088833331062479e-02 -9.636385428595985181e-02 -9.454908481020499189e-02 -1.005796885799309925e-01
7.569347332238501869e-01 8.072997191792035121e-01 8.072997191842055109e-01 7.090879965617488123e-01
7.569347332249951599e-01 8.603154938781111261e-01 8.603154938781111261e-01 7.569347332249951599e-01
8.072997191842055109e-01 9.161215725032749724e-01 9.161215725032749724e-01 8.072997191842055109e-01
8.603154938781111261e-01 9.748648131613421031e-01 9.748648131613421031e-01 8.603154938781111261e-01
9.161215725032749724e-01 1.036699803327728597e+00 1.036699803327728597e+00 9.161215725032749724e-01
9.748648131613421031e-01 1.101789266660766931e+00 1.101789266660766931e+00 9.748648131613421031e-01
1.036699803327728597e+00 1.170304491221860088e+00 1.170304491221860088e+00 1.036699803327728597e+00
1.101789266660766931e+00 1.242425780233537003e+00 1.242425780233537003e+00 1.101789266660766931e+00
1.170304491221859866e+00 1.318342926561618000e+00 1.318341951360058273e+00 1.170304491221836551e+00
1.242423701406343506e+00 1.398255230142197769e+00 1.242048765835864321e+00 -5.000000000000000000e+00
8.865981455383076248e-01 1.438086504611772121e+00 1.259481919770259362e+00 8.361051218953048370e-01
7.774769171873575635e-01 1.568703786457150695e+00 5.251818275987734097e-01 -5.000000000000000000e+00
8.481218629115964136e-01 1.160786128649589077e-01 -1.070507953842271820e-01 -1.131480286446389094e-01
-1.095304830348926145e-01 -1.044396632225603888e-01 -1.033661817309453057e-01 -1.080099130694267412e-01
-1.044999525446005800e-01 -1.002079377995482995e-01 4.685273060508067522e-03 -1.065795738394784420e-01
-1.010538926813698557e-01 7.061635815577298469e-01 -9.444175887902495070e-02 -9.063103105173030138e-02
-9.538982276872097488e-02 -9.256928044518909771e-02 -9.264831977084775350e-02 -4.999999998062897077e+00
-9.480308743849852338e-02 -5.821845677065369540e-02 -9.364084652181323132e-02 -9.566578606220386971e-02
-9.403341054487375505e-02 -9.297155850773744512e-02 -9.367950443451408815e-02 -9.667473409459018119e-02
-9.615716614972205645e-02 -9.586044486811441667e-02 -9.254623638168364697e-02 -9.129727753934438472e-02
8.072997122411558202e-01 8.603154368408056918e-01 8.603154938781111261e-01 7.569347326196071979e-01
8.072997191842055109e-01 9.161215725032749724e-01 9.161215725032749724e-01 8.072997191842055109e-01
8.603154938781111261e-01 9.748648131613421031e-01 9.748648131613421031e-01 8.603154938781111261e-01
9.161215725032749724e-01 1.036699803327728597e+00 1.036699803327728597e+00 9.161215725032749724e-01
9.748648131613421031e-01 1.101789266660766931e+00 1.101789266660766931e+00 9.748648131613421031e-01
1.036699803327728597e+00 1.170304491221860088e+00 1.170304491221860088e+00 1.036699803327728597e+00
1.101789266660766931e+00 -5.000000000000000000e+00 1.242425780233537003e+00 1.101789266660766931e+00
1.170304491221860088e+00 1.318342926561618000e+00 1.318342926561618000e+00 1.170304491221860088e+00
1.242425780233537003e+00 1.398255712170124232e+00 1.398255712170124232e+00 1.242425780233537003e+00
1.318342916716857882e+00 1.482374433863288710e+00 1.464264027310230976e+00 1.318330849372927105e+00
1.398255586340193535e+00 1.525010287670581555e+00 1.569446060365721873e+00 1.160009216539675592e+00
1.413926508089872414e+00 1.663762602355805420e+00 1.459136594726079705e+00 1.474619790543517439e+00
1.565783114303227697e+00 1.215769593668012849e+00 6.192421301162966962e-01 3.767763037757904110e-02
9.812417914595911173e-01 1.466083612038393102e+00 -6.714878898406118068e-02 -1.057598474531838001e-01
-9.990926924848116120e-02 2.577599179920346817e-01 -9.584637019326011642e-02 -6.269318928270969926e-02
-9.664619308459866664e-02 1.230215521885888563e+00 -9.274430235287961510e-02 7.020423882160810314e-02
-9.385213153399572794e-02 7.299127587982948140e-02 -9.079029653365178198e-02 -9.264590296240854395e-02
-9.077293871250291524e-02 4.194544819350567999e-03 -8.896970635198790667e-02 -8.733050773710365755e-02
-8.995512795443912080e-02 -9.009183187431329953e-02 -9.279636963426897422e-02 -9.303141729139040306e-02
-9.285025594553758532e-02 -4.999997342794999966e+00 -9.514701725742027993e-02 -9.106643872431997855e-02
8.603154938283831266e-01 9.161215725032749724e-01 9.161215624184085859e-01 8.072997191841593256e-01
8.603154938781111261e-01 9.748648131613421031e-01 9.748648131613421031e-01 8.603154938781111261e-01
9.161215725032749724e-01 1.036699803327728597e+00 1.036699803327728597e+00 9.161215725032749724e-01
9.748648131613421031e-01 1.101789266660766931e+00 1.101789266660766931e+00 9.748648131613421031e-01
1.036699803327728597e+00 1.170304491221860088e+00 1.170304491221860088e+00 1.036699803327728597e+00
1.101789266660766931e+00 1.242425780233537003e+00 -5.000000000000000000e+00 1.101789266660766931e+00
0.000000000000000000e+00 0.000000000000000000e+00 0.000000000000000000e+00 0.000000000000000000e+00
-5.000000000000000000e+00 1.398255712170124232e+00 1.398255712168877452e+00 1.242425780233533894e+00
1.318342926561618000e+00 1.482374433863288710e+00 1.482374433863288710e+00 1.318342926561618000e+00
1.398255712170123566e+00 1.570920456698198686e+00 1.570920429814173458e+00 1.398255712168039677e+00
1.482041335066698995e+00 1.664126796486824711e+00 1.659550884597721376e+00 1.310814101204484938e+00
1.428274739244092650e+00 1.762235236233254954e+00 1.741140384356913540e+00 1.547986219025104582e+00
1.097475518170734299e+00 1.862673049380338286e+00 1.265946930109280943e+00 1.269909433290614009e+00
1.141935445390192871e+00 1.974103754110814624e+00 -9.591651787688405817e-02 7.427672524003550159e-01
4.141603038715443996e-02 -9.112973030325463575e-02 1.109507840548636270e+00 -9.814473870195487837e-02
-4.425318090300869173e-02 2.183540971218131510e+00 3.176029801951135711e-01 6.298033588965537000e-01
-9.009998974088560819e-02 9.521139418229775941e-01 -8.290444654568347727e-02 -9.254617526293529295e-02
7.760581927926728241e-02 3.349997312011165213e-02 -8.093347663627425970e-02 -8.327762455328550917e-02
-8.580405334657568994e-02 -8.516483608405450711e-02 -4.999999993542991739e+00 -9.390693937282076909e-02
0.000000000000000000e+00 0.000000000000000000e+00 0.000000000000000000e+00 0.000000000000000000e+00
9.161215711468425615e-01 9.748648129637280668e-01 9.748648131613421031e-01 8.603154915515067724e-01
9.161215725032749724e-01 1.036699803327728597e+00 1.036699803327728597e+00 9.161215725032749724e-01
9.748648131613421031e-01 1.101789266660766931e+00 1.101789266660766931e+00 9.748648131613421031e-01
1.036699803327728597e+00 1.170304491221860088e+00 1.170304491221860088e+00 1.036699803327728597e+00
1.101789266660766931e+00 1.242425780233537003e+00 1.242425780233537003e+00 1.101789266660766931e+00
1.170304491221860088e+00 1.318342926561618000e+00 1.318342926561618000e+00 1.170304491221860088e+00
1.242425780233537003e+00 1.398255712170124232e+00 1.398255712170124232e+00 -5.000000000000000000e+00
1.318342926561618000e+00 1.482374433863288710e+00 1.482374433863288710e+00 1.318342926561618000e+00
1.398255712170124232e+00 1.570920456698198686e+00 1.570920456698198686e+00 1.398255712170124232e+00
1.482374433863288710e+00 1.664126796524419749e+00 1.664126796524419749e+00 1.482374433863288710e+00
1.570920456696184742e+00 1.762238733183599804e+00 1.762238731670385361e+00 1.570920142215580739e+00
1.664091419269500216e+00 1.865514455982736797e+00 1.865447781082245848e+00 1.663764474032763507e+00
1.761828106137814265e+00 1.974223552329581910e+00 1.974186561783833449e+00 1.182663601892753658e+00
1.858231398510064469e+00 2.088658676955532201e+00 1.865159596655398877e+00 1.863228035804171512e+00
1.974219251106412720e+00 1.972649541961520647e+00 -8.645088514416682246e-02 4.697579180856425451e-01
5.387672424697481643e-03 2.331610793406061255e+00 1.363772413998131761e+00 1.833285469913417565e+00
-5.368006472937196516e-02 2.174288741985521689e+00 -5.796412460507383013e-03 7.338543412840727032e-02
3.758398952724206765e-02 1.704218614067082860e-01 -8.403520642347019065e-02 -8.532945172516001597e-02
-8.432598780057187771e-02 -8.062489710134411458e-02 -8.315540065363741240e-02 -8.846364753663193969e-02
-7.867697231985568140e-02 -8.450501692332698656e-02 -7.899861150604260696e-02 -4.999999993542991739e+00
9.748648130794703714e-01 -5.000000000000000000e+00 1.036699803327728597e+00 9.161215707218954840e-01
9.748648131613421031e-01 1.101789266660766931e+00 1.101789266660766931e+00 9.748648131613421031e-01
1.036699803327728597e+00 1.170304491221860088e+00 1.170304491221860088e+00 1.036699803327728597e+00
1.101789266660766931e+00 1.242425780233537003e+00 1.242425780233537003e+00 1.101789266660766931e+00
1.170304491221860088e+00 1.318342926561618000e+00 1.318342926561618000e+00 1.170304491221860088e+00
1.242425780233537003e+00 1.398255712170124232e+00 1.398255712170124232e+00 1.242425780233537003e+00
1.318342926561618000e+00 1.482374433863288710e+00 1.482374433863288710e+00 1.318342926561618000e+00
1.398255712170124232e+00 1.570920456698198686e+00 1.570920456698198686e+00 1.398255712170124232e+00
1.482374433863288710e+00 1.664126796524419749e+00 1.664126796524419749e+00 1.482374433863288710e+00
1.570920456698198686e+00 1.762238733183599804e+00 1.762238733183599804e+00 1.570920456698198686e+00
1.664126796524419749e+00 1.865514455982736797e+00 1.865514455982736797e+00 1.664126796524419749e+00
1.762238733180370165e+00 1.974225743139722988e+00 1.974225742955160845e+00 1.762238733183587369e+00
1.865514189027974945e+00 2.088658584433548349e+00 2.088658676989182172e+00 1.865223580929107783e+00
1.974225742696028352e+00 2.209114396830718086e+00 2.209111524082477906e+00 1.974225581966963849e+00
2.088532743361764865e+00 2.254185363057964686e+00 2.335909870871127225e+00 1.850421791622730572e+00
2.209048372367097723e+00 2.469378833047355837e+00 2.141787851286315991e+00 2.156008773747245755e+00
2.335689938020370615e+00 1.976782615924222331e+00 1.204784277327524356e+00 1.552227049771457867e+00
2.102235405460203488e+00 -7.439477311487720235e-02 1.240836545891021991e-01 6.602454904145312053e-02
7.450581371983282519e-01 -8.058120670133031571e-02 -7.915725447250640534e-02 -7.959246642102853209e-02
-4.427551284236291157e-02 -4.999970475499999623e+00 -8.292791270279187277e-02 -8.338054297412524074e-02
0.000000000000000000e+00 0.000000000000000000e+00 0.000000000000000000e+00 0.000000000000000000e+00
-5.000000000000000000e+00 1.170304491221843657e+00 1.170304491221860088e+00 1.036699803327728597e+00
1.101789266660766931e+00 1.242425780233537003e+00 1.242425780233537003e+00 1.101789266660766931e+00
1.170304491221860088e+00 1.318342926561618000e+00 1.318342926561618000e+00 1.170304491221860088e+00
1.242425780233537003e+00 1.398255712170124232e+00 1.398255712170124232e+00 1.242425780233537003e+00
1.318342926561618000e+00 1.482374433863288488e+00 1.482374433863288710e+00 1.318342926561618000e+00
1.398255712170124232e+00 -5.000000000000000000e+00 1.570920456698198686e+00 1.398255712170124232e+00
1.482374433863288710e+00 1.664126796524419749e+00 1.664126796524419749e+00 1.482374433863288710e+00
1.570920456698198686e+00 1.762238733183599804e+00 1.762238733183599804e+00 1.570920456698198686e+00
1.664126796524419749e+00 1.865514455982736797e+00 1.865514455982736797e+00 1.664126796524419749e+00
1.762238733183599804e+00 1.974225743139722988e+00 1.974225743139722988e+00 1.762238733183599804e+00
1.865514455982736797e+00 2.088658676989182172e+00 2.088658676989182172e+00 1.865514455982736797e+00
1.974225743139722988e+00 -5.000000000000000000e+00 2.209114396830718086e+00 1.974225743139722988e+00
2.088658676989181728e+00 2.335909891400755889e+00 2.335909891398054050e+00 2.088658676989182172e+00
2.209114370482857748e+00 2.469378833053425648e+00 2.437441186551053018e+00 2.207526977376851551e+00
2.256302219503967699e+00 2.609872455845709371e+00 2.443580935640012886e+00 2.335896969155448311e+00
9.494860209079289959e-01 2.756906855293433267e+00 8.704357182828911244e-01 1.683960655704899168e+00
9.337075556437602897e-01 -6.984182929143276097e-02 4.743689183928889164e-01 8.171148942948627258e-01
8.037954852983901777e-01 -4.987849999999999895e+00 -4.999991142649999887e+00 -7.934657435489386734e-02
0.000000000000000000e+00 0.000000000000000000e+00 0.000000000000000000e+00 0.000000000000000000e+00
1.068654825692099797e+00 7.652079876391065794e-01 1.170304345063625684e+00 -5.000000000000000000e+00
1.101788235534636451e+00 1.242412510486342825e+00 1.242425780233537003e+00 1.101789266660766042e+00
1.170304491221860088e+00 1.318342926561618000e+00 1.318342926561618000e+00 1.170304491221860088e+00
1.242425780233537003e+00 1.398255712170124232e+00 1.398255712170124232e+00 1.242425780233537003e+00
1.318342926561618000e+00 1.482374433863288710e+00 1.482374433863288710e+00 1.318342926561618000e+00
1.398255712168748000e+00 1.570920456698198686e+00 -5.000000000000000000e+00 1.398255712170124232e+00
0.000000000000000000e+00 0.000000000000000000e+00 0.000000000000000000e+00 0.000000000000000000e+00
-5.000000000000000000e+00 1.762238733183599804e+00 1.762238733183599804e+00 1.570920456698198686e+00
1.664126796524419749e+00 1.865514455982736797e+00 1.865514455982736797e+00 1.664126796524419749e+00
1.762238733183599804e+00 1.974225743139722988e+00 1.974225743139722988e+00 1.762238733183599804e+00
1.865514455982736797e+00 -5.000000000000000000e+00 2.088658676989182172e+00 1.865514455982736797e+00
1.974225743139722988e+00 2.209114396830718086e+00 -5.000000000000000000e+00 1.974225743139722988e+00
0.000000000000000000e+00 0.000000000000000000e+00 0.000000000000000000e+00 0.000000000000000000e+00
-5.000000000000000000e+00 2.469378833053426980e+00 2.469378833053426980e+00 2.209114396830703431e+00
2.335909887848896194e+00 2.609872455810317682e+00 2.609872455845712480e+00 2.335909383447462240e+00
2.469378822929520378e+00 2.757760479837592094e+00 2.757747969347752459e+00 2.469378832257532519e+00
2.609871381609561336e+00 2.913430958106899560e+00 2.158039213706912651e+00 2.598875016620945555e+00
2.301470037680475311e+00 -4.999997342794999966e+00 -4.999999202838499635e+00 -6.952548977115625972e-02
0.000000000000000000e+00 0.000000000000000000e+00 0.000000000000000000e+00 0.000000000000000000e+00
-4.549999999999999822e+00 0.000000000000000000e+00 0.000000000000000000e+00 0.000000000000000000e+00
5.609134580807446646e-01 -1.162849487672000665e-01 1.242376298407576574e+00 -1.205232372154183967e-01
1.167921773416177311e+00 1.169773569930507406e+00 1.318342926558855099e+00 1.170303622378683350e+00
1.242425780212646602e+00 1.242425780233536781e+00 1.398255712170124232e+00 1.242425780224696741e+00
1.318342926561618000e+00 -5.000000000000000000e+00 1.482374433863288710e+00 1.318342926561618000e+00
1.398255712170124232e+00 1.570844567910612000e+00 1.570920456698198686e+00 1.398255712170124232e+00
1.482374433863288710e+00 -5.000000000000000000e+00 1.664126796524419749e+00 1.482374433863288710e+00
1.570920456698198686e+00 1.762238733183599804e+00 1.762238733183599804e+00 -5.000000000000000000e+00
1.664126796524419749e+00 1.865514455982736797e+00 1.865514455982736797e+00 1.664126796524419749e+00
1.762238733183599804e+00 1.974225743139722988e+00 1.974225743139722988e+00 1.762238733183599804e+00
1.865514455982730357e+00 2.088658676989182172e+00 -5.000000000000000000e+00 1.865514455982736797e+00
0.000000000000000000e+00 0.000000000000000000e+00 0.000000000000000000e+00 0.000000000000000000e+00
-5.000000000000000000e+00 -5.000000000000000000e+00 2.335909891400755889e+00 2.088658676989182172e+00
2.209114396830718086e+00 -5.000000000000000000e+00 2.469378833053426980e+00 -5.000000000000000000e+00
2.335909891400755889e+00 2.609872455845712480e+00 2.609872455845712480e+00 2.335909891400755889e+00
2.469378833053386568e+00 2.757760479837592094e+00 2.757760479837527257e+00 2.469378833053426980e+00
2.609872453145314353e+00 2.913432084039570658e+00 2.913432084039277115e+00 2.609872455784784773e+00
2.736881802565532595e+00 3.077296930567968936e+00 -4.999999999418869301e+00 2.751601395603656020e+00
0.000000000000000000e+00 0.000000000000000000e+00 0.000000000000000000e+00 0.000000000000000000e+00
-4.549999999999999822e+00 -1.305150000000000060e-02 -1.165499999999999869e-02 -3.500000000000000000e+00
-9.100000000000000450e-03 -1.866602499999999928e-02 -1.375499999999999813e-02 -9.100000000000000450e-03
4.508011869526385995e-01 -5.000000000000000000e+00 -1.123276103534120857e-01 1.028553293040837646e+00
4.507977854928637562e-01 -1.091989680731467044e-01 1.242416929638173961e+00 -1.160481752592290583e-01
1.153623616633379090e+00 -1.103277041960634419e-01 -5.000000000000000000e+00 1.318342926561618000e+00
0.000000000000000000e+00 0.000000000000000000e+00 0.000000000000000000e+00 0.000000000000000000e+00
-5.000000000000000000e+00 1.664088207891039950e+00 -5.000000000000000000e+00 1.482374433863288710e+00
0.000000000000000000e+00 0.000000000000000000e+00 0.000000000000000000e+00 0.000000000000000000e+00
-5.000000000000000000e+00 1.865514455958974471e+00 1.865514455982736797e+00 1.664126796524392216e+00
1.762238733183292938e+00 1.974225742944934581e+00 1.974225743139722988e+00 1.762238733176928918e+00
1.865514455982736797e+00 2.088658676989182172e+00 2.088658676989182172e+00 1.865514455982736797e+00
1.974225743139722988e+00 2.209114396830718086e+00 -5.000000000000000000e+00 1.974225743139722988e+00
0.000000000000000000e+00 0.000000000000000000e+00 0.000000000000000000e+00 0.000000000000000000e+00
0.000000000000000000e+00 0.000000000000000000e+00 0.000000000000000000e+00 0.000000000000000000e+00
0.000000000000000000e+00 0.000000000000000000e+00 0.000000000000000000e+00 0.000000000000000000e+00
-5.000000000000000000e+00 2.757760479837592094e+00 2.757760479837560563e+00 2.469378833053408329e+00
2.609872455845712036e+00 2.913432084039570658e+00 2.913432084039570658e+00 2.609872455845712480e+00
2.757760479837592094e+00 3.077296930567968936e+00 3.077296930567968936e+00 2.757760479837592094e+00
2.913432077068614401e+00 3.249786242703124994e+00 -5.000000000000000000e+00 2.913425363640151922e+00
0.000000000000000000e+00 0.000000000000000000e+00 0.000000000000000000e+00 0.000000000000000000e+00
-4.996355000000000324e+00 -2.111688249999999628e-02 2.636112758998880423e+00 -1.766957499999999986e-02
9.419515963661619917e-01 3.819538401447479359e+00 1.869958238674453099e+00 -1.463069999999999822e-02
0.000000000000000000e+00 0.000000000000000000e+00 0.000000000000000000e+00 0.000000000000000000e+00
-5.000000000000000000e+00 -1.070291454805397252e-01 -1.090413824945161148e-01 -1.116501387247997162e-01
-1.095555923464318626e-01 -1.059172071713557345e-01 -5.000000000000000000e+00 -1.129164547645529898e-01
0.000000000000000000e+00 0.000000000000000000e+00 0.000000000000000000e+00 0.000000000000000000e+00
-5.000000000000000000e+00 -1.016808317747869006e-01 1.762226080608632728e+00 1.556843358364767393e+00
1.504921543761184477e+00 -9.753783411145507121e-02 1.865512728590939417e+00 -4.999999978476639129e+00
1.591806196119145866e+00 -4.999999998062897077e+00 1.974225743139722766e+00 1.711997487800612783e+00
1.860671576912903635e+00 1.853162791013750921e+00 2.088658676989182172e+00 1.865514453430481723e+00
1.974225616125876881e+00 1.974225731933292538e+00 2.209114396830718086e+00 1.974225743139547795e+00
2.088658676989182172e+00 2.088658676989182172e+00 2.335909891400755889e+00 2.088658676989182172e+00
2.209114396830718086e+00 2.209114396830718086e+00 2.469378833053426980e+00 -5.000000000000000000e+00
2.335909891400755889e+00 2.335909891400754113e+00 2.609872455845712480e+00 -5.000000000000000000e+00
2.469378833053425648e+00 2.469378833053414546e+00 2.757760479837592094e+00 -5.000000000000000000e+00
2.609872455845712480e+00 2.609872455845712480e+00 2.913432084039570658e+00 2.609872455845712480e+00
2.757760479837592094e+00 -5.000000000000000000e+00 3.077296930567968936e+00 2.757760479837592094e+00
2.913432084039570658e+00 3.249786242703124994e+00 3.249786242703124994e+00 2.913432084039570658e+00
3.077296930567968936e+00 3.431353939687499910e+00 3.431353939687499910e+00 3.077296930567968936e+00
3.249786203660648631e+00 3.622477831249999891e+00 3.622477831087913103e+00 -5.000000000000000000e+00
3.431285797830377238e+00 3.823660874999990522e+00 3.815970897702060327e+00 2.028141235917104268e+00
3.523409429263171244e+00 4.035408430139858282e+00 3.719449206126130392e+00 3.536407087745433664e+00
-1.034618693370558812e-01 -1.031357846272175638e-01 -1.058287290379646417e-01 -5.000000000000000000e+00
-1.026526366071311147e-01 -5.000000000000000000e+00 -1.044104576889432895e-01 -1.071942784954501571e-01
-1.026532773943331367e-01 -1.012011246674221071e-01 -5.000000000000000000e+00 -1.089502824135772235e-01
0.000000000000000000e+00 0.000000000000000000e+00 0.000000000000000000e+00 0.000000000000000000e+00
-4.999999999998587796e+00 -9.764331945292001325e-02 -9.659275983996254422e-02 -1.036688440419657048e-01
-1.001822554235926865e-01 -9.282965917388401322e-02 -4.999999978476639129e+00 -9.907672561879422857e-02
0.000000000000000000e+00 0.000000000000000000e+00 0.000000000000000000e+00 0.000000000000000000e+00
-4.999999993542991739e+00 -8.611455699269006392e-02 1.972721807467444854e+00 1.194916932395525544e+00
1.122972870355021913e+00 8.716718976938857555e-01 2.088658676989165297e+00 2.087073912285837274e+00
1.974224625543984590e+00 1.974225741775464282e+00 2.209114395627575611e+00 2.209114396830718086e+00
2.088607018412304228e+00 2.054965875837966305e+00 2.335879575974395106e+00 2.335909891400755889e+00
2.209098045858496118e+00 1.720184135301405348e+00 2.458824305303255908e+00 2.469378833053426980e+00
2.335752075565900476e+00 2.165553787802691144e+00 2.572529204185713514e+00 2.609872455845712036e+00
2.468962552152929479e+00 2.467812475350058765e+00 -4.999997342794999966e+00 2.757760479837592094e+00
0.000000000000000000e+00 0.000000000000000000e+00 0.000000000000000000e+00 0.000000000000000000e+00
-5.000000000000000000e+00 -4.999999999999996447e+00 3.431353939687499910e+00 3.077296930567889444e+00
3.249786242703124994e+00 3.622477831249999891e+00 3.622477831249999891e+00 3.249786242703124550e+00
3.431353939687499910e+00 3.823660874999999848e+00 3.823660874999999848e+00 3.431353939687499910e+00
3.622477831249999891e+00 4.035432499999999756e+00 4.035432499986032262e+00 3.622477831249836022e+00
3.823660629550973855e+00 4.258350000000000080e+00 4.035403446320633414e+00 3.671379592255144431e+00
-1.007485162810657642e-01 -1.006028267962457562e-01 -4.999999999999988454e+00 -1.059307102281442786e-01
0.000000000000000000e+00 0.000000000000000000e+00 0.000000000000000000e+00 0.000000000000000000e+00
-4.999999999999872990e+00 -9.607024166340302762e-02 -9.934962311532644086e-02 -1.050736227014283514e-01
-9.519761369562187991e-02 -9.492358471399532649e-02 -9.762643693438730064e-02 -4.999999998062897077e+00
-9.489786354416557268e-02 -9.296207288022101389e-02 -9.310965295379439177e-02 -9.775006586524112584e-02
-9.268794364849670953e-02 -8.815845898724351815e-02 -8.936391247810310245e-02 -9.642455425593862706e-02
-9.007491650424852281e-02 -8.597995392357761502e-02 -8.606258321999118999e-02 -4.999999760851549624e+00
-8.624762187871995445e-02 -8.220449972387892934e-02 1.650081942269750801e+00 -8.411397918274154950e-02
-8.488656046960545154e-02 -8.246177479518605746e-02 1.973777114321778825e+00 1.355856840985391720e+00
1.841160088597126876e+00 1.728410301255446591e+00 1.840779411863259440e+00 2.088658676988958796e+00
1.918441946807667664e+00 -7.581539164837965139e-02 -2.093988116788340903e-02 2.190655343701009894e+00
-7.070870606104909251e-02 -4.999999202838499635e+00 1.151463149927657581e-02 2.270892394225987321e+00
-6.630158271556975402e-02 3.882190946145898658e-01 2.448369091243443485e+00 1.708059974308246298e+00
1.479949856303837130e+00 -4.996355000000000324e+00 -4.996355000000000324e+00 2.609855635688104414e+00
0.000000000000000000e+00 0.000000000000000000e+00 0.000000000000000000e+00 0.000000000000000000e+00
0.000000000000000000e+00 0.000000000000000000e+00 0.000000000000000000e+00 0.000000000000000000e+00
-4.999999999995292654e+00 3.823660874999999848e+00 3.823638123929644639e+00 3.431352098133420458e+00
3.622477831241588841e+00 4.035432499999999756e+00 4.035432448937904759e+00 3.622477815520103839e+00
3.823660874959138756e+00 4.258350000000000080e+00 4.258349999228006943e+00 3.823660874999730730e+00
4.035408548769445325e+00 4.493000000000000327e+00 4.258349317671362044e+00 4.035428234461035046e+00
-9.610092228528656355e-02 -9.712497095458347274e-02 -9.704891779823780762e-02 -1.032725977976141074e-01
-9.262986245502100036e-02 -4.999999202838499635e+00 -9.628893094459529955e-02 -4.999999998062897077e+00
-9.581542878182124079e-02 -9.341914253616134811e-02 -9.336041331439881574e-02 -9.917186355850098056e-02
-9.682102675787244983e-02 -9.039904792537371836e-02 -9.172941117102585695e-02 -9.764439598128044073e-02
-9.007884147514180762e-02 -9.551316098818304900e-02 -9.149478255070621346e-02 -9.636135476459803395e-02
-8.983245258699421032e-02 -8.993960748061405330e-02 -8.813848342314509199e-02 -9.192585370066135020e-02
-8.703499242774681566e-02 -8.610753048403839427e-02 -8.459806607482951712e-02 -8.674870419169253277e-02
-7.948466568648178410e-02 -8.217345137686189738e-02 -8.375931198209632389e-02 7.378468349821059036e-01
-8.269107544152662359e-02 -7.917766642812119893e-02 -7.996944175220797868e-02 -8.189230032001226789e-02
-8.033855845445235511e-02 -4.999997342794999966e+00 -7.397768333807226704e-02 1.969248527817673011e+00
1.245918741928372375e+00 -6.950094041698089142e-02 -4.999901584999999926e+00 -7.241824099728848274e-02
0.000000000000000000e+00 0.000000000000000000e+00 0.000000000000000000e+00 0.000000000000000000e+00
-4.998906500000000364e+00 7.380445898419980555e-01 -4.999671949999999754e+00 -5.999464970301027211e-02
0.000000000000000000e+00 0.000000000000000000e+00 0.000000000000000000e+00 0.000000000000000000e+00
-4.549999999999999822e+00 -4.090555941990842159e-02 2.640134969692550904e+00 -4.987849999999999895e+00
2.171110450436554151e-01 3.823108974881240130e+00 2.667518293673197149e+00 -4.996355000000000324e+00
3.605443829423270685e+00 4.035432499294580033e+00 4.035432499999999756e+00 3.622476269924379544e+00
3.823660874999993187e+00 4.258350000000000080e+00 4.258349999999997415e+00 3.823660874999996739e+00
4.035432499999934919e+00 4.492999999999618410e+00 4.493000000000000327e+00 4.035432499998968581e+00
4.258349999999999191e+00 4.740000000000000213e+00 4.493000000000000327e+00 4.258350000000000080e+00
-9.395026506430689817e-02 -9.338115586689132996e-02 -4.999999202838499635e+00 -9.252072472616616750e-02
0.000000000000000000e+00 0.000000000000000000e+00 0.000000000000000000e+00 0.000000000000000000e+00
-4.999999202838499635e+00 -8.883828894580676760e-02 -9.158810024140894013e-02 -9.684992352405225047e-02
-9.285467540525924046e-02 -9.222449766595207377e-02 -9.503634136732863613e-02 -9.352908012032212781e-02
-9.229157004095864258e-02 -9.434102958378887127e-02 -9.229461848360941134e-02 -9.192393017382848031e-02
-8.732966166813628528e-02 -4.999991142649999887e+00 -8.680127880314973676e-02 -9.172243769083908427e-02
-8.602474248297088677e-02 -8.209251494356394063e-02 -8.397590902114734912e-02 -8.305811293351231250e-02
-8.457789098690497720e-02 -4.999999760851549624e+00 -7.912078497487534667e-02 -8.181153128303839117e-02
-8.165707675566966084e-02 -7.302595608433712360e-02 -4.999901584999999926e+00 -8.462393134656985560e-02
0.000000000000000000e+00 0.000000000000000000e+00 0.000000000000000000e+00 0.000000000000000000e+00
-4.999970475499999623e+00 1.149266844684101729e-01 -6.283085690892933894e-02 -7.330455168653846054e-02
-6.631095271785659995e-02 -5.769858424535081326e-02 1.381322047950882537e+00 -4.999901584999999926e+00
2.978027342031350222e-02 6.232601476397792162e-01 2.788487476726812631e+00 2.768054453753437949e-01
-5.567020309970512060e-02 8.097035273835629932e-01 3.506660735515355398e+00 -4.996355000000000324e+00
1.801389834174535354e+00 6.277675496506975872e-01 3.800688462004047530e+00 -4.066367442733198612e-02
2.646255375478775207e+00 3.006125808981328085e+00 4.035432497359138004e+00 3.539419205617203801e+00
3.823659368596301622e+00 3.820218855003002734e+00 4.258350000000000080e+00 3.823565552140369750e+00
4.035432499999722644e+00 -5.000000000000000000e+00 4.493000000000000327e+00 4.035432499999996203e+00
4.258349999984985423e+00 4.739999995399760024e+00 4.740000000000000213e+00 4.258349999999996527e+00
4.493000000000000327e+00 5.000000000000000000e+00 4.740000000000000213e+00 4.493000000000000327e+00
-9.357091327398438241e-02 -9.171838815281779800e-02 -9.615617984353648506e-02 -9.397678800771690211e-02
-9.484215076985266779e-02 -9.362775904452494413e-02 -9.574189149733568216e-02 -4.999999928255465242e+00
-9.765147328868571674e-02 -9.654313589839531862e-02 -9.469281621630958046e-02 -9.194450473278077685e-02
-9.554858048734438114e-02 -9.381126650376130083e-02 -9.569548255015213056e-02 -9.537927059527082085e-02
-9.226241846791637113e-02 -9.458604204091979051e-02 -4.999999202838499635e+00 -9.546295073183141966e-02
0.000000000000000000e+00 0.000000000000000000e+00 0.000000000000000000e+00 0.000000000000000000e+00
-4.996355000000000324e+00 -8.205963180860914585e-02 -4.998906500000000364e+00 -8.103338100931979648e-02
0.000000000000000000e+00 0.000000000000000000e+00 0.000000000000000000e+00 0.000000000000000000e+00
-4.999901584999999926e+00 -7.114496342133150297e-02 -6.725069491816589029e-02 -7.042046901072099296e-02
-6.152728828493723295e-02 -6.062210385795024220e-02 -6.149891236270141337e-02 -4.996355000000000324e+00
-6.108052040559829032e-02 1.153002431066147832e-01 4.386325912312977193e-01 -6.639458595923387885e-02
-5.984148134870170138e-02 -5.569103384974765508e-02 5.746418419452353765e-01 5.725149568507952036e-02
3.591983408352432683e-01 -4.992943893561836710e-02 7.147290354670916557e-01 1.440108088135593434e+00
-5.064330435765238697e-02 -4.672852272920609978e-02 2.899442858928652500e-01 2.454716195546335022e+00
-4.287022163629060356e-02 2.130699333702938680e-01 2.708494671293529166e+00 -4.200722023632379870e-02
2.132730930805985525e-01 -3.279434369137499555e-02 3.806360875906999119e+00 1.243285581985664967e+00
2.147047672869824897e+00 3.569926205803505948e+00 -4.998906500000000364e+00 4.035406733506171406e+00
0.000000000000000000e+00 0.000000000000000000e+00 0.000000000000000000e+00 0.000000000000000000e+00
-4.996355000000000324e+00 4.611817452683174778e+00 4.999999999418869301e+00 4.456604634538113174e+00
0.000000000000000000e+00 0.000000000000000000e+00 0.000000000000000000e+00 0.000000000000000000e+00
