-4.115503181186098480e+00 -3.907073162702523028e+00 -4.062458982081919245e+00 -4.152601442612095184e+00
-3.988118514211061338e+00 -4.999988229398264927e+00 -3.627098239444481731e+00 -3.890294782678310970e+00
-3.949189768003663836e+00 -3.508392224159003092e+00 -3.889259006350763492e+00 -3.689344693992123059e+00
-3.416944987351434815e+00 -4.983093040432386545e+00 -3.493946254448167643e+00 -3.457890612592807944e+00
-4.049121232655168434e+00 -3.515651458460713474e+00 -4.999998840865391259e+00 -4.113132878788768210e+00
0.000000000000000000e+00 0.000000000000000000e+00 0.000000000000000000e+00 0.000000000000000000e+00
-4.845484228086837319e+00 -9.103508117886878193e-01 -4.887358002275304258e+00 -3.005660871107373122e+00
0.000000000000000000e+00 0.000000000000000000e+00 0.000000000000000000e+00 0.000000000000000000e+00
-3.144619450474392952e+00 -4.999283294401016597e+00 -2.602841903291380099e+00 -3.952124859758980868e+00
-3.395772764568031121e+00 -8.121320902217055160e-01 -1.304885481454537421e+00 -4.960724163943605269e+00
-1.406592685484202354e+00 -1.989140822273990916e-01 -4.641051006154073733e+00 -7.522398016306627300e-01
0.000000000000000000e+00 0.000000000000000000e+00 0.000000000000000000e+00 0.000000000000000000e+00
0.000000000000000000e+00 0.000000000000000000e+00 0.000000000000000000e+00 0.000000000000000000e+00
-4.166140915016670832e+00 -7.040660812668296797e-01 2.229914220224840093e-01 -1.226994069356990069e+00
-4.190976777602209435e-01 1.506275118216715003e-01 9.797244404095546422e-01 -1.646857832206620076e+00
0.000000000000000000e+00 0.000000000000000000e+00 0.000000000000000000e+00 0.000000000000000000e+00
