-1.029556425356720428e+00 -9.784799107813487717e-01 -9.784819611145711971e-01 -1.029556492358579156e+00
-1.029557941161620915e+00 -9.247207646125706892e-01 -9.247154698934834105e-01 -9.784798429462947533e-01
-9.784812445002990522e-01 -8.681214338827674126e-01 -8.681437588495309887e-01 -9.247158619106634614e-01
-9.247161085059554253e-01 -8.085716363935282480e-01 -8.085697265318561033e-01 -8.681498352532559526e-01
-8.681419785138380085e-01 -7.459215866486377244e-01 -7.458541875725818171e-01 -8.085890857719467695e-01
-8.085921516717874402e-01 -6.798345685245759107e-01 -5.000000000000000000e+00 -7.458629016522148047e-01
0.000000000000000000e+00 0.000000000000000000e+00 0.000000000000000000e+00 0.000000000000000000e+00
-4.999999999999996447e+00 -5.371923440353240098e-01 -5.473118095763209734e-01 -6.150601610465566971e-01
-6.110401337997394267e-01 -4.623820174668071825e-01 -4.815225309096055617e-01 -5.393676453340264798e-01
-5.411270366083229533e-01 -3.969895200985804062e-01 -4.144335876426623044e-01 -4.962162450578536665e-01
-4.964031309976169037e-01 -3.191072957788785303e-01 -3.793188284861034876e-01 -5.782614660150056096e-01
-4.212970908517633672e-01 -2.351838812286821123e-01 -5.033161328441392302e-01 -5.133544799705960227e-01
-9.784799433469890673e-01 -9.247241354081349174e-01 -9.247154887143091972e-01 -1.029556939163415397e+00
-9.784801348472194071e-01 -8.681215049437553954e-01 -8.681215507969158862e-01 -9.784810201848764821e-01
-9.247156037196833100e-01 -8.085486630997767987e-01 -8.085513875122500860e-01 -9.247247920886665362e-01
-8.681224327794183626e-01 -7.458408044272784032e-01 -7.458495638653994675e-01 -8.681438761608740728e-01
-8.085495972070477766e-01 -6.798925751241233773e-01 -6.798359587671297666e-01 -8.086256154081923331e-01
-7.458585666676240677e-01 -6.105515184007982432e-01 -6.103512194748454966e-01 -7.458630632829724716e-01
-6.798401828616892351e-01 -5.372489306106277285e-01 -5.372118040136731887e-01 -5.000000000000000000e+00
-6.118456805762927386e-01 -4.601903072895723867e-01 -4.601510918836855257e-01 -6.104753899462701527e-01
-5.377827735485797289e-01 -3.790989425548776381e-01 -3.969271735121974731e-01 -5.397146546168383185e-01
-4.613527338048921678e-01 -3.071252124859585320e-01 -2.978211303870124671e-01 -4.810867068008717884e-01
-3.909563835254244446e-01 -2.066690407755975012e-01 -2.929307690531804953e-01 -4.128815845458950751e-01
-3.337864495662401509e-01 -1.301391521612133839e-01 -2.539698575240060263e-01 -4.081428785727493347e-01
-9.247267252547285432e-01 -9.015491534147656028e-01 -8.681306478992233400e-01 -9.784810534563960216e-01
-9.247250801396791342e-01 -8.437880108214526054e-01 -8.085487066229023467e-01 -9.247172637032956555e-01
-8.681270588601982530e-01 -7.810571894553958172e-01 -7.458406823412114806e-01 -8.681212559505980808e-01
-8.085495547637113756e-01 -8.085634593731350073e-01 -6.798322928306954616e-01 -8.085489404057568663e-01
-7.458421464171369752e-01 -5.000000000000000000e+00 -6.103497746658428369e-01 -7.458824968078575646e-01
-6.801001911977005987e-01 -5.000000000000000000e+00 -5.371694509994688893e-01 -6.799348981314604634e-01
-6.103728483484744949e-01 -4.602780765958115472e-01 -4.601446047194200917e-01 -6.103709293291454951e-01
-5.372331162138347382e-01 -3.790204922042978986e-01 -3.791621574631520164e-01 -5.371523244295083321e-01
-4.603986743173171803e-01 -2.936754623484689186e-01 -2.947897917459492145e-01 -4.601823335891875866e-01
-3.814664561431530543e-01 -2.038987132133582569e-01 -2.189074811698362155e-01 -3.883556269486574397e-01
-3.018279584183813924e-01 -1.100920399177416076e-01 -1.661184418122584050e-01 -3.112655960385204423e-01
-2.171472191492250237e-01 -2.473007438036971956e-02 -1.313062994394395833e-01 -2.656265146343967376e-01
-9.015504857152055740e-01 -8.429957960977416676e-01 -8.437346478292955254e-01 -9.247345778444638897e-01
-9.015506611921666469e-01 -7.828775871923360219e-01 -7.829638797750859691e-01 -8.681437429178667786e-01
-8.438363521350684682e-01 -7.168016326523749537e-01 -8.085573752472146047e-01 -8.085624054820337303e-01
-7.836087997456188114e-01 -5.000000000000000000e+00 -5.000000000000000000e+00 -7.458426332473546694e-01
0.000000000000000000e+00 0.000000000000000000e+00 0.000000000000000000e+00 0.000000000000000000e+00
0.000000000000000000e+00 0.000000000000000000e+00 0.000000000000000000e+00 0.000000000000000000e+00
-5.000000000000000000e+00 -3.814661783539560758e-01 -3.791724325592443767e-01 -5.373207455364870100e-01
-4.622987787943566018e-01 -2.938521178172512904e-01 -2.936490884359047038e-01 -4.601650711146972883e-01
-3.791427613392627793e-01 -2.038142048937917339e-01 -2.041718903864248313e-01 -3.790021382234672886e-01
-2.936259002392278550e-01 -1.092761872067042478e-01 -1.098463567222661280e-01 -2.951031713521389266e-01
-2.039646344806374245e-01 -1.026210638862813489e-02 -2.674106597270299937e-02 -2.083150518372500482e-01
-1.119406730876745110e-01 8.227629439267251932e-02 -2.462272479765816383e-02 -1.410891785954698774e-01
-8.430739054138141064e-01 -7.831363050647989210e-01 -7.812160907398923992e-01 -9.020557060578270336e-01
-8.439959222873418820e-01 -7.182250543837089829e-01 -7.168803909168979249e-01 -8.437926351443750805e-01
-7.815466781186171108e-01 -6.489333741451663862e-01 -5.000000000000000000e+00 -7.831463002310744548e-01
0.000000000000000000e+00 0.000000000000000000e+00 0.000000000000000000e+00 0.000000000000000000e+00
-4.999999202838499635e+00 -6.260458718572193826e-01 -4.973744512762118264e-01 -4.999999202838499635e+00
-6.424339508559284706e-01 -5.668111549725260989e-01 -3.800917847221781387e-01 -4.999999999999872990e+00
-4.617077400629643336e-01 -2.949257394667206267e-01 -2.938840870029614805e-01 -4.612070517085177790e-01
-3.793613348873194346e-01 -2.046508993107124252e-01 -2.038331039314652260e-01 -3.792545320038167578e-01
-2.936693464321125102e-01 -1.093487891857204963e-01 -1.092759719242115402e-01 -2.937113561964658226e-01
-2.038462211209322306e-01 -9.763815282225552297e-03 -9.825261367600085852e-03 -2.038200595499267131e-01
-1.092792733387744769e-01 9.498427912144093155e-02 8.017808307672329160e-02 -1.099852315361910110e-01
-9.812069200677233163e-03 1.944233845733780996e-01 6.025554411962540796e-02 -3.603878973773974592e-02
-7.971541483295466746e-01 -7.685078788761783297e-01 -7.188671367539271051e-01 -8.450240859291781037e-01
-7.830405846375088075e-01 -5.000000000000000000e+00 -6.507462992895611809e-01 -7.813303397738778910e-01
-7.182609005990858719e-01 -5.803375226779501350e-01 -5.778089888658985984e-01 -7.167063919778142722e-01
-6.521772312265023963e-01 -5.010701884079931112e-01 -5.063067654479347368e-01 -5.000000000000000000e+00
-6.506913758627237421e-01 -4.258886855058180987e-01 -4.398903332342501415e-01 -6.474405164944451174e-01
-5.861294397366838549e-01 -4.919813459460064542e-01 -3.010181969090663934e-01 -4.956942316732645404e-01
-4.050579445176262783e-01 -2.221322041574289030e-01 -2.041750772154460047e-01 -3.870380119392928253e-01
-2.958111593166881104e-01 -1.101978434762920511e-01 -1.093266334318030442e-01 -2.946960868461062644e-01
-2.043117929784594999e-01 -9.904322531113377362e-03 -9.765394052742947320e-03 -2.039852795826088694e-01
-1.092830732791960080e-01 9.498560209113299235e-02 9.456099848157432930e-02 -1.092803416863604854e-01
-9.801454096388760931e-03 2.052517173413770657e-01 1.924139416383545131e-01 -9.796203215875418091e-03
9.498150391129682457e-02 3.109663543627862459e-01 1.855536460071339766e-01 6.766382025238794340e-02
-7.767356969469406680e-01 -6.921857117143388471e-01 -5.000000000000000000e+00 -7.893789223972517144e-01
0.000000000000000000e+00 0.000000000000000000e+00 0.000000000000000000e+00 0.000000000000000000e+00
-5.000000000000000000e+00 -5.334578369920628393e-01 -5.027383315621731796e-01 -6.514732369711778714e-01
-5.778666775269039046e-01 -4.596593266110974296e-01 -4.216655405466374074e-01 -6.233868688401250635e-01
-5.084293624231212005e-01 -3.381533740103223606e-01 -3.379367977147063051e-01 -5.545833832333654234e-01
-4.502416676948561292e-01 -4.999999999947698726e+00 -2.503267325811862620e-01 -3.931999718436546831e-01
-3.547688257083118080e-01 -2.200978943092104234e-01 -1.147091789074190654e-01 -3.410487384619846907e-01
-2.214957437918357586e-01 -4.999999760851549624e+00 -1.054216488762747990e-02 -2.054529371664642889e-01
-1.120320833539912575e-01 9.293233289763941363e-02 9.498500258505233884e-02 -1.101212305977725681e-01
-9.784102143296107001e-03 2.052459326172573484e-01 2.052525543733779156e-01 -9.767429396639522657e-03
9.498725232506222138e-02 3.213189618263154190e-01 2.868958893134678223e-01 9.492509857641096005e-02
2.052491298713474133e-01 4.404766424090356125e-01 3.178839078618205249e-01 1.850793788897354963e-01
-6.892795341707986800e-01 -5.000000000000000000e+00 -6.039181144381143840e-01 -8.232689797934533704e-01
-6.866444576441215197e-01 -5.582480658457763534e-01 -5.288646636181855154e-01 -5.000000000000000000e+00
-6.329920369995041263e-01 -4.555917454569132219e-01 -4.324365537148850414e-01 -5.872147059515132606e-01
-5.481436027982169445e-01 -3.659011828565046920e-01 -3.379141118315456827e-01 -5.085635365578954348e-01
-4.544406300678557886e-01 -2.477602412711147617e-01 -4.999999999999576339e+00 -4.229249877928336065e-01
0.000000000000000000e+00 0.000000000000000000e+00 0.000000000000000000e+00 0.000000000000000000e+00
-4.999901584999999926e+00 -1.197520786062406528e-01 -4.998906500000000364e+00 -2.492039138599277948e-01
0.000000000000000000e+00 0.000000000000000000e+00 0.000000000000000000e+00 0.000000000000000000e+00
-4.999997342794999966e+00 1.959491667126239678e-01 2.052322852837229206e-01 -1.004542915537811471e-02
9.492058583435833419e-02 3.213117268330675236e-01 3.212856273938162754e-01 9.496271683933887875e-02
2.052430727686191114e-01 4.435036488155030265e-01 4.433970978434339516e-01 2.051938392283504942e-01
3.213158576074819361e-01 5.720403807715540578e-01 4.398518630553808761e-01 3.159353886619198915e-01
0.000000000000000000e+00 0.000000000000000000e+00 0.000000000000000000e+00 0.000000000000000000e+00
-4.999999928255465242e+00 -5.150169836170774840e-01 -4.379695193576355616e-01 -6.375783998388342422e-01
-5.350087108810720471e-01 -3.476068398322578745e-01 -3.712050471294048859e-01 -5.323285335485145042e-01
-4.330163326746520602e-01 -2.774850985063237463e-01 -2.880897580480501485e-01 -4.637048508989160545e-01
-3.696123913434873343e-01 -1.293920015262940149e-01 -1.248903399747437193e-01 -4.004501208298371639e-01
-2.381001312148533222e-01 -1.413886828532740815e-02 -1.276566977180854934e-01 -4.999999999418869301e+00
-2.949105760306786617e-01 -5.322712822121061782e-02 8.083279461801454180e-02 -2.618783425764699690e-01
-7.900557165453424291e-02 3.840078574802943678e-02 1.944070651345647938e-01 -4.999999928255465242e+00
5.447371265776873583e-02 2.868381330624116821e-01 3.211802093160353033e-01 9.138175881157180325e-02
2.038492905544835310e-01 4.434679719338585069e-01 4.435014230860713225e-01 2.051145542347310169e-01
3.210285386865557866e-01 5.721127451490919391e-01 5.721136158220614387e-01 3.212874642729552921e-01
4.434948281309363249e-01 7.074999982213089345e-01 5.721249001643643473e-01 4.396537939097134307e-01
-6.373855040288167739e-01 -6.135205694977858837e-01 -5.172585583895551453e-01 -4.999970475499999623e+00
-6.711945194562349837e-01 -4.958706700387390254e-01 -3.852403713168769950e-01 -5.911857112833824868e-01
-4.903801147174232655e-01 -2.769711391881606311e-01 -2.492386835283744995e-01 -4.687962193770521813e-01
-3.722269858170614842e-01 -1.962831422814307891e-01 -1.260704000215747134e-01 -3.976007251289965239e-01
-2.353203584079618660e-01 -4.924557914416680809e-02 -1.752535268820745035e-02 -2.303981463264525853e-01
-1.202899133823862182e-01 9.115679761504216772e-02 7.074296764146552341e-02 -1.301238307218789692e-01
-1.764869276598176051e-01 1.924306195056513236e-01 1.880861115145897600e-01 -7.355869801303521749e-02
7.292820068721381221e-02 3.161446978553134612e-01 3.065156232228458122e-01 5.714105922913202684e-02
1.833581394793093455e-01 3.625112861715650281e-01 4.429644301102813597e-01 1.988356181798386635e-01
3.109262344532871536e-01 5.721186667439008833e-01 5.720507654608305570e-01 3.179631938986003381e-01
4.433992827001545511e-01 7.074979658056916865e-01 7.074956720205475280e-01 4.420054562790827757e-01
5.721046358101737894e-01 8.499999992356537248e-01 7.074953484793914393e-01 5.721060036274273619e-01
-6.168335266266149475e-01 -5.445051735516868163e-01 -4.933768434135713532e-01 -6.266851984287007404e-01
-6.042729402103004244e-01 -3.037577904398811590e-01 -2.775332760333864557e-01 -6.392971016719527499e-01
-3.933934907361248401e-01 -2.286818477230013746e-01 -1.682267091527927805e-01 -3.790860675138084113e-01
-2.828172187146837380e-01 -6.820434884243418983e-02 -2.175411878491030626e-01 -3.319416992384854326e-01
-2.111006134567619541e-01 -1.422243415491046548e-02 8.150642935432005076e-02 -1.511175405928754656e-01
-6.402184047736206307e-02 1.636989106474399103e-01 2.017730837772147567e-01 -1.474609189435523507e-02
8.659844523801213390e-02 2.980031462791530861e-01 3.203808253982754484e-01 7.271191640077961926e-02
2.030384267277243748e-01 4.209726071078752074e-01 4.431419660262189142e-01 1.793845026911601304e-01
3.073642644299481308e-01 5.533893300752346089e-01 5.719853971771959866e-01 3.179953354757963369e-01
4.433308396733599555e-01 6.995382051793918032e-01 7.074976455551310606e-01 4.415890176726220973e-01
5.689438193581479730e-01 8.490360761049999816e-01 8.499999697132507581e-01 5.720938224760192536e-01
7.074990451300471328e-01 9.999999996125794599e-01 8.499981349232479388e-01 7.074944415598611869e-01
-4.707942917088329682e-01 -5.250518274756653669e-01 -5.815330862070992035e-01 -5.387505742331522018e-01
-5.443779497269682910e-01 -3.773257100815205489e-01 -2.006014512224092994e-01 -4.415378014866411238e-01
-3.101174853993602376e-01 -1.910372056320236434e-01 -7.218380029518223218e-02 -3.257934553590202675e-01
-1.841095961363811429e-01 -7.072095227680112728e-02 3.415012172675863794e-02 -1.686824062216348286e-01
-7.150313220925719193e-02 3.039842047914642978e-02 1.637281513584206427e-01 -6.009171038708500945e-02
1.394930783485597361e-02 1.290405581032854077e-01 2.877223748086227828e-01 8.740844412735797320e-02
1.634857546153868080e-01 2.907691554049386395e-01 4.238204261655690863e-01 1.754252698491769458e-01
3.016924346955638936e-01 4.168022299750688830e-01 5.532320916220366813e-01 3.191394642989433539e-01
4.244751652243549667e-01 5.325771463475524881e-01 6.995382312507290035e-01 4.431120818149619223e-01
5.433086721422872856e-01 6.826937511968014238e-01 8.490311214452057609e-01 5.719973117085931369e-01
6.798308499817300454e-01 8.221767294999999809e-01 9.999343899999999508e-01 7.052823088036477284e-01
0.000000000000000000e+00 0.000000000000000000e+00 0.000000000000000000e+00 0.000000000000000000e+00
