-1.038390372773213999e+00 -9.877664199736854167e-01 -9.876594971689097724e-01 -1.038363453884944665e+00
-1.038408052516655022e+00 -9.344588173831397393e-01 -9.342204660440653896e-01 -9.877468365908174119e-01
-9.877800505459096714e-01 -8.780717155780296546e-01 -8.781711536489652525e-01 -9.345083506929218187e-01
-9.346287124075440822e-01 -8.190009267410298666e-01 -8.196842886788067162e-01 -8.784284097081734854e-01
-8.782622273231325272e-01 -7.570386738039359686e-01 -7.595309816121713631e-01 -8.192526518252599699e-01
-8.221499326649092110e-01 -6.916759718099674270e-01 -5.000000000000000000e+00 -7.601945392154606518e-01
0.000000000000000000e+00 0.000000000000000000e+00 0.000000000000000000e+00 0.000000000000000000e+00
-4.999999999999576339e+00 -6.078028491752782703e-01 -6.537444487344172828e-01 -7.077470030062034123e-01
-6.977642603216183126e-01 -5.634042464618124191e-01 -6.887266802729864468e-01 -6.541253910108830727e-01
-6.980006740301278878e-01 -4.358624562277391701e-01 -5.408316313936956110e-01 -5.373031932133263133e-01
-5.445439582234876674e-01 -4.500501855040601185e-01 -6.473254386287803364e-01 -5.416294139419418618e-01
-5.654048604453414395e-01 -3.575875456335265157e-01 -4.650689260149830084e-01 -4.638574799756037814e-01
-9.879938557374887687e-01 -9.346674085044865965e-01 -9.344597157904844797e-01 -1.038659339756585531e+00
-9.879503346691843602e-01 -8.781887880527896595e-01 -8.780786750116839068e-01 -9.877469893127226452e-01
-9.342628872159862707e-01 -8.189637702793807206e-01 -8.190207091525490979e-01 -9.345137806679312265e-01
-8.781669534966680679e-01 -7.568015005248245330e-01 -7.570967150289695802e-01 -8.781770265067585512e-01
-8.193293802643817347e-01 -6.919189538197945133e-01 -6.915763258924293444e-01 -8.193372710704631690e-01
-7.596479169681114030e-01 -6.224593545998727828e-01 -6.271152430078800188e-01 -7.581767721306429397e-01
-6.924798859266751982e-01 -5.512627906741753847e-01 -6.112135728162056969e-01 -5.000000000000000000e+00
-6.382124040065383364e-01 -5.510496040010064434e-01 -5.260650296286750738e-01 -6.873781274585019085e-01
-6.464868527356907313e-01 -4.456141798341871629e-01 -4.406522729417015061e-01 -6.379588578812067645e-01
-5.745891264355117434e-01 -3.162885213054139610e-01 -3.870109717421543749e-01 -5.380009686658805412e-01
-4.445514838447460759e-01 -2.744383213391030640e-01 -3.657469441529093146e-01 -5.343419215002118694e-01
-3.710937208039361002e-01 -2.689887967367079469e-01 -3.768415788696628521e-01 -4.570880180874521415e-01
-9.346689086675721292e-01 -8.798238469700353503e-01 -8.781729718851296607e-01 -9.878965766433249751e-01
-9.348077223163687721e-01 -8.206881668885572800e-01 -8.189603390485725720e-01 -9.344260238231301141e-01
-8.780183777784886789e-01 -7.585429507897605284e-01 -7.567989411988277348e-01 -8.780329277441926150e-01
-8.189623389759970173e-01 -8.189830865258774795e-01 -6.913654936446168575e-01 -8.190685053322352971e-01
-7.568216066084414440e-01 -5.000000000000000000e+00 -6.224898750139562509e-01 -7.574762510066479493e-01
-6.920605365393153185e-01 -5.000000000000000000e+00 -5.495534625709198595e-01 -6.943557636884236661e-01
-6.463473739973351062e-01 -4.729277126362234074e-01 -5.044777225520239439e-01 -6.247548550742838547e-01
-5.616918069704712746e-01 -4.257179375026582946e-01 -4.323936756064307718e-01 -6.114086902020975378e-01
-5.176885698170902161e-01 -4.022303221819221730e-01 -3.167587771532479057e-01 -5.378160062821366605e-01
-4.289190470920357656e-01 -2.209795723824356517e-01 -2.459401156680210421e-01 -4.551993945353154936e-01
-3.417111507673249449e-01 -1.424216711876475361e-01 -1.760608869124959952e-01 -5.473586865549395775e-01
-2.806077979001322942e-01 -7.819620814200838044e-02 -1.948918120918690100e-01 -3.586595596525113949e-01
-8.798813211034732795e-01 -8.210503000823256015e-01 -8.207393263555561314e-01 -9.348122562601498542e-01
-8.797302029383443633e-01 -7.586342573281333879e-01 -7.586171591349992749e-01 -8.780213320054310877e-01
-8.206967275651884108e-01 -6.931744337082825780e-01 -8.189822535457068620e-01 -8.189716728328764184e-01
-7.586461590525896970e-01 -5.000000000000000000e+00 -5.000000000000000000e+00 -7.568024190589581757e-01
0.000000000000000000e+00 0.000000000000000000e+00 0.000000000000000000e+00 0.000000000000000000e+00
0.000000000000000000e+00 0.000000000000000000e+00 0.000000000000000000e+00 0.000000000000000000e+00
-5.000000000000000000e+00 -3.907927436940900612e-01 -4.346357904239951941e-01 -5.540156222384233775e-01
-5.176932164792130697e-01 -3.530233587989910493e-01 -3.423711750221208883e-01 -5.289821489552498646e-01
-4.323108404555167650e-01 -2.667446370113517595e-01 -2.550766097686074652e-01 -4.385474786876850106e-01
-3.824582215084768588e-01 -1.193232386910868664e-01 -1.250428242796530198e-01 -3.405913021243106020e-01
-2.499386533354827633e-01 -1.468236318134808621e-02 -5.257550330500608549e-02 -2.373944930931065067e-01
-1.610990373393742514e-01 9.356051579553738284e-02 -1.594473472302946129e-02 -2.438231275410339960e-01
-8.214807824446900275e-01 -7.598052960809377199e-01 -7.586650605683049609e-01 -8.805380406834731888e-01
-8.209320781518884003e-01 -6.944912281251349739e-01 -6.932743960901357472e-01 -8.207559752708684098e-01
-7.587033046270581504e-01 -6.243510628965848186e-01 -5.000000000000000000e+00 -7.585450474949331223e-01
0.000000000000000000e+00 0.000000000000000000e+00 0.000000000000000000e+00 0.000000000000000000e+00
-4.999999202838499635e+00 -4.817312658180692986e-01 -5.085407708559583906e-01 -4.999999999418869301e+00
-5.704763492623537990e-01 -4.082201314959483796e-01 -4.204489183254097040e-01 -4.999999999984309440e+00
-4.944708811892807865e-01 -3.053306207161850527e-01 -3.492852228798882797e-01 -4.731092961781758199e-01
-4.003556582501709427e-01 -2.581686638073901752e-01 -2.902819700689964755e-01 -4.366697668998256177e-01
-3.662999749614389011e-01 -1.592066104945805138e-01 -1.405112341928074216e-01 -3.985051168078032613e-01
-2.500020884592390469e-01 -6.524935428059971954e-02 -1.053463826920374331e-02 -2.323720004947168460e-01
-1.421912234763401672e-01 9.020064592145400628e-02 9.479203496817491248e-02 -1.204136318388393245e-01
-1.429726414629290190e-02 2.052095999093986600e-01 8.547520742614808653e-02 -3.394631916417806261e-02
-7.599279504082778747e-01 -6.988151427028368445e-01 -6.945318400071169851e-01 -8.215830749564964064e-01
-7.598062394555946675e-01 -5.000000000000000000e+00 -6.247316000643774458e-01 -7.598057251628336228e-01
-6.944781048444670368e-01 -5.517771433387004265e-01 -5.534592144076821985e-01 -6.934724532670908381e-01
-6.255740924141234283e-01 -4.772792068706175894e-01 -4.779218624505516821e-01 -5.000000000000000000e+00
-5.566227383941428908e-01 -3.939472176401227488e-01 -4.251160873946485119e-01 -5.588086766498014946e-01
-4.806402058375013886e-01 -3.437126078445500443e-01 -3.091185375041945460e-01 -4.925792439142776535e-01
-4.089680612340344523e-01 -2.158931528850131787e-01 -2.578836699017199030e-01 -3.913373977565096085e-01
-3.129545836874405573e-01 -1.415357581867656422e-01 -1.624095002962903378e-01 -3.736138307692153937e-01
-2.656131557377751640e-01 -9.512664420259764331e-02 -3.290585412139395566e-02 -3.063681708261137837e-01
-1.862105194676446918e-01 5.519004187362826219e-02 8.984534534854611565e-02 -1.298075025183785813e-01
-5.878502645441011087e-02 2.049700228682841407e-01 2.036394614274451564e-01 -2.097717379693566850e-02
9.154817663484515755e-02 3.212929723706173801e-01 2.052200671548872757e-01 9.156422770886714357e-02
-6.996354973696679025e-01 -6.296644178096084676e-01 -5.000000000000000000e+00 -7.619839190685735453e-01
0.000000000000000000e+00 0.000000000000000000e+00 0.000000000000000000e+00 0.000000000000000000e+00
-5.000000000000000000e+00 -4.755065781067867037e-01 -4.772648124218586974e-01 -6.258722861690778627e-01
-5.518863330935159794e-01 -3.972542547094992660e-01 -3.929060046934378381e-01 -5.535660621208997600e-01
-4.773996995527338139e-01 -3.088725550313544677e-01 -3.058937055061979882e-01 -4.803656047895196179e-01
-3.972593943474347356e-01 -4.999999999825661234e+00 -2.164924420744634426e-01 -4.047314184905851375e-01
-3.137197110921093324e-01 -1.185117485211837074e-01 -1.335953688934040373e-01 -3.056448251590343501e-01
-2.133116842897332943e-01 -4.999999928255465242e+00 -3.409370575274797699e-02 -2.595916998791096830e-01
-1.449631194043669025e-01 4.866394779602244841e-02 7.403635644384300163e-02 -1.738956754288700779e-01
-3.820870010802250583e-02 1.978328307361321980e-01 2.046133723067267707e-01 -3.279086809947407560e-02
9.375245619504610217e-02 3.212163754460161114e-01 3.194760108307978519e-01 9.393826324956007501e-02
1.994641208507404451e-01 4.434847083297140946e-01 3.211638867999948577e-01 2.052174777756063384e-01
-6.484533032752735071e-01 -5.000000000000000000e+00 -5.535205397479701084e-01 -7.021902447890007171e-01
-6.288452809621603024e-01 -4.866374772567504392e-01 -4.752989268178205440e-01 -5.000000000000000000e+00
-5.536228150761263178e-01 -4.008254941806576599e-01 -3.942869592147756896e-01 -5.536046996978487567e-01
-4.769713048634728891e-01 -3.113937021572785735e-01 -3.070492014681895365e-01 -4.807258882980171566e-01
-3.948193215935570377e-01 -2.171118061510970976e-01 -4.999999999999996447e+00 -3.934674859471092301e-01
0.000000000000000000e+00 0.000000000000000000e+00 0.000000000000000000e+00 0.000000000000000000e+00
-4.998906500000000364e+00 -1.645964345622620562e-02 -4.999901584999999926e+00 -2.201045455495752035e-01
0.000000000000000000e+00 0.000000000000000000e+00 0.000000000000000000e+00 0.000000000000000000e+00
-4.999901584999999926e+00 8.233181063991043547e-02 1.813712617493549728e-01 -5.677466991856036649e-02
4.207995858106137327e-02 3.105265017157107788e-01 3.208505053829204257e-01 8.333048170082907324e-02
2.022275964339449450e-01 4.423244860715786486e-01 4.434659859583366948e-01 2.046480039911062754e-01
3.210984405107530359e-01 5.721118045223250181e-01 4.434670547784498318e-01 3.210609091621079991e-01
0.000000000000000000e+00 0.000000000000000000e+00 0.000000000000000000e+00 0.000000000000000000e+00
-4.999999999947698726e+00 -4.226450099562155116e-01 -4.021676404663176996e-01 -5.567062117884727934e-01
-4.882129027873975957e-01 -3.155760821206243238e-01 -3.166574303764779774e-01 -4.767893548753333599e-01
-4.010277186288173645e-01 -2.275529247446656800e-01 -2.170337347267434491e-01 -4.006235582284877195e-01
-3.086947432362882604e-01 -1.231056593415883471e-01 -1.227649301535946175e-01 -3.070755839439404111e-01
-2.222583841852182052e-01 -3.291839806883236491e-02 -1.789809307806235206e-02 -4.999999999418869301e+00
-1.234117494586009639e-01 8.860574025582444724e-02 7.050666809791461542e-02 -1.168894006476047659e-01
-2.621401476713959219e-02 1.821664880853704760e-01 1.177948506862149108e-01 -4.999997342794999966e+00
2.063506319871435957e-02 3.126531499229383559e-01 2.810805036019486947e-01 2.046426509046274378e-02
1.891420781408210405e-01 4.160337103967498562e-01 4.371089530902563247e-01 1.525177231702158354e-01
3.100928208697381061e-01 5.650021892556734704e-01 5.712391906836731259e-01 3.194647642767074469e-01
4.393052869246067971e-01 7.074927598742305479e-01 5.717756042977005793e-01 4.432005346274688895e-01
-5.504968576672594205e-01 -4.907221611543388651e-01 -4.480619079599774124e-01 -4.999999993542991739e+00
-5.266558165991609419e-01 -3.487714545094103835e-01 -3.160504286413193809e-01 -5.109866418030442059e-01
-4.091870261595120239e-01 -2.451818489959493585e-01 -2.213250210948595753e-01 -4.242030587216413240e-01
-3.153593583751570506e-01 -1.494876593380998209e-01 -1.255657842681209557e-01 -3.161686589777764067e-01
-2.282643507803740479e-01 -3.927973709354597859e-02 -2.043641068115586296e-02 -2.220591186767248981e-01
-1.314190949348191251e-01 8.491484489749463738e-02 8.260431551301040953e-02 -1.236595872261740670e-01
-3.096548951735234034e-02 1.986872647720168417e-01 1.840058654306329922e-01 -1.707385023462344373e-02
8.427634568456525421e-02 3.095186669595212936e-01 3.115742637011337246e-01 7.033113945355509711e-02
1.939057826033057097e-01 4.365080418397221940e-01 4.150013374340694172e-01 1.306345303325863738e-01
3.072262972084559562e-01 5.603459226094168466e-01 5.452850873836806445e-01 2.363915799937686968e-01
4.271558068210770664e-01 6.976931141423138305e-01 7.058967401121458707e-01 3.603753125853670358e-01
5.585574676018471019e-01 8.499987625927756252e-01 7.064085180065297065e-01 5.517679242165002274e-01
-4.323281690713474679e-01 -4.943209345537176169e-01 -4.157886025843658961e-01 -5.365003302647464167e-01
-4.912048725114876446e-01 -4.885247459862089858e-01 -2.503002662429550385e-01 -4.078858768896751474e-01
-3.653902318476436317e-01 -3.324947383586734362e-01 -1.455676824391307911e-01 -3.195816114109790718e-01
-2.431238776531995660e-01 -2.451856820751800725e-01 -3.096251748284063396e-02 -2.340045439666352811e-01
-1.503927200723279844e-01 -1.319860722095227701e-01 8.586776239875511252e-02 -1.370679440483908162e-01
-3.131763009004665671e-02 1.194095084816311353e-01 1.980035040862035689e-01 -4.846713472444142551e-02
8.421319632733391403e-02 2.544629055357236491e-01 3.144904270689310444e-01 8.857161094476097285e-02
1.984682227709974045e-01 3.786972689209394671e-01 4.363121914483120145e-01 1.953634751002125691e-01
3.134316204977732889e-01 5.532177159095001961e-01 5.648477656581796236e-01 3.120514594112471229e-01
4.353708363424972916e-01 6.999014524435352991e-01 7.066464658934141774e-01 3.238529984367022885e-01
5.652166504295568217e-01 8.499640359801954315e-01 8.476376222450918707e-01 5.533839957836221846e-01
7.047138757632087636e-01 9.999998405676999713e-01 8.490568365903179426e-01 0.000000000000000000e+00
-4.649136180680119579e-01 -4.972284414646099826e-01 -4.530271650593764576e-01 -4.770362304763962058e-01
-4.439264699280527360e-01 -4.870682171760176704e-01 -3.634810839037551089e-01 -4.318391028701946133e-01
-4.907792099301337974e-01 -3.789253840098129600e-01 -2.410740433785524273e-01 -2.529037136109257844e-01
-3.411596575657796504e-01 -2.544251926036399380e-01 -1.377167755840552621e-01 -1.707405649645193646e-01
-2.399538116409266897e-01 -1.453375703528401175e-01 -4.883146002087088849e-02 -2.129531432324464554e-02
-1.287529458469417465e-01 2.827272534364688034e-02 2.448811211120447417e-01 8.197360825730319600e-02
9.543556837161795703e-02 2.462410750793182224e-01 4.055295837882719190e-01 1.985746581106500042e-01
2.557012148403642882e-01 3.732704829638915922e-01 5.632109748287782436e-01 3.110130202249427600e-01
4.053049455721429717e-01 5.659721745966801443e-01 7.070239546257928165e-01 3.947825780195814982e-01
5.677230480325398121e-01 7.069796393750187313e-01 8.499378539183318759e-01 4.251888371251864029e-01
7.050392716588174125e-01 8.498970467408816232e-01 9.999998405676999713e-01 6.704504567668729820e-01
0.000000000000000000e+00 0.000000000000000000e+00 0.000000000000000000e+00 0.000000000000000000e+00
