-5.414372809397764996e-01 -4.647062055408495707e-01 -4.646645215428477638e-01 -5.414356981824871573e-01
-5.414728221140923115e-01 -3.839012043729074231e-01 -3.838498105337652677e-01 -4.646660814127679395e-01
-4.646678764035748199e-01 -2.988438507577652059e-01 -2.987844431807532564e-01 -3.838594228160491784e-01
-3.838480526508605273e-01 -2.093046453827830944e-01 -2.092457832296001630e-01 -2.987969708559528592e-01
-2.987908319068710017e-01 -1.150590621303423239e-01 -1.149905602406167265e-01 -2.092640040684468627e-01
-2.093860734583256333e-01 -1.584769940904005858e-02 -1.577223555206831371e-02 -1.159466083563508582e-01
-1.151141060922472731e-01 8.872628738664328774e-02 8.859306018776702540e-02 -1.594703685948950858e-02
-1.576903130330222641e-02 1.986691691548476690e-01 8.859257493903072156e-02 8.859447855601730593e-02
-4.647064460487769777e-01 -3.929466589173947755e-01 -3.839012330012556151e-01 -5.414384251053034891e-01
-4.647063948885306051e-01 -3.083104915498435239e-01 -2.988433504628033588e-01 -4.646900262376000290e-01
-3.839017911994898058e-01 -2.191824983094471102e-01 -2.093087886784515406e-01 -3.838552938192672515e-01
-2.988450585937866277e-01 -5.000000000000000000e+00 -1.150566396782860684e-01 -2.988001965806427185e-01
-2.093089625973601209e-01 -1.893323602458327551e-02 -1.584791209487025967e-02 -2.093493443985563751e-01
-1.151024490427992875e-01 8.851580547234073892e-02 8.873170596850629699e-02 -1.152221678793926285e-01
-1.588930216977598245e-02 1.987340575569340184e-01 1.987311906115587223e-01 -1.575094357157641456e-02
8.879012348377089692e-02 3.144556623620938240e-01 1.986363662739287217e-01 8.858931727169370995e-02
-3.929775782413804652e-01 -3.083132796279655086e-01 -3.083324535980502268e-01 -4.647070493815178005e-01
-3.929598284935990060e-01 -2.191877638653864646e-01 -2.193232831403910121e-01 -3.839014864421315121e-01
-3.083853862665467682e-01 -1.250833551312529046e-01 -5.000000000000000000e+00 -2.988435552806231188e-01
0.000000000000000000e+00 0.000000000000000000e+00 0.000000000000000000e+00 0.000000000000000000e+00
-5.000000000000000000e+00 7.787815993948568605e-02 8.533372424848539861e-02 -1.154392379939687546e-01
-1.931063049481606536e-02 -5.000000000000000000e+00 1.984576437847268005e-01 -1.593497266540608304e-02
8.824601037902547740e-02 3.140488530634794606e-01 3.144708046636618959e-01 8.868422263845851528e-02
1.987131714360854950e-01 4.363679804834865728e-01 3.139178675489352477e-01 1.986694569019864798e-01
-3.083633412361537762e-01 -3.942080127789624466e-01 -2.191904575886740036e-01 -3.929954716101822787e-01
-3.085844249880421164e-01 -3.082719733027291520e-01 -1.250789433046097798e-01 -3.082702770867052910e-01
-2.192415761646948624e-01 -2.203460815784218652e-01 -2.608282010972706039e-02 -2.191982060369524477e-01
-1.252117684991936319e-01 -5.000000000000000000e+00 7.818157431995731432e-02 -5.000000000000000000e+00
-2.596163112848266785e-02 1.875911674729602852e-01 -5.000000000000000000e+00 -1.913097413317339790e-02
0.000000000000000000e+00 0.000000000000000000e+00 0.000000000000000000e+00 0.000000000000000000e+00
-5.000000000000000000e+00 4.302063370086951499e-01 4.359419766247671912e-01 1.934100760047361700e-01
3.140942195106522505e-01 5.646321756364848232e-01 4.359065005342085963e-01 3.142118559397843458e-01
-3.948511818387556715e-01 -4.512533188990742739e-01 -3.095278889852698390e-01 -3.094003717490609318e-01
-3.964643126784864191e-01 -5.000000000000000000e+00 -2.208852716242735437e-01 -2.191747884833764592e-01
-3.104067155498424491e-01 -5.000000000000000000e+00 -5.000000000000000000e+00 -1.266395572227021482e-01
0.000000000000000000e+00 0.000000000000000000e+00 0.000000000000000000e+00 0.000000000000000000e+00
-4.999999928255465242e+00 -7.307584661111324320e-03 3.033927336730114499e-01 7.041187929404610357e-02
1.727158601467700949e-01 -9.997812999999999839e-02 4.248930481321849251e-01 -4.999671949999999754e+00
2.946594023278125141e-01 -4.999999998062897077e+00 5.636288687071058234e-01 3.018358379517569468e-01
4.237831990125390802e-01 7.000928136057422702e-01 5.613241711186276461e-01 4.352844614608504803e-01
-4.512168400593374873e-01 -3.697504013142287604e-01 -5.000000000000000000e+00 -4.018759292379458503e-01
0.000000000000000000e+00 0.000000000000000000e+00 0.000000000000000000e+00 0.000000000000000000e+00
0.000000000000000000e+00 0.000000000000000000e+00 0.000000000000000000e+00 0.000000000000000000e+00
-3.500000000000000000e+00 0.000000000000000000e+00 -1.696694999999999731e-01 -3.500000000000000000e+00
-9.729999999999999760e-02 -4.999991142649999887e+00 -9.729999999999999760e-02 1.351275616892802511e-01
-1.441053258882544763e-01 -9.729999999999999760e-02 0.000000000000000000e+00 0.000000000000000000e+00
0.000000000000000000e+00 0.000000000000000000e+00 0.000000000000000000e+00 0.000000000000000000e+00
-4.999999760851549624e+00 8.422840269161467885e-01 6.985998914353586109e-01 5.642400138269164644e-01
-3.609319231380909154e-01 -2.840180991991755333e-01 -5.000000000000000000e+00 -4.506421255822591898e-01
0.000000000000000000e+00 0.000000000000000000e+00 0.000000000000000000e+00 0.000000000000000000e+00
-3.500000000000000000e+00 -1.557044999999999957e-01 -9.729999999999999760e-02 -3.500000000000000000e+00
0.000000000000000000e+00 0.000000000000000000e+00 -4.549999999999999822e+00 -6.999999999999999278e-02
0.000000000000000000e+00 0.000000000000000000e+00 0.000000000000000000e+00 0.000000000000000000e+00
-3.500000000000000000e+00 0.000000000000000000e+00 -4.549999999999999822e+00 0.000000000000000000e+00
0.000000000000000000e+00 0.000000000000000000e+00 0.000000000000000000e+00 0.000000000000000000e+00
-4.996355000000000324e+00 9.919000000000000039e-01 8.002025499999999569e-01 6.875656207011864307e-01
-2.847037965369246804e-01 -2.842734589368396403e-01 -1.949704231971909063e-01 -3.609318420599951782e-01
-2.838796390885186538e-01 -1.777165215000000020e-01 -1.841152595099999900e-01 -4.999671949999999754e+00
-2.204758746609999931e-01 -9.729999999999999760e-02 -4.865000000000000213e+00 -9.997812999999999839e-02
0.000000000000000000e+00 0.000000000000000000e+00 0.000000000000000000e+00 0.000000000000000000e+00
0.000000000000000000e+00 0.000000000000000000e+00 0.000000000000000000e+00 0.000000000000000000e+00
0.000000000000000000e+00 0.000000000000000000e+00 0.000000000000000000e+00 0.000000000000000000e+00
0.000000000000000000e+00 0.000000000000000000e+00 0.000000000000000000e+00 0.000000000000000000e+00
0.000000000000000000e+00 0.000000000000000000e+00 0.000000000000000000e+00 0.000000000000000000e+00
