-5.544192578045069597e-01 -4.806945074262826689e-01 -4.774954405821262848e-01 -5.540024654783083369e-01
-5.537736775699682035e-01 -3.990695076535286101e-01 -3.967096868583767644e-01 -4.771691369049843034e-01
-4.775082487108091023e-01 -3.151754877472850991e-01 -3.122621705676452142e-01 -3.972863993604729416e-01
-3.977137632819908175e-01 -2.248958134598778025e-01 -2.231409661135820011e-01 -3.138532914029489307e-01
-3.130645127840475661e-01 -1.307541898853170903e-01 -1.294047646457006373e-01 -2.277041136437003011e-01
-2.434525574185608388e-01 -3.068824946202362500e-02 -5.703083263985666423e-02 -1.296761113559335155e-01
-1.314881827268525039e-01 4.524282268363261778e-02 5.031998898059431014e-02 -5.687092038017028950e-02
-6.196847901709059275e-02 1.607335540713102917e-01 2.099728436783999258e-02 4.624765541632559762e-02
-4.837105449865748419e-01 -5.501507476862342871e-01 -3.994864620814849165e-01 -5.540613450183912159e-01
-4.801112982317642386e-01 -4.705235246925464354e-01 -3.146500917680291054e-01 -4.773456926723374516e-01
-3.996961615817875568e-01 -3.918090552275683702e-01 -2.249616287027049744e-01 -4.071850361707015642e-01
-3.159651503026302821e-01 -5.000000000000000000e+00 -1.314403607438880406e-01 -3.125118711182457432e-01
-2.301961645310115490e-01 -4.700370963104703870e-02 -3.203282979862728808e-02 -2.239909335386866540e-01
-1.367638007313765058e-01 7.297715102054275205e-02 5.704542537725870721e-02 -1.331045330919544689e-01
-6.890715239045658302e-02 1.680323201137680356e-01 1.597274729103203561e-01 -5.672183831105175739e-02
4.727727966382119784e-02 2.747339180966649752e-01 1.599850748393677746e-01 4.652856343170504866e-02
-5.610366847947209079e-01 -4.841557949199967181e-01 -4.715084344617606060e-01 -4.837512666360463398e-01
-5.563152301016218715e-01 -3.879748728669107360e-01 -3.981112050718194073e-01 -3.994244684391715650e-01
-4.760279974184767893e-01 -3.043232450155397562e-01 -5.000000000000000000e+00 -3.238888109004703364e-01
0.000000000000000000e+00 0.000000000000000000e+00 0.000000000000000000e+00 0.000000000000000000e+00
-5.000000000000000000e+00 -9.442740695094777037e-02 5.861387739838785221e-02 -1.411883796708897632e-01
-4.709197516618475465e-02 -5.000000000000000000e+00 1.820819348776972768e-01 -3.482092968463869342e-02
6.393438595677398972e-02 2.976945642783660473e-01 2.538794324492504861e-01 5.522891570431229247e-02
1.785404041311821344e-01 3.944976730234497353e-01 2.524497356688050198e-01 1.520929961370287020e-01
-4.863151208142204585e-01 -5.753000418976739194e-01 -3.923370272264791736e-01 -5.569427542759399774e-01
-4.908516688319340404e-01 -4.783362391340361675e-01 -3.024242066951182695e-01 -4.719001152540711619e-01
-3.922979457499355394e-01 -4.007811188517854672e-01 -2.109902143664642571e-01 -3.981380993833351645e-01
-3.092156847283461518e-01 -5.000000000000000000e+00 -9.582882333331743663e-02 -5.000000000000000000e+00
-2.014980255469425163e-01 1.293740405089814291e-02 -5.000000000000000000e+00 -5.433255903408795023e-02
0.000000000000000000e+00 0.000000000000000000e+00 0.000000000000000000e+00 0.000000000000000000e+00
-5.000000000000000000e+00 4.108421779549393804e-01 4.187111707221341517e-01 1.643022008152557611e-01
2.856726139369429873e-01 5.603160023398792156e-01 4.153281761892516077e-01 2.720030706651999086e-01
-5.779239915314395848e-01 -5.269427813105144187e-01 -5.189233492469724762e-01 -4.865706243212667426e-01
-5.918463628563697121e-01 -5.000000000000000000e+00 -4.000996737306615203e-01 -3.966177533730504967e-01
-5.475009934919579102e-01 -5.000000000000000000e+00 -5.000000000000000000e+00 -3.104581535762274691e-01
0.000000000000000000e+00 0.000000000000000000e+00 0.000000000000000000e+00 0.000000000000000000e+00
-4.999997342794999966e+00 -9.992710000000000481e-02 2.088695071908875378e-01 -1.511125496453318839e-01
-1.880623499999999892e-01 -3.627828717623009236e-02 4.074869409356816075e-01 -4.998906500000000364e+00
2.366124149391795051e-01 -4.999999993542991739e+00 5.631017290683195675e-01 1.975745225488788614e-01
4.163869826626366843e-01 7.047546486408571287e-01 5.553704949141291536e-01 4.266864255736172451e-01
-5.269439368445602012e-01 -4.494148184037401461e-01 -5.000000000000000000e+00 -6.005936323692000478e-01
0.000000000000000000e+00 0.000000000000000000e+00 0.000000000000000000e+00 0.000000000000000000e+00
0.000000000000000000e+00 0.000000000000000000e+00 0.000000000000000000e+00 0.000000000000000000e+00
0.000000000000000000e+00 0.000000000000000000e+00 0.000000000000000000e+00 0.000000000000000000e+00
0.000000000000000000e+00 -4.987849999999999895e+00 -4.833937475094622627e-02 -1.305149999999999921e-01
-9.729999999999999760e-02 -9.729999999999999760e-02 -3.500000000000000000e+00 7.362500037451696899e-02
0.000000000000000000e+00 0.000000000000000000e+00 0.000000000000000000e+00 0.000000000000000000e+00
-4.998906500000000364e+00 8.489837422884999318e-01 6.550235909386749045e-01 5.580535881470620740e-01
-4.490227288645879389e-01 -3.678052102341457519e-01 -5.000000000000000000e+00 -5.267871749202170939e-01
0.000000000000000000e+00 0.000000000000000000e+00 0.000000000000000000e+00 0.000000000000000000e+00
-3.500000000000000000e+00 -1.759695000000000009e-01 -9.099999999999999756e-02 0.000000000000000000e+00
-9.099999999999999756e-02 0.000000000000000000e+00 0.000000000000000000e+00 0.000000000000000000e+00
0.000000000000000000e+00 0.000000000000000000e+00 0.000000000000000000e+00 0.000000000000000000e+00
-3.500000000000000000e+00 0.000000000000000000e+00 -4.549999999999999822e+00 0.000000000000000000e+00
0.000000000000000000e+00 0.000000000000000000e+00 0.000000000000000000e+00 0.000000000000000000e+00
-4.959500000000000242e+00 9.992710000000000203e-01 0.000000000000000000e+00 4.940719021561749691e-01
-3.664281305258982324e-01 -3.667430702393902342e-01 -2.819286579937826942e-01 -4.493472345099951415e-01
-3.667628457600246028e-01 -2.769927262343499508e-01 -1.918935550139999890e-01 -4.999997342794999966e+00
-2.767901526984999916e-01 -1.578149999999999831e-01 -4.865000000000000213e+00 -9.919000000000000039e-02
0.000000000000000000e+00 0.000000000000000000e+00 0.000000000000000000e+00 0.000000000000000000e+00
0.000000000000000000e+00 0.000000000000000000e+00 0.000000000000000000e+00 0.000000000000000000e+00
0.000000000000000000e+00 0.000000000000000000e+00 0.000000000000000000e+00 0.000000000000000000e+00
0.000000000000000000e+00 0.000000000000000000e+00 0.000000000000000000e+00 0.000000000000000000e+00
0.000000000000000000e+00 0.000000000000000000e+00 0.000000000000000000e+00 0.000000000000000000e+00
