-3.203173191778450501e+00 -3.211311446120407531e+00 -2.920012951910651910e+00 -3.200509291058714734e+00
-3.071256847029308013e+00 -2.994952368120033626e+00 -2.847675590558298442e+00 -2.932021792404650107e+00
-2.943068662323976348e+00 -2.880064576079662153e+00 -2.721217440465320880e+00 -2.880578508765868850e+00
-2.828501862005604828e+00 -2.729671598798095733e+00 -2.632658143123837835e+00 -2.696387180039744536e+00
-2.700724903937939736e+00 -2.486012152855400004e+00 -2.757643730152030237e+00 -2.581722812892310870e+00
-2.619607363808830414e+00 -2.241025525618966174e+00 -4.999993744619644076e+00 -2.523750787520799843e+00
0.000000000000000000e+00 0.000000000000000000e+00 0.000000000000000000e+00 0.000000000000000000e+00
-4.874842224750338460e+00 -1.428292769659634365e+00 -1.355605181939559145e+00 -1.720417163963693818e+00
-1.332548719407591120e+00 -1.295459254200109545e+00 -1.292440933407781767e+00 -1.302227469095589729e+00
-1.265091802333725202e+00 -1.236675274230409238e+00 -1.215270754844777645e+00 -1.226890005366802594e+00
-1.197229714369655973e+00 -1.107164234406075698e+00 -1.159827297989136419e+00 -1.160743680663893551e+00
-1.118530775725281368e+00 -1.087206242832288838e+00 -1.118959862428218210e+00 -1.111904026730460737e+00
-3.277234016840350428e+00 -3.215091736421305857e+00 -3.052548242988300853e+00 -3.255004955942625955e+00
-3.266741115232602688e+00 -3.200734700702216440e+00 -2.861611327769903568e+00 -3.087123286648286502e+00
-3.030747538316750589e+00 -3.013395650497490585e+00 -2.626856095876528130e+00 -2.882819815682669873e+00
-2.849854660782034532e+00 -2.900938014668293707e+00 -2.492612455335866617e+00 -2.722538062531649761e+00
-2.693646423696234748e+00 -2.798629749562241198e+00 -2.296995529203976538e+00 -2.590446565520097444e+00
-2.470481846727831332e+00 -2.074825695137801240e+00 -2.387128296313204334e+00 -2.669792810507639835e+00
-2.294129807357813355e+00 -1.753998444255000511e+00 -1.580690861871773434e+00 -4.999999945403268420e+00
-1.895909553494349975e+00 -1.305609650886258244e+00 -1.408561099567894548e+00 -2.402642646739838295e+00
-1.639752250103078790e+00 -1.198178268768255617e+00 -1.265580661003159468e+00 -1.344981611254349119e+00
-1.329045723474736374e+00 -1.100237605262428087e+00 -1.136122763489975540e+00 -1.261169701132168530e+00
-1.190749754456118303e+00 -1.014987637494625394e+00 -1.084525134023146986e+00 -1.156698609152511326e+00
-1.031315657407003261e+00 -9.537265856226312399e-01 -1.047007178018114271e+00 -1.112394130023881766e+00
-3.168989549998634914e+00 -3.078197305599691624e+00 -3.160541286092882540e+00 -3.299844174196072899e+00
-3.156213665455201323e+00 -3.083976516606073748e+00 -3.132096321071545564e+00 -3.111219178058433066e+00
-3.172663500598223774e+00 -2.897118858805213026e+00 -3.038063227099003338e+00 -2.955028179420132961e+00
-3.081290854358338382e+00 -3.611167176351396169e+00 -2.939112950036593119e+00 -2.648360869771361870e+00
-2.977840266850206419e+00 -4.999942830943635563e+00 -2.270990425789245482e+00 -2.520634406827327201e+00
-2.640682771485866720e+00 -4.999999061100966813e+00 -1.581335649038149160e+00 -2.348566522539740298e+00
-2.027686035680456467e+00 -1.766713885487232627e+00 -1.351005859802570930e+00 -2.310308920302181601e+00
-1.602467755522070103e+00 -1.308346879439843846e+00 -1.183792775444763912e+00 -1.540325873973851678e+00
-1.373282079834561298e+00 -1.104623406328911761e+00 -1.007436210856906156e+00 -1.350537664696064066e+00
-1.248682103642077434e+00 -8.436079333845896144e-01 -1.006794810062433321e+00 -1.217900793162679740e+00
-1.103791551089141176e+00 -7.953392947153894443e-01 -9.498002997733914210e-01 -1.115796730038733697e+00
-9.810256414597706698e-01 -7.781474111711091934e-01 -9.539482072530947043e-01 -1.003350226852136373e+00
-3.059771317194500462e+00 -2.921283556655333680e+00 -3.117851789854991562e+00 -3.157913955757016389e+00
-3.096429632486894512e+00 -3.088233625743355137e+00 -2.879529632663948568e+00 -3.156630739704178179e+00
-3.077596599634156327e+00 -2.855925512344650308e+00 -3.454392478766216801e+00 -3.082055110713081358e+00
-2.982501098705480747e+00 -4.984783736389148068e+00 -4.990016609444920093e+00 -3.044636063138843607e+00
0.000000000000000000e+00 0.000000000000000000e+00 0.000000000000000000e+00 0.000000000000000000e+00
0.000000000000000000e+00 0.000000000000000000e+00 0.000000000000000000e+00 0.000000000000000000e+00
-4.898622202047773655e+00 -1.153911969367202417e+00 -1.295017088466172250e+00 -1.575518249056397924e+00
-1.682621256708609847e+00 -1.148604114414393695e+00 -1.116180081974704530e+00 -1.332426373608448067e+00
-1.237502608903038093e+00 -9.646516631654594720e-01 -9.899800796486528665e-01 -1.210692628816011140e+00
-1.063186876085334687e+00 -7.507099479851786494e-01 -8.141769536105841754e-01 -1.102589906192286362e+00
-9.823949579817566891e-01 -5.642912242386833865e-01 -7.832904604378976288e-01 -9.646116523017991273e-01
-8.299031301239427894e-01 -5.498668383659510717e-01 -8.110260496279583231e-01 -9.295307381451245465e-01
-2.999066457102737004e+00 -2.652294282776388457e+00 -3.039376906072360551e+00 -3.083255838627641410e+00
-2.849039322151933451e+00 -3.219172064058973604e+00 -3.140124270617252300e+00 -3.073510025590745709e+00
-2.966762816773243827e+00 -1.853849810450300506e+00 -4.999903183701055021e+00 -2.929494919331389724e+00
0.000000000000000000e+00 0.000000000000000000e+00 0.000000000000000000e+00 0.000000000000000000e+00
-2.342795000000000183e+00 -4.224754427346044672e-01 -3.864033889857146353e-01 -3.856160377251949711e+00
-8.493793551288005839e-01 -8.477230226669020263e-01 -8.784696594919401136e-01 -4.249526823515004104e+00
-1.476345053190075252e+00 -1.058217021646370437e+00 -1.074444184594268714e+00 -1.217268678121355308e+00
-1.179552574878948823e+00 -1.044231216945089802e+00 -9.806385517295680421e-01 -1.230406302977353761e+00
-1.103471491879254973e+00 -7.008968121538701190e-01 -7.854503291295447109e-01 -1.112317935109911726e+00
-9.438763937507560486e-01 -5.044901495438770533e-01 -6.396025250220918057e-01 -9.811775429840045026e-01
-8.020924995345134478e-01 -3.684330959860755983e-01 -5.928678880657897166e-01 -8.571016224948565521e-01
-6.507499134449179490e-01 -2.912608585356379898e-01 -6.085400479476799074e-01 -8.022939057656364170e-01
-2.660190096236750623e+00 -2.459598638447109575e+00 -3.075372749963549701e+00 -2.953359555350007604e+00
-2.816003410473061574e+00 -4.999867193005561816e+00 -1.872453598415907638e+00 -2.920493209974586613e+00
-2.528201448658822237e+00 -1.430850905369933868e+00 -1.874701022718676224e+00 -2.938180396856957088e+00
-2.199514435298889126e+00 -1.001198039734490619e+00 -9.104189793663621799e-01 -4.956360182159561312e+00
-1.466969676094117103e+00 -8.695076754664986529e-01 -8.605307795379745217e-01 -1.425239137209798335e+00
-9.817881757760538175e-01 -1.284683656148820408e+00 -9.822813189067253203e-01 -9.915665528839537890e-01
-1.001415024514450192e+00 -9.969245009033109728e-01 -9.550285523259141041e-01 -1.028013930375082818e+00
-9.553463614849324603e-01 -1.118134132146851645e+00 -7.760535726677850743e-01 -1.026848788891733477e+00
-9.740813195919476586e-01 -7.492542982127557982e-01 -5.113211424971325636e-01 -9.378253670482359361e-01
-8.197900444349150995e-01 -4.603439740763133892e-01 -3.697680951076803280e-01 -7.607980157918413644e-01
-6.340536259931115470e-01 -1.198930367498093480e-01 -2.988620668980459527e-01 -5.992189279310082828e-01
-4.966202369241323744e-01 -3.826008024205865277e-02 -4.298919624291532293e-01 -6.004781408791913799e-01
-2.430819359025984117e+00 -1.703592073145810071e+00 -4.997462356069718226e+00 -2.635193159274187735e+00
0.000000000000000000e+00 0.000000000000000000e+00 0.000000000000000000e+00 0.000000000000000000e+00
-4.968186572794319744e+00 -7.736475210975335415e-01 -8.269047633461771296e-01 -1.986205414034472705e+00
-1.264044613131382722e+00 -6.209515296170322607e-01 -8.483703385730129165e-01 -1.222962839028888249e+00
-8.392689886209073746e-01 -1.154109787065349169e+00 -1.092361149312597091e+00 -9.169719942730164552e-01
-8.503435595694009974e-01 -4.249526823515004104e+00 -8.469096764849062264e-01 -8.214219327321309327e-01
-1.179771439421593904e+00 -9.675519713605744698e-01 -1.209756394771442700e+00 -8.518451135284479392e-01
-7.971374087049023505e-01 -4.709251314984799208e+00 -7.644980927879275745e-01 -7.809031915532997914e-01
-1.027868030313951131e+00 -8.570020306299981350e-01 -5.185060032075756720e-01 -7.588146676686673420e-01
-7.686359999028031798e-01 -1.609959286713242288e-01 -2.950317788954947007e-01 -6.341958702815954085e-01
-4.244386641324500165e-01 3.579284413637660173e-02 -6.018250971024991652e-02 -4.419375132480654611e-01
-2.117323324896293324e-01 1.811020981156472309e-01 -2.135209033954731800e-02 -4.908571332676232579e-01
-2.147754151815437051e+00 -4.709251314984799208e+00 -1.252170105423656699e+00 -2.324667491586276835e+00
-1.268171468228112220e+00 -1.115123550439779176e+00 -8.489654451294472715e-01 -4.249526823515004104e+00
-1.618899514881938284e+00 -6.932814317458207976e-01 -7.199226423461551061e-01 -1.645713712122572669e+00
-6.360060039294361811e-01 -5.930402392042013471e-01 -9.491015111828414730e-01 -6.668283130848891016e-01
-4.935275060021846461e-01 -4.477225790983624387e-01 -4.249526823515004104e+00 -5.223949759230871459e-01
0.000000000000000000e+00 0.000000000000000000e+00 0.000000000000000000e+00 0.000000000000000000e+00
-2.847663950000000277e+00 -3.856935361549718166e-01 -2.847663950000000277e+00 -5.928387273054824824e-01
0.000000000000000000e+00 0.000000000000000000e+00 0.000000000000000000e+00 0.000000000000000000e+00
-3.856160377251949711e+00 -4.381735525299982337e-01 -2.156758819289195939e-01 -5.786899401959304523e-01
-4.396800511354452268e-01 -1.264098704791207783e-01 2.523227162649041566e-02 -5.440473227752057328e-01
-2.177873329362629562e-01 1.512670171925816209e-01 2.196472072091459893e-01 -1.347368542119221912e-01
-1.053707696234211511e-02 3.603009375867308184e-01 2.163636485476054527e-01 -8.363498489048966714e-03
0.000000000000000000e+00 0.000000000000000000e+00 0.000000000000000000e+00 0.000000000000000000e+00
-3.856160377251949711e+00 -3.688501569545462044e-01 -3.976556807028286400e-01 -6.225412055826085034e-01
-6.749433015471034691e-01 -5.712288368992701759e-01 -5.835064658960954498e-01 -9.121258970213275141e-01
-5.667748881894895119e-01 -5.645819192726105884e-01 -5.831819152124504413e-01 -6.582690304604990050e-01
-5.314477618289162875e-01 -5.033748019832173792e-01 -6.041903692747365717e-01 -6.523557775647578216e-01
-3.279235223784662812e-01 -3.213231486508623669e-01 -3.582335592545019542e-01 -3.256607799500000233e+00
-6.113537804038726708e-01 -3.939330074054326336e-01 -8.279065991209633157e-01 -4.005918554163983014e-01
-2.464617499060006711e-01 -2.472783109230767273e-01 -2.376670058464594448e-01 -3.729067085835499729e+00
-6.277057698863697244e-01 -1.951449860709153494e-01 -2.841656221802953408e-01 -7.239540622502279588e-01
-4.131315170050794960e-01 1.525838010905267439e-01 -4.110126162193372679e-02 -3.916923850738410207e-01
-1.557263266745729791e-01 4.393360739780869939e-01 2.720240515462428177e-01 -4.344763964135660295e-02
7.706750048046875912e-02 6.592893545178343251e-01 3.778384649850851651e-01 1.322781939300452791e-01
-7.183196574439005833e-01 -3.905764983258779854e-01 -3.828910165312549019e-01 -3.587852317594999896e+00
-6.890675995590846981e-01 -4.950758537990881392e-01 -4.962000415725141278e-01 -7.395053433975619095e-01
-5.295092110138380770e-01 -5.325217251443330468e-01 -5.270146153678849643e-01 -5.457483296518306215e-01
-5.248452987472175257e-01 -5.186562061796665679e-01 -5.136412294085921371e-01 -5.170017949325413920e-01
-4.887936462033257712e-01 -4.694643906029149494e-01 -4.668422834157812118e-01 -4.816616656487200943e-01
-3.992442386599612258e-01 -3.960439167113622982e-01 -3.999382021866531023e-01 -4.953540267955159337e-01
-3.797374895845583298e-01 -3.827000397548401822e-01 -3.768181184796661753e-01 -3.799261730218287392e-01
-2.916854027079170963e-01 -2.632074945105733477e-01 -2.368317751205940569e-01 -5.853454220561286059e-01
-3.017107458884871196e-01 -1.597039983602817348e-01 1.161104340654092182e-01 -3.864038276278961015e-01
-1.815513696985547598e-01 1.888892627184598771e-01 3.472305926231762374e-01 -2.192312704311394078e-01
9.000652117499458038e-02 4.109805780593496216e-01 6.011150075303255402e-01 1.085034795003868013e-01
4.062308474496000854e-01 7.987900059307246892e-01 6.050791092752395572e-01 4.018339396717164336e-01
-4.750786598545330142e-01 -4.800060168400941407e-01 -4.636747467069639028e-01 -5.789694028177524432e-01
-4.923805623286980904e-01 -5.134306382910196476e-01 -4.903134339342009040e-01 -4.876483011445849058e-01
-5.037964987021179564e-01 -4.992988103528511190e-01 -5.008133527123888040e-01 -5.070734461012340599e-01
-4.880628389932717415e-01 -4.796406984903636150e-01 -4.851946841211108863e-01 -4.811036733130864551e-01
-4.473758464913605848e-01 -4.352113454668803394e-01 -4.328333488382954397e-01 -4.549842442624937311e-01
-3.802068959802490933e-01 -3.832889498266972561e-01 -3.787217712156230043e-01 -3.796418203657540014e-01
-3.327869197659675815e-01 -3.078069912629613492e-01 -3.244855678719724690e-01 -3.562221955271677176e-01
-2.479991742880528760e-01 -2.334023017305961178e-01 -1.151804164246806178e-01 -3.407365235552969884e-01
-2.810135304610893447e-01 -1.032586983958678345e-01 2.158363179469462434e-01 -2.162874577815858401e-01
-1.440118182299290617e-01 2.628915079445509062e-01 5.776457046828062936e-01 -1.325257756923211572e-01
1.892926389407013077e-01 8.068537067956722542e-01 7.751384921222027602e-01 2.760743559541630754e-01
6.407831993863057907e-01 9.999999999999995559e-01 7.996766375016446382e-01 5.568110504134909933e-01
-4.916421179698955424e-01 -4.983209752524244696e-01 -4.926348555504205806e-01 -4.868325957548460536e-01
-4.973467309754159293e-01 -5.088278114547741815e-01 -5.015501383716413075e-01 -4.955625589059799441e-01
-4.935998669026853136e-01 -4.858627411552516873e-01 -4.840496167240145864e-01 -4.861517260205023283e-01
-4.629065482706138379e-01 -4.688125422314143309e-01 -4.560895872037699084e-01 -4.601443942546580290e-01
-4.098374096385907772e-01 -4.179051832215847084e-01 -4.044063393886825897e-01 -4.160988762905822869e-01
-3.440040813049866086e-01 -3.505140788168645272e-01 -3.213432239246992728e-01 -3.489406907701740890e-01
-3.312434664442313048e-01 -2.839552846485570159e-01 -1.391358790386532096e-01 -3.407163899434977328e-01
-3.146092854044202358e-01 -1.811964486349981751e-01 1.420323390892057058e-01 -2.480249016478384139e-01
-1.819126092165752606e-01 2.240922179653787732e-02 5.176325795004659280e-01 -1.433591316699224238e-01
9.294965961897815043e-02 3.687984451554542908e-01 7.140180693300643977e-01 1.730120912693782487e-01
3.851165194026864302e-01 6.692010617525363525e-01 9.999999999999995559e-01 4.958615748535200041e-01
0.000000000000000000e+00 0.000000000000000000e+00 0.000000000000000000e+00 0.000000000000000000e+00
