-2.900422182646599456e+00 -2.888346362942332490e+00 -2.902745171480940467e+00 -2.906559190435140660e+00
-2.917658352074457451e+00 -2.815207821682008671e+00 -2.817400011201661503e+00 -2.836349405324975148e+00
-2.791855009274283095e+00 -2.752634157126266690e+00 -2.752234074515348627e+00 -2.754122659614720359e+00
-2.709216544058214549e+00 -2.689319162294616206e+00 -2.694849883528219969e+00 -2.690560865625043263e+00
-2.608119967607595679e+00 -2.596171387893200677e+00 -2.723220058538514454e+00 -2.607575583231096061e+00
-2.455232595418877839e+00 -2.434088973127691347e+00 -4.999419468464823879e+00 -2.822737033912602556e+00
0.000000000000000000e+00 0.000000000000000000e+00 0.000000000000000000e+00 0.000000000000000000e+00
-4.887358002275304258e+00 -1.958896248223620296e+00 -1.939236284791921561e+00 -1.940526484000564045e+00
-2.302660080677535248e+00 -2.347376877747999746e+00 -1.943043490590830036e+00 -1.956559476324699176e+00
-1.882161758673315477e+00 -1.879685188523159356e+00 -1.877339673618428240e+00 -1.881427486483757461e+00
-1.823090776619757047e+00 -1.807960685265704415e+00 -1.809528236083255637e+00 -1.815439486052477180e+00
-1.752643566265891462e+00 -1.761651202825565088e+00 -1.757902209467226529e+00 -1.766753940212573371e+00
-1.718830577033837903e+00 -1.713588526215595653e+00 -1.717983714000002271e+00 -1.726363258116124566e+00
-1.686748157370060452e+00 -1.684163436921288337e+00 -1.684680371599034387e+00 -1.677918150072583270e+00
-1.658764740103277902e+00 -1.664866158380530869e+00 -1.663522129598611343e+00 -1.660701862078084901e+00
-1.652594177481965465e+00 -1.657569501660878242e+00 -1.661143411318087848e+00 -1.666645281583727822e+00
-2.829486424859078308e+00 -2.809906834595898850e+00 -2.810334125243851844e+00 -2.911148242551164778e+00
-2.797962200116664189e+00 -2.740967811651330077e+00 -2.744244943556675587e+00 -2.804998547232942840e+00
-2.700196964622697759e+00 -2.723850751249126123e+00 -2.688190871450912400e+00 -2.713419000353082033e+00
-2.706090675721133376e+00 -2.834049225346225498e+00 -2.621949551194194594e+00 -2.652771408347436743e+00
-2.645773424354922021e+00 -2.553405275525781448e+00 -2.531504671117257299e+00 -2.618180583332828437e+00
-2.487770384642721933e+00 -2.454227608728661192e+00 -2.496577824921063726e+00 -2.591636097741877531e+00
-2.260043930665946554e+00 -2.263337965363267923e+00 -2.215905523330551130e+00 -4.996519006954345699e+00
-2.266226663690446230e+00 -2.505614324042027441e+00 -2.096898457053542941e+00 -2.173672155509349668e+00
-2.110597059535015418e+00 -4.874842224750338460e+00 -2.145520601785024351e+00 -2.002662923427625863e+00
-1.745865838458890096e+00 -4.738326183486319287e+00 -1.714048673522619248e+00 -1.733296372200870072e+00
-1.748263200962958841e+00 -2.027003340704255585e+00 -1.762158609829124423e+00 -1.761106240004367551e+00
-1.749330607719307817e+00 -1.722175956072046210e+00 -1.722294811382242496e+00 -1.729413667112718489e+00
-1.692335640900697769e+00 -1.688259904856214577e+00 -1.692904383346714559e+00 -1.697017906416642852e+00
-1.670951357288831707e+00 -1.665253605389806379e+00 -1.670657617907491899e+00 -1.667610870169239590e+00
-1.649597114245185736e+00 -1.643422156334275908e+00 -1.650510479280556719e+00 -1.652172715385100688e+00
-1.642045847142758808e+00 -1.640983863507566864e+00 -1.653949970084700016e+00 -1.645549213899876406e+00
-2.753796045625003686e+00 -2.736199316001309167e+00 -2.743809085849036045e+00 -2.798417195845404937e+00
-2.714486970788761777e+00 -2.663769426183855593e+00 -2.725847402139559783e+00 -2.738110589191442124e+00
-2.676543522428997068e+00 -2.951750392051330607e+00 -2.980580771630117365e+00 -2.682549096074267947e+00
-2.631989687263984301e+00 -4.999993744619644076e+00 -2.467483393876963582e+00 -2.461174107376142395e+00
-2.818912617765066742e+00 -2.616378980213732053e+00 -2.434076716960797082e+00 -2.484846047232102784e+00
-2.462331177221688261e+00 -2.407729300868707956e+00 -2.433302408466556876e+00 -2.428069586599754803e+00
-2.365095490290346270e+00 -2.277016296443720833e+00 -2.473496483402248813e+00 -2.305123420442188209e+00
-2.238013558123339131e+00 -2.262369166798846809e+00 -4.981214489369317988e+00 -2.202932719154782948e+00
0.000000000000000000e+00 0.000000000000000000e+00 0.000000000000000000e+00 0.000000000000000000e+00
0.000000000000000000e+00 0.000000000000000000e+00 0.000000000000000000e+00 0.000000000000000000e+00
-4.764493565137687625e+00 -1.537124983281597856e+00 -1.521580575083323117e+00 -1.515961335924381093e+00
-1.779623931818329341e+00 -1.675836644363291494e+00 -1.675051271115626239e+00 -1.682666134661084500e+00
-1.665672447886372032e+00 -1.655128747228231889e+00 -1.659966234663026619e+00 -1.660737865282051695e+00
-1.637193801371239488e+00 -1.627687431450866917e+00 -1.627827388711184708e+00 -1.645199914870947522e+00
-1.618489604306915020e+00 -1.613992026776210897e+00 -1.620769906277940375e+00 -1.613205972980679137e+00
-1.612404080444417520e+00 -1.609693937216809534e+00 -1.609745440086073343e+00 -1.623368566551735004e+00
-2.674896964200869309e+00 -2.661933815765578970e+00 -2.668264992770631672e+00 -2.729775106589684697e+00
-2.640293274451393390e+00 -2.592441464844295052e+00 -2.675443608403691442e+00 -2.667663039918942935e+00
-2.486856048359944005e+00 -2.474862236580319674e+00 -4.999975390595809088e+00 -2.568143914698722163e+00
0.000000000000000000e+00 0.000000000000000000e+00 0.000000000000000000e+00 0.000000000000000000e+00
-4.998651391972046554e+00 -2.237039874205272394e+00 -2.231265292908125808e+00 -2.249028531413545640e+00
-2.689235468234825621e+00 -2.269796453367168620e+00 -2.277475345970966014e+00 -2.319882913542382408e+00
-2.254797037374734359e+00 -2.197535132941656144e+00 -2.216456253021087619e+00 -2.270702900991339757e+00
-2.174159028598398713e+00 -2.115618878493552124e+00 -2.547291801801611744e+00 -2.280988880063662183e+00
-1.876651753841866110e+00 -2.062985718647342370e+00 -1.930179570425285762e+00 -4.860935805278153943e+00
-1.889134216746654049e+00 -3.970544339526754563e+00 -1.606319988936150356e+00 -4.073489905574079195e+00
-1.870077191502777403e+00 -1.845422243537195639e+00 -1.667276999181018793e+00 -1.726102570354519861e+00
-1.652720944451817164e+00 -1.771738016928035009e+00 -1.652452832730752830e+00 -1.655608036871140332e+00
-1.619778268531198329e+00 -1.617007315545063495e+00 -1.619996747797644687e+00 -1.621938059920681408e+00
-1.583175301039001948e+00 -1.571609424949039324e+00 -1.574531924203762534e+00 -1.582681233958649347e+00
-1.573903644072538466e+00 -1.570874077378487277e+00 -1.575019133924315584e+00 -1.584347156549704483e+00
-1.575802313952838762e+00 -1.572032929245887001e+00 -1.574505507556863915e+00 -1.576289402687282237e+00
-2.616081095603547624e+00 -2.842258169095425391e+00 -2.599183679458533902e+00 -2.632317944650027108e+00
-2.614457983624754789e+00 -2.534918312565259235e+00 -2.522045217310878495e+00 -2.596710718626208614e+00
-2.511405385385809819e+00 -2.437017393654159481e+00 -2.591508849534956305e+00 -2.451404815788590152e+00
-2.226325414274684000e+00 -2.218591438895831214e+00 -2.211953962862686751e+00 -4.999203660445574293e+00
-2.488675575483169311e+00 -2.228864968072269637e+00 -2.222678289396042395e+00 -2.227484637114129473e+00
-2.236273726337627554e+00 -2.177040280417267937e+00 -2.203814881944403670e+00 -2.243902909155439662e+00
-2.207520913926726003e+00 -2.117321196206816136e+00 -2.132988046561957951e+00 -2.188718151688917590e+00
-2.138588269020844201e+00 -2.022049925687205096e+00 -2.106740544307632579e+00 -2.136537318394120977e+00
-1.931955471483995712e+00 -1.918158833525381191e+00 -4.788044208623919218e+00 -2.125803405165191950e+00
0.000000000000000000e+00 0.000000000000000000e+00 0.000000000000000000e+00 0.000000000000000000e+00
-4.166140915016670832e+00 -1.653907968892957436e+00 -1.872796746923487188e+00 -1.600111230745683510e+00
-1.602348409284890751e+00 -4.601167784615637579e+00 -1.508493952765125545e+00 -1.530757393549114997e+00
-1.628607657318892787e+00 -1.635593165604172450e+00 -1.558352985676094926e+00 -1.559609317075195900e+00
-1.512764917796503905e+00 -1.486895285638670794e+00 -1.517756809343342672e+00 -1.525389153696326217e+00
-1.524999614142809268e+00 -1.523269744235157486e+00 -1.529209685900960070e+00 -1.526453697014632960e+00
-1.528965447606734473e+00 -1.531247188527200098e+00 -1.537610929570149665e+00 -1.528192180199828387e+00
-2.718678660092463506e+00 -4.999619113259770486e+00 -2.510482009606971765e+00 -2.515521726485983933e+00
-2.496204607142531007e+00 -2.574085491222736444e+00 -2.443671029580455123e+00 -2.507719453071650673e+00
-2.488744864089540432e+00 -2.376715710298111794e+00 -2.344591026654899490e+00 -2.439479015679371532e+00
-2.366721859514755000e+00 -2.245627704082536980e+00 -2.288223529689852764e+00 -2.426479932195964029e+00
-2.281597469804025113e+00 -2.200742429859075866e+00 -2.177513893879135853e+00 -2.246539059402153704e+00
-2.170399006348208371e+00 -2.081068802846331334e+00 -2.133831832993551281e+00 -2.223239003195583319e+00
-2.121554442001932550e+00 -2.065297832132749090e+00 -1.995697474491632706e+00 -2.121841275541596517e+00
-2.085890794755728361e+00 -1.883205289400807780e+00 -2.074473514590706280e+00 -2.088804803354893824e+00
-1.853750299092383091e+00 -1.837133871654295536e+00 -4.940137424087190254e+00 -1.852318595842399329e+00
0.000000000000000000e+00 0.000000000000000000e+00 0.000000000000000000e+00 0.000000000000000000e+00
-3.430947019550000032e+00 -1.390201335751600986e+00 -3.970544339526754563e+00 -1.389600896775791128e+00
0.000000000000000000e+00 0.000000000000000000e+00 0.000000000000000000e+00 0.000000000000000000e+00
-4.601167784615637579e+00 -1.415251988602583388e+00 -1.412214738112950618e+00 -1.437662850824154681e+00
-1.447650768123440512e+00 -1.363707963384141797e+00 -1.481329925719277796e+00 -1.468659899259095125e+00
-1.471123213286414710e+00 -1.476897480599873580e+00 -1.480556507364216401e+00 -1.475188902084228815e+00
-1.489885564839094734e+00 -1.483946297606864917e+00 -1.488626181057253417e+00 -1.483046834079433829e+00
0.000000000000000000e+00 0.000000000000000000e+00 0.000000000000000000e+00 0.000000000000000000e+00
-4.998907627497358064e+00 -2.266033478368503218e+00 -2.264957743893476039e+00 -2.302043264255594579e+00
-2.581426187206789624e+00 -2.281648878834013683e+00 -2.267812713259584001e+00 -2.331281556762846652e+00
-2.251767556788669467e+00 -2.200361743204667597e+00 -2.157675188390159704e+00 -2.297688301819593271e+00
-2.187467622303419734e+00 -2.121859782341451339e+00 -2.075718139865546430e+00 -2.182370840233698761e+00
-2.144844927619889319e+00 -1.949011364797250456e+00 -2.051094733280467874e+00 -2.130092776051838221e+00
-2.064188224722266707e+00 -1.956119076603430429e+00 -1.901109403875844706e+00 -2.044464351491447118e+00
-1.939958038859454170e+00 -1.800195247040237367e+00 -1.897352879177396590e+00 -2.023658526746825448e+00
-1.873732135771960294e+00 -1.702716348925707113e+00 -1.913886332311815153e+00 -1.884113273855047455e+00
-1.636497402478741092e+00 -1.609969267962118922e+00 -1.607410239086129788e+00 -4.809239787761526941e+00
-1.794709692925997802e+00 -1.521443063580423916e+00 -1.897807830623568170e+00 -1.851776972585173819e+00
-1.430087311393515970e+00 -1.395349911521041264e+00 -1.391559224461847766e+00 -4.738326183486319287e+00
-1.890272156660570912e+00 -1.299643510538412983e+00 -1.400953270992668198e+00 -1.756097692297327706e+00
-1.418027781991546110e+00 -1.219726050385246285e+00 -1.420041500084307184e+00 -1.431239654177022924e+00
-1.372831380949605107e+00 -1.401656698191145578e+00 -1.417162721378787404e+00 -1.466389899091220972e+00
-1.433536791256218468e+00 -1.436735466108445936e+00 -1.435982493297766283e+00 -1.431058900375835830e+00
-2.095585361009992376e+00 -1.966084525802687999e+00 -1.993295778182503808e+00 -4.887358002275304258e+00
-2.236220317971165272e+00 -2.226557418297056223e+00 -2.203659150804640365e+00 -2.679004115512924056e+00
-2.190123489497986853e+00 -2.616505684297625312e+00 -2.189313597761723962e+00 -2.202729439033900061e+00
-2.140128699027911363e+00 -2.132750056549595818e+00 -2.100401145865615327e+00 -2.160648821873436987e+00
-2.109619968491528663e+00 -2.062102834171783972e+00 -1.979082028958576878e+00 -2.121640718092870692e+00
-2.079173705648112769e+00 -1.948218856944830213e+00 -1.854694998691724273e+00 -2.071064089947656672e+00
-2.006242695799548059e+00 -1.790523522554230196e+00 -1.800368858193735155e+00 -1.995731131680618109e+00
-1.900019420105621970e+00 -1.629509439017379879e+00 -1.749165496547885112e+00 -1.905863680543901095e+00
-1.810938756575826147e+00 -1.522936448111634311e+00 -1.708056314494327932e+00 -1.819458511618704977e+00
-1.744799777935084784e+00 -1.555650342993876611e+00 -1.463472938456459538e+00 -1.672839283101150709e+00
-1.594168168406121078e+00 -1.220004312983098194e+00 -1.547497239181216733e+00 -1.596463515543241396e+00
-1.498338966742542189e+00 -1.442386369335059149e+00 -1.226020073235726482e+00 -1.633888255869803574e+00
-1.458945375380879428e+00 -9.415438708347965147e-01 -1.369039906409691643e+00 -1.443231162356095609e+00
-1.333716682663925068e+00 -9.620149868132745752e-01 -1.371553491908147793e+00 -1.359282180262294748e+00
-1.289805947447199452e+00 -1.361940768954276182e+00 -1.354261781698616884e+00 -1.350387847501125282e+00
-1.376990959121306535e+00 -1.379740869980877083e+00 -1.386181848449954845e+00 -1.387870543716499983e+00
-2.093258545343484656e+00 -2.080986604086974001e+00 -2.083070172949820886e+00 -2.224679960008975055e+00
-2.138135936226121636e+00 -2.358946931577570627e+00 -2.139606029807493925e+00 -2.147286871461539182e+00
-2.088959059419428499e+00 -4.917883983658696501e+00 -2.093450048723062729e+00 -2.099124720490268547e+00
-2.530228974062888270e+00 -2.199928179938591022e+00 -2.051439623574023763e+00 -2.062276922210444230e+00
-2.094288198855152494e+00 -1.985979492718804584e+00 -1.936668990128401102e+00 -1.996771672228214056e+00
-1.956161499898493084e+00 -1.913660931324812076e+00 -1.778012287728731211e+00 -1.943777661852382765e+00
-1.891064983909843678e+00 -1.837782205229325116e+00 -1.656611009356688813e+00 -1.915968107353729799e+00
-1.787395033551397949e+00 -1.724052523575350104e+00 -1.518745843662727024e+00 -1.789751399746320804e+00
-1.664162988540254684e+00 -1.619254256473553033e+00 -1.390707973730050062e+00 -1.751234819993491509e+00
-1.569074868096222986e+00 -1.483381899024946771e+00 -1.241566794592814826e+00 -1.656477183412655485e+00
-1.434907081410619734e+00 -1.242758628508959129e+00 -1.101697915148149853e+00 -1.414582611763998576e+00
-1.366789161381526174e+00 -1.156662931650648485e+00 -9.745151954679540651e-01 -1.441433824795038232e+00
-1.253568742812779746e+00 -7.209445061898474005e-01 -1.040297491838494182e+00 -1.296113210351587552e+00
-1.216406553500602339e+00 -7.069094684155774466e-01 -1.305585986156137190e+00 -1.252873492877669914e+00
-1.110956105460423560e+00 -1.416737904235882750e+00 -1.567067032358063106e+00 -1.297803099799918147e+00
-1.094194845252038029e+00 -4.507614548908194685e+00 -1.057409633202385235e+00 -1.092702827314891545e+00
-2.049665417851792792e+00 -2.032314135132199162e+00 -2.280337367542312421e+00 -2.032036580039713769e+00
-1.890904027562924528e+00 -1.890887078195064630e+00 -4.926095585292826762e+00 -1.887785348673281849e+00
0.000000000000000000e+00 0.000000000000000000e+00 0.000000000000000000e+00 0.000000000000000000e+00
-4.940137424087190254e+00 -1.912519611685802090e+00 -1.906346057972395425e+00 -1.913544057610433446e+00
-2.222159252392494011e+00 -1.916288467785437932e+00 -1.916080545911738708e+00 -1.944656028810993975e+00
-1.864651055076537833e+00 -1.851515607007087949e+00 -1.842027477845810113e+00 -1.869246675336108110e+00
-1.856248740327374858e+00 -1.776386828830711861e+00 -1.724979200196613549e+00 -1.787614635090043258e+00
-1.784862818280203767e+00 -1.670320634272464355e+00 -1.597998296942152230e+00 -1.727800773618921593e+00
-1.707879835732080354e+00 -1.388178631700423216e+00 -1.568415285420222016e+00 -1.645907659499219688e+00
-1.569929463620983068e+00 -1.498768156637562354e+00 -1.252540073610061810e+00 -1.536952188221418103e+00
-1.468200445930668341e+00 -1.346791132718896611e+00 -9.202828924637157515e-01 -1.512718619785537344e+00
-1.360005820662697040e+00 -1.172124192755863437e+00 -7.017004087091640585e-01 -1.343221221571226032e+00
-1.093702056390312594e+00 -4.708510458506752205e-01 -7.771183802424008746e-01 -1.067210126641149337e+00
-8.786273952638841145e-01 -4.065203165427388465e-01 -1.338034617507914747e+00 -1.007944705218353665e+00
-1.125259314376706010e+00 -8.037448381023998278e-01 -4.556853094017375483e+00 -1.206932677308278246e+00
0.000000000000000000e+00 0.000000000000000000e+00 0.000000000000000000e+00 0.000000000000000000e+00
-1.981412702633736700e+00 -1.985205770255673574e+00 -1.992230629101671813e+00 -1.996748415214225636e+00
-1.932137353019719450e+00 -1.931194078518839508e+00 -1.928173796587792532e+00 -2.150290311318645564e+00
-1.892837847264616791e+00 -1.885920116670606550e+00 -1.893159199503164913e+00 -4.828315808985374602e+00
-1.932537313327991058e+00 -1.921341684022570773e+00 -1.914625936274439777e+00 -1.913645753109132874e+00
-1.881121822333409854e+00 -1.872068773668116304e+00 -1.871065630148462278e+00 -1.888842717130690074e+00
-1.829506438785125200e+00 -1.819129260958591399e+00 -1.789761291666745358e+00 -1.807501420407504167e+00
-1.774547546423788980e+00 -1.749948780424666506e+00 -1.661473923927373475e+00 -1.756227055532969095e+00
-1.718260948529552135e+00 -1.716068959361596313e+00 -1.509270935653666434e+00 -1.700954191929360038e+00
-1.611003969123797619e+00 -1.860357321027217292e+00 -1.224473644626652202e+00 -1.614619546039272713e+00
-1.546446716293909729e+00 -1.424376424329518276e+00 -1.108621559728935502e+00 -1.476005992855754068e+00
-1.392926597840384417e+00 -1.300812436241200132e+00 -8.229570085074359165e-01 -1.388658984237381988e+00
-1.242386270965742723e+00 -1.043997804955318243e+00 -5.516857967299055865e-01 -1.241736059569677364e+00
-9.334680940436368424e-01 -5.533941417167919097e-01 -3.079915108654479594e-01 -8.642470855188683077e-01
-8.228282251004029879e-01 -1.515010840517156399e-01 -7.193936994138154795e-01 -7.577084373213978097e-01
-9.930951806069983068e-01 -2.650811591265255229e-01 -1.269069475186793028e+00 -1.344728454344930713e+00
-8.807598741981597090e-01 -6.318136901638096159e-01 -8.808506281965196028e-01 -4.392116727047153724e+00
-1.955092087951830981e+00 -1.951368548381328116e+00 -1.954214852434186689e+00 -1.953703547402198870e+00
-1.942107285968772024e+00 -1.921344938679558023e+00 -1.925852970379182683e+00 -1.923770410493430782e+00
-1.913524862389425651e+00 -1.911946977335942099e+00 -1.914085754968241071e+00 -1.953075578982361060e+00
-1.900311086624282053e+00 -1.893876443935655018e+00 -1.895872913239354807e+00 -1.907595067037685332e+00
-1.865928784364882853e+00 -1.859141472467260581e+00 -1.855551647119927150e+00 -1.867903885578952705e+00
-1.818496834510396898e+00 -1.826076943884263448e+00 -1.820649234518472159e+00 -1.823056252238704156e+00
-1.780408663810612024e+00 -1.792657806874410564e+00 -1.784243107347981416e+00 -1.774225102633385731e+00
-1.706435129639931381e+00 -1.954501848091126481e+00 -1.781269492088641382e+00 -1.672461406419131436e+00
-1.494654819683620683e+00 -4.809239787761526941e+00 -1.419544377451625428e+00 -1.479855849277540880e+00
-1.399496174367868662e+00 -1.369579143748556049e+00 -1.256427703966813691e+00 -1.389161238816488675e+00
-1.385383354478476825e+00 -1.326161177145404935e+00 -9.527348746931699752e-01 -1.289474370357151178e+00
-1.251521518398591049e+00 -1.276032058929311930e+00 -7.042255419801258798e-01 -1.242593872749113704e+00
-1.160845988064576728e+00 -8.688870680535885072e-01 -2.573777676235278200e-01 -1.068425081340836691e+00
-6.093545238558695232e-01 5.505664002970786508e-02 -2.803201095113149188e-01 -5.758335826461039586e-01
-7.650567604292801693e-01 9.599062469584668245e-02 -5.297451417608760593e-01 -7.418898871905456049e-01
-7.951864979791379850e-01 1.639141827035392185e-01 -8.101384853049381496e-01 -1.165748509756124873e+00
-1.912629943718374914e+00 -1.914073481015200473e+00 -1.909199411324878248e+00 -1.929779273266844619e+00
-1.898892575951695250e+00 -1.902579232183728264e+00 -1.898090757700796827e+00 -1.900122069568870309e+00
-1.888382164063804103e+00 -1.872432498487223151e+00 -1.890752164034205318e+00 -1.891764335642289074e+00
-1.871258872295251896e+00 -1.878032640559852418e+00 -1.873214530903422492e+00 -1.887882057321617069e+00
-1.844838325742334861e+00 -1.851266456606694533e+00 -1.854726230085299132e+00 -1.849662990645992711e+00
-1.829878723645681271e+00 -1.831697292528768228e+00 -1.832546338189011692e+00 -1.830945263147239155e+00
-1.805016348406052185e+00 -1.808755804431118053e+00 -1.879294107901766653e+00 -1.801261474834125131e+00
-1.608027040634818272e+00 -1.598410878537205759e+00 -4.860935805278153943e+00 -1.578857496836981511e+00
0.000000000000000000e+00 0.000000000000000000e+00 0.000000000000000000e+00 0.000000000000000000e+00
-4.676945905538666182e+00 -1.185778473195669314e+00 -1.188544160342602796e+00 -1.188881280316964828e+00
-1.564385120251363004e+00 -1.466217212238281498e+00 -1.769352929013496833e+00 -1.267588239251193016e+00
-1.088295506495167819e+00 -4.709251314984799208e+00 -1.072466339456011220e+00 -1.059468401616935784e+00
-1.496179835167176009e+00 -1.092960133282190549e+00 -1.411091338005883433e-01 -9.351231987218816544e-01
-5.999661205724959867e-01 -6.166022674996526343e-01 2.726985734787173987e-01 -4.601941804752658349e-01
-2.109266977771613871e-01 -7.310746482739052809e-02 4.957800231464329910e-01 -2.922930234229682012e-01
-6.126096375637726799e-04 7.111085165218049564e-01 1.923854648132693190e-01 -1.065062782059329749e-01
-1.904606024766526851e+00 -1.927664698084915473e+00 -1.890889163255932592e+00 -1.886417824433631152e+00
-1.880165857768657744e+00 -1.832101045642449355e+00 -2.089278625060345895e+00 -1.880864718176970651e+00
-1.804052328609476508e+00 -4.828315808985374602e+00 -1.792931677147148406e+00 -1.791434458578492261e+00
-2.338907442338970633e+00 -1.836750252743291290e+00 -1.868451223510744441e+00 -1.870263586249192755e+00
-1.849858062996305286e+00 -1.855695836240834229e+00 -1.839474099561339671e+00 -1.845242396297475995e+00
-1.827839590446728391e+00 -1.824240862804530128e+00 -1.825380583666788681e+00 -1.828327526392020452e+00
-1.809583059542541950e+00 -1.805105597491472258e+00 -1.811366221548050159e+00 -1.818499220668917005e+00
-1.785774626605594939e+00 -1.720488069502817075e+00 -1.906159769543942506e+00 -2.223545946965056253e+00
-1.193221109333580721e+00 -2.847663950000000277e+00 -1.224068127805874706e+00 -4.392116727047153724e+00
-1.371417257342742113e+00 -1.391511777356778889e+00 -1.367287413939910934e+00 -1.278755005695489722e+00
-1.104531351307527665e+00 -9.206023519082637829e-01 -4.324574141163504137e+00 -1.004916362786590689e+00
0.000000000000000000e+00 0.000000000000000000e+00 0.000000000000000000e+00 0.000000000000000000e+00
-4.507614548908194685e+00 -4.442397006565212969e-01 -7.907680982671698722e-01 -7.464064935907047671e-01
-7.556911855613129836e-01 -7.581459395857823580e-01 -7.303135887625478162e-01 -3.102199353538610538e-01
-7.051285448825530544e-01 -4.860935805278153943e+00 4.527482177408659325e-01 -3.441999139475163116e-01
5.347853775374368512e-02 8.496151468631104597e-01 2.653347473503445131e-01 2.102985385149161446e-01
-1.849089304035014480e+00 -1.840807476186134606e+00 -2.278801297619392319e+00 -1.841535819177643418e+00
-1.680523407829378479e+00 -1.691236313369965494e+00 -4.860935805278153943e+00 -1.690952469144161308e+00
0.000000000000000000e+00 0.000000000000000000e+00 0.000000000000000000e+00 0.000000000000000000e+00
-4.908759981842996112e+00 -1.718786223962904591e+00 -1.728079957067599093e+00 -1.712070359505075912e+00
-1.885393621899849048e+00 -1.835749945756619983e+00 -1.839874022214625926e+00 -1.836139191247713853e+00
-1.826704424011675432e+00 -1.812104548049124020e+00 -1.811500887345095956e+00 -1.818670981352541016e+00
-1.787299274702102814e+00 -1.780056963434575978e+00 -1.924675755686725109e+00 -1.780619091885841776e+00
-1.513485215956014152e+00 -1.527676177238200150e+00 -4.828315808985374602e+00 -1.506838884723670891e+00
0.000000000000000000e+00 0.000000000000000000e+00 0.000000000000000000e+00 0.000000000000000000e+00
-4.249526823515004104e+00 -1.069403195028129527e+00 -1.187551040910008071e+00 -1.097849242819683546e+00
-1.144169249182223957e+00 -3.856160377251949711e+00 -9.265179197857540405e-01 -1.108165297189828813e+00
-6.342015415588131422e-01 -5.841802265085609402e-01 -5.411346442495276188e-01 -3.729067085835499729e+00
-5.814633709860546062e-01 -4.149288293456538934e-01 -5.150275614517375589e-01 -6.589165421541929302e-01
-5.022851610843440673e-01 4.340497751773153556e-02 -4.709251314984799208e+00 -6.340442967393261631e-01
0.000000000000000000e+00 0.000000000000000000e+00 0.000000000000000000e+00 0.000000000000000000e+00
-4.997180395633019856e+00 9.999999999999995559e-01 5.289829539498434041e-01 3.989124503265729094e-01
-1.814880670052600564e+00 -1.816579502457045692e+00 -1.807957122996364907e+00 -1.815958675165169511e+00
-1.761789031677998274e+00 -1.791996748532363792e+00 -1.763516586290744925e+00 -2.342920958965114320e+00
-1.796102726414628092e+00 -1.951975834281616917e+00 -1.761248459409795020e+00 -4.709251314984799208e+00
-1.923388805101324150e+00 -1.843308277765980829e+00 -1.826846118821060072e+00 -2.020457250442817987e+00
-1.822422654310037249e+00 -1.815268586449364729e+00 -1.816910383877115898e+00 -1.823964578981912332e+00
-1.797837158185423556e+00 -1.800169891819103807e+00 -1.794316660451152456e+00 -1.802921381684106095e+00
-1.766267310139591151e+00 -1.760720388706634498e+00 -1.721947391000996808e+00 -1.750184165119116342e+00
-1.722188591064955698e+00 -1.740584297687943982e+00 -1.658504874707893872e+00 -1.882315921085861321e+00
-1.652650382367740756e+00 -1.848674497436488373e+00 -1.874410761244763801e+00 -4.249526823515004104e+00
-1.569993186497218751e+00 -1.804195881722937767e+00 -4.249526823515004104e+00 -1.589354751744323169e+00
0.000000000000000000e+00 0.000000000000000000e+00 0.000000000000000000e+00 0.000000000000000000e+00
-3.430947019550000032e+00 -6.174241744164434831e-01 -3.922715285209086300e-01 -4.516417954005566004e-01
-4.883318782854865758e-01 -4.921165888614708606e-01 1.866574328547497552e-02 -4.788952338891585003e-01
-4.919529065012499536e-01 -2.721578793363220727e-01 2.010744124084837825e-01 -4.616114426004841453e-01
-1.187694136962953728e-02 6.441460999170541823e-01 9.999999999142268337e-01 -4.641051006154073733e+00
0.000000000000000000e+00 0.000000000000000000e+00 0.000000000000000000e+00 0.000000000000000000e+00
