-2.999596437256762282e+00 -3.049199519695095617e+00 -2.991932769034563844e+00 -3.005329965471451370e+00
-3.035570914655704833e+00 -2.915349259409526717e+00 -2.911740192431745200e+00 -2.950140915541432207e+00
-2.877851527175310675e+00 -2.848417025961319737e+00 -2.841660674330792169e+00 -2.868048702053505483e+00
-2.839832383674233629e+00 -2.766976997137502448e+00 -2.766385040476924573e+00 -2.794677331842928325e+00
-2.711034901566335087e+00 -2.696355742512060782e+00 -2.702430381756388833e+00 -2.708865502956313787e+00
-2.545513437326434758e+00 -2.544483203662975868e+00 -4.999691481740414112e+00 -2.770689480266796068e+00
0.000000000000000000e+00 0.000000000000000000e+00 0.000000000000000000e+00 0.000000000000000000e+00
-4.860935805278153943e+00 -2.143845652957912851e+00 -2.117382316147739640e+00 -2.113257057721098064e+00
-2.359996492900280796e+00 -2.177771380690499026e+00 -2.180130736391464374e+00 -2.189434264898280524e+00
-2.141587993111151889e+00 -2.172312678120120299e+00 -2.135063782563335621e+00 -2.144543989975355114e+00
-2.079450440205786954e+00 -2.082717647625337509e+00 -2.078653200635971476e+00 -2.093194908171023716e+00
-2.026507558166857237e+00 -2.015606704930588577e+00 -2.015669016067226593e+00 -2.027042686824606754e+00
-1.966569719456754406e+00 -1.962734100765640477e+00 -1.960272895939370930e+00 -1.961587364822856561e+00
-1.909469182611011950e+00 -1.905929511465277004e+00 -1.904400572076185849e+00 -1.903527336335558484e+00
-1.859419197552897085e+00 -1.851503229443912879e+00 -1.846477864089526966e+00 -1.854181385124766601e+00
-1.802940731935952723e+00 -1.805480615542424561e+00 -1.802173445016173714e+00 -1.812237642539451077e+00
-1.775368169526915452e+00 -1.762996686496989485e+00 -1.761536829469401377e+00 -1.763698758294411251e+00
-1.734244856482772601e+00 -1.726068332163561925e+00 -1.729803323220504341e+00 -1.726084197073053161e+00
-1.706208906713113205e+00 -1.711932161960318499e+00 -1.699977075341484012e+00 -1.699687563963232950e+00
-1.691545797329804701e+00 -1.695318711786092614e+00 -1.689553906912170111e+00 -1.701313784450107836e+00
-3.143446539507817050e+00 -4.999998036995362050e+00 -2.833023570268165869e+00 -2.848919765600236076e+00
-2.987333337207788819e+00 -4.999999999346338875e+00 -2.841901141635605477e+00 -2.854002925424226067e+00
-2.889427311056937064e+00 -2.807225898046586732e+00 -2.768652310757085733e+00 -2.789042579014032519e+00
-2.794706825799105232e+00 -2.702809072735041340e+00 -2.700142001436746320e+00 -2.763943268489058802e+00
-2.646401009629798295e+00 -2.637574924684568778e+00 -2.632246511086874907e+00 -2.687508699319189898e+00
-2.577141068635001364e+00 -2.549170258591124671e+00 -3.075483906065791473e+00 -2.649339502581158357e+00
-2.271693056844071190e+00 -2.290521543341503818e+00 -2.270246249397804394e+00 -4.992722108285346572e+00
-2.486845673816841185e+00 -2.289213352774512877e+00 -2.287467320960115735e+00 -2.317897857988273635e+00
-2.248501165222370979e+00 -2.251872855671173568e+00 -2.241718718275473421e+00 -2.241596685305454084e+00
-2.201487122965095633e+00 -2.189312426730137151e+00 -2.179461666071049741e+00 -2.182663095779549867e+00
-2.130749869784540618e+00 -2.105605815685618776e+00 -2.427462154896583790e+00 -2.130506228303390426e+00
-1.978002662523238087e+00 -4.917883983658696501e+00 -1.973119111514870960e+00 -1.977422780585995188e+00
-2.040164667090919259e+00 -2.103135656237426598e+00 -1.952191051987233417e+00 -1.957686718290002625e+00
-1.865139916794027020e+00 -2.011991016614758987e+00 -1.864872368371079281e+00 -1.867780446695158636e+00
-1.826008157152094746e+00 -1.823381367887528359e+00 -1.817192516570155458e+00 -1.824616288407028719e+00
-1.780831825132602075e+00 -1.777648993015418011e+00 -1.779307008373884003e+00 -1.786787887679462283e+00
-1.748568362724495451e+00 -1.748604279336837264e+00 -1.745499193344235200e+00 -1.749199217531923090e+00
-1.718428954503838257e+00 -1.715392661335552571e+00 -1.718743605513508799e+00 -1.710906848956574633e+00
-1.700562422454070743e+00 -1.693207913741454629e+00 -1.695404408504147531e+00 -1.696898173702787727e+00
-1.680480977475403259e+00 -1.686044480617468588e+00 -1.690236224723124181e+00 -1.685873127779918823e+00
0.000000000000000000e+00 0.000000000000000000e+00 0.000000000000000000e+00 0.000000000000000000e+00
0.000000000000000000e+00 0.000000000000000000e+00 0.000000000000000000e+00 0.000000000000000000e+00
-4.999991419231335499e+00 -2.526781906995106741e+00 -2.543012344603792219e+00 -2.537631101766735675e+00
-2.696059829314299883e+00 -2.620439972870129086e+00 -2.617822639198871926e+00 -2.680738463952287098e+00
-2.597945135579588616e+00 -2.546393655156385272e+00 -2.546470878148769046e+00 -2.650840534863914133e+00
-2.489538295945081359e+00 -2.473693635327592677e+00 -2.488599238731202146e+00 -2.515258944334397118e+00
-2.450839887400241057e+00 -2.397204100618354428e+00 -2.397913688915681352e+00 -2.626417369026892601e+00
-2.343685843696901916e+00 -2.330035574762495010e+00 -2.329084628374666899e+00 -2.327504508869096433e+00
-2.276088253219650692e+00 -2.273351012018244965e+00 -2.276129076103843296e+00 -2.273844607241548577e+00
-2.228349242260931007e+00 -2.213920585182258094e+00 -2.250336096750095383e+00 -2.217692331092290914e+00
-2.074874085778759092e+00 -2.055698937723176023e+00 -4.874842224750338460e+00 -2.060241597487577181e+00
0.000000000000000000e+00 0.000000000000000000e+00 0.000000000000000000e+00 0.000000000000000000e+00
-4.676945905538666182e+00 -2.089138476214525753e+00 -1.862200120536942949e+00 -1.862249102002739631e+00
-1.784322464203192071e+00 -4.676945905538666182e+00 -1.774243522935111450e+00 -1.796207533833150016e+00
-2.058218497439976868e+00 -1.977317848968640934e+00 -1.788736162377798422e+00 -1.793128220944357087e+00
-1.750938598307236971e+00 -1.743589328725215992e+00 -1.746598037889129040e+00 -1.746863879349426218e+00
-1.718488522028850829e+00 -1.718727337387151000e+00 -1.720768983921694639e+00 -1.724679252400354024e+00
-1.686237130986343757e+00 -1.672187902517569214e+00 -1.690700087045769351e+00 -1.691149250520350478e+00
-1.664371494175546085e+00 -1.677662353675939411e+00 -1.670465296927024168e+00 -1.667454285116694690e+00
-1.661543137027701622e+00 -1.666357741515149149e+00 -1.673476430735765019e+00 -1.663341005598957034e+00
-2.387833791761479141e+00 -2.389615317349373047e+00 -2.414813196956294483e+00 -4.828315808985374602e+00
-2.576203887582687813e+00 -2.463535204294914571e+00 -2.465666513243110369e+00 -4.940137424087190254e+00
-2.496989965919633292e+00 -2.495508543671929313e+00 -2.494711448920811314e+00 -2.498247039596525720e+00
-2.541661945750431251e+00 -2.541186930693864809e+00 -2.541414743420605582e+00 -2.605737505739229576e+00
-2.503608986807972059e+00 -2.476552126120002306e+00 -2.475028372966733947e+00 -2.485065303547106197e+00
-2.451931548534301175e+00 -2.397486622637599041e+00 -2.402692299246730112e+00 -2.408996230793687854e+00
-2.375085857663960187e+00 -2.329880898684181911e+00 -2.331833664195499534e+00 -2.344586549569995348e+00
-2.296794934992691051e+00 -2.263693199506080500e+00 -2.275182108265058289e+00 -2.279051383870653869e+00
-2.283082255121158255e+00 -2.337653853108798252e+00 -2.309884150118872714e+00 -2.277772630173497070e+00
-2.172850647201985730e+00 -4.908759981842996112e+00 -2.123230973090797225e+00 -2.170736028167783438e+00
-2.350812616715860504e+00 -1.985561311244038230e+00 -2.238175529038795464e+00 -2.149267588108918492e+00
-2.107858958809099903e+00 -3.856160377251949711e+00 -2.197018431392902205e+00 -3.856160377251949711e+00
-1.830426898631736909e+00 -1.727360386364594547e+00 -4.601167784615637579e+00 -1.817654627473452189e+00
0.000000000000000000e+00 0.000000000000000000e+00 0.000000000000000000e+00 0.000000000000000000e+00
-4.601167784615637579e+00 -1.640595843673445797e+00 -1.651843363341887860e+00 -1.661954482714462555e+00
-1.691019066931326309e+00 -1.709641142909230416e+00 -1.691792226344893679e+00 -1.694252586108741410e+00
-1.666083610846452290e+00 -4.507614548908194685e+00 -1.645543411773185305e+00 -1.657036422185500069e+00
-1.673470920086800318e+00 -1.558714701129997326e+00 -1.656657789737524977e+00 -1.683889145591787706e+00
-1.635505494988106046e+00 -1.643349381383349295e+00 -1.641126579539466723e+00 -1.643335417339048199e+00
-1.638969787076880458e+00 -1.632598790975273495e+00 -1.637739119528808240e+00 -1.640147428499707516e+00
-2.407450227211321181e+00 -2.400689812233656184e+00 -2.400222182406150484e+00 -2.396215727046519195e+00
-2.424464205588749088e+00 -2.425551251354577609e+00 -2.430424975120290210e+00 -2.434739604628872733e+00
-2.450217086912144016e+00 -2.446570138672520489e+00 -2.454582521945414708e+00 -2.451686105441400088e+00
-2.471389492289548073e+00 -2.471537141678746607e+00 -2.468852503314201474e+00 -2.496200400629673855e+00
-2.430144021951710087e+00 -2.400917966814025029e+00 -2.399365672104348146e+00 -2.422989402499676981e+00
-2.350905726836293841e+00 -2.329794148772025064e+00 -2.328697762527947468e+00 -2.379696172476450045e+00
-2.273084811542385175e+00 -2.243974409139150250e+00 -2.266006265441003364e+00 -2.281987101877005486e+00
-2.223204787591358755e+00 -2.147678868016578146e+00 -2.345028085668416473e+00 -2.223327599450261260e+00
-2.080526251456562115e+00 -2.057980928468463144e+00 -4.971367915514887770e+00 -2.068853322818715146e+00
0.000000000000000000e+00 0.000000000000000000e+00 0.000000000000000000e+00 0.000000000000000000e+00
-4.507614548908194685e+00 -1.883910899455653709e+00 -3.587852317594999896e+00 -1.910972758647284220e+00
0.000000000000000000e+00 0.000000000000000000e+00 0.000000000000000000e+00 0.000000000000000000e+00
-3.856160377251949711e+00 -1.618813677528307515e+00 -1.745503954773250932e+00 -1.620607979751337968e+00
-1.491213671928615758e+00 -1.483426491263980740e+00 -1.459095318431150590e+00 -4.556853094017375483e+00
-1.568938691271605901e+00 -1.571743676822277003e+00 -1.698735059303587924e+00 -1.648650981885507960e+00
-1.467334959257152960e+00 -1.460361127986748997e+00 -4.392116727047153724e+00 -1.481465178060312748e+00
0.000000000000000000e+00 0.000000000000000000e+00 0.000000000000000000e+00 0.000000000000000000e+00
-4.709251314984799208e+00 -1.510866660444214693e+00 -1.519382927259331550e+00 -1.519957147169474609e+00
-2.071039264310595041e+00 -1.571563602890478251e+00 -1.580363893539995956e+00 -1.571244117434858811e+00
-1.596386337519550391e+00 -1.597010415744439360e+00 -1.610666243130103537e+00 -1.607054161028852013e+00
-2.382921616376839413e+00 -2.385191280749535458e+00 -2.375744075710414904e+00 -2.380721548118327924e+00
-2.386798066961591136e+00 -2.388176664822714290e+00 -2.394654284990164861e+00 -2.388621857933459935e+00
-2.400478027608268228e+00 -2.395934106231156324e+00 -2.399498763095544884e+00 -2.407474920609022906e+00
-2.406275666312562844e+00 -2.395334534482639555e+00 -2.394928057839337932e+00 -2.435853242848149858e+00
-2.342770841152634897e+00 -2.332829577134709620e+00 -2.317366912203151053e+00 -2.338091700794032501e+00
-2.313978979756811327e+00 -2.309559991113599775e+00 -2.231892877626817651e+00 -2.297673337371819891e+00
-2.263064335210009048e+00 -2.356314512942195627e+00 -2.140462103929264170e+00 -2.231937805237540040e+00
-2.217225586071058352e+00 -2.039981344993130996e+00 -2.091827485462481651e+00 -2.193889680415006538e+00
-2.036685219696908078e+00 -1.964410360826948088e+00 -2.115639030786711672e+00 -2.239773635885232483e+00
-1.898181203333622280e+00 -1.869163962153702618e+00 -1.868766124035286413e+00 -4.908759981842996112e+00
-2.095248204749469156e+00 -1.775961281138572545e+00 -2.022737201292016174e+00 -1.994604038092988141e+00
-1.660373341063883901e+00 -1.602863443075649652e+00 -1.603187485425185299e+00 -4.641051006154073733e+00
-1.606961959473789614e+00 -1.596108488116888102e+00 -1.595345455112232358e+00 -1.592991270274048521e+00
-1.552493764992268988e+00 -1.532500931628423713e+00 -1.539670473455245325e+00 -1.769281793676844128e+00
-1.513395969787515005e+00 -1.490060799112353340e+00 -1.498564076118798827e+00 -1.510965650826978202e+00
-1.465249313664186648e+00 -1.455644506795166437e+00 -1.518216422817582734e+00 -1.455432652789885317e+00
-1.438471881420687382e+00 -1.434737562314532644e+00 -1.434064336907908910e+00 -4.507614548908194685e+00
-1.477466998259673758e+00 -1.476862649219000234e+00 -1.475718444546367580e+00 -1.484135619940804673e+00
-1.513452583841967236e+00 -1.514521464029458864e+00 -1.518028139418409417e+00 -1.519799850184085033e+00
-1.551517658301750924e+00 -1.727567022929849427e+00 -1.551040688138680901e+00 -1.550280012808879393e+00
-2.353402206489867865e+00 -2.353101110759261871e+00 -2.357616284364977055e+00 -2.360013612460226895e+00
-2.354378429666867945e+00 -2.350472173273412402e+00 -2.348251191025198636e+00 -2.353902872328316409e+00
-2.345874920405408126e+00 -2.344993502520130502e+00 -2.343229104010282615e+00 -2.351200032581282073e+00
-2.337602928618799147e+00 -2.327155120942985267e+00 -2.325574070473059862e+00 -2.339824829555793961e+00
-2.275376482770787856e+00 -2.272702197683708736e+00 -2.278983099134662460e+00 -2.284317385266405154e+00
-2.288376153375172528e+00 -2.486126117426977533e+00 -2.310211424206577213e+00 -2.285915426507552528e+00
-2.111076730955095293e+00 -4.981214489369317988e+00 -2.085577219447440012e+00 -2.120588358983990673e+00
-2.146961394669633982e+00 -1.979776307688477788e+00 -1.930158905481134557e+00 -2.123911180517331854e+00
-2.040956568562754647e+00 -1.919274505866876757e+00 -1.844831263143632993e+00 -2.045962198242223362e+00
-1.939810146829084481e+00 -1.837010674075752803e+00 -1.765035991559613215e+00 -1.910617220140368611e+00
-1.865107422928115710e+00 -1.745437800686047147e+00 -1.678566713754463535e+00 -1.853167926796561726e+00
-1.765930946831937520e+00 -1.589159442367121589e+00 -1.643708713866872451e+00 -1.706656873141652930e+00
-1.618603362620016473e+00 -1.574845713736652719e+00 -1.513215833437364433e+00 -1.588591064557667965e+00
-1.506060157179259562e+00 -1.375439162023465611e+00 -1.494503222750199978e+00 -1.511688178289468887e+00
-1.446017925568399365e+00 -1.397477136149586796e+00 -1.432764071874997436e+00 -1.433163974762158510e+00
-1.382071573910217177e+00 -1.376525217862157646e+00 -1.430887911473014862e+00 -1.403776609497737970e+00
-1.381283832226757324e+00 -1.383287307554044832e+00 -1.397991531165601931e+00 -1.748422299600196794e+00
-1.424898371237955930e+00 -1.447369084475087497e+00 -1.429325261815248549e+00 -1.427707010194350090e+00
-1.467022536162141177e+00 -1.481499467494389322e+00 -1.467172510132177976e+00 -1.467406543670115360e+00
-1.457471819750835618e+00 -4.324574141163504137e+00 -1.570092412775393242e+00 -1.463144533617230625e+00
-2.327972911397851341e+00 -2.324384204621960937e+00 -2.324503346542990290e+00 -2.326415524994851936e+00
-2.315430428209708680e+00 -2.309770329647181430e+00 -2.311980991404620323e+00 -2.312841078501540526e+00
-2.299388063910079438e+00 -2.290341291170931548e+00 -2.292369613432464703e+00 -2.298659920570421900e+00
-2.269760789117457822e+00 -2.259821058729664767e+00 -2.260986806516210645e+00 -2.264494581524001848e+00
-2.214398666140416250e+00 -2.196080532682426867e+00 -2.300975549063851933e+00 -2.213222179045506444e+00
-2.066948109108818432e+00 -2.047439364980964793e+00 -4.981214489369317988e+00 -2.063084269292926543e+00
0.000000000000000000e+00 0.000000000000000000e+00 0.000000000000000000e+00 0.000000000000000000e+00
-4.917883983658696501e+00 -1.866330613401273153e+00 -1.855883325890749003e+00 -1.887527792052158038e+00
-1.984638238635597407e+00 -1.830181865564905808e+00 -1.823590700982077983e+00 -1.884060817204316729e+00
-1.848466899641536543e+00 -1.726383022883531515e+00 -1.747131387705691319e+00 -1.822019113933409429e+00
-1.767691905623150150e+00 -1.659904749383356304e+00 -1.613052484215692139e+00 -1.715637956926443053e+00
-1.676341714862180421e+00 -1.525554142788418943e+00 -1.494561823324903393e+00 -1.678860268393545407e+00
-1.589718777616108802e+00 -1.456294841775886972e+00 -1.383908401902056662e+00 -1.594021568793665633e+00
-1.484591825302741253e+00 -1.262802114218532168e+00 -1.398434358486807305e+00 -1.484369953652726615e+00
-1.380054056563851272e+00 -1.258825807490156157e+00 -1.351016424980992170e+00 -1.409341019336427303e+00
-1.344342554606596352e+00 -1.241720384738278726e+00 -1.306831559722821279e+00 -1.338559781624710121e+00
-1.322528209388879716e+00 -1.319947902454365218e+00 -1.327283850707350110e+00 -1.322293718481079461e+00
-1.354407310009669851e+00 -1.350100326643743465e+00 -1.607252821049894642e+00 -1.356655696509007969e+00
-1.292340016850091811e+00 -1.287944502622867082e+00 -4.507614548908194685e+00 -1.295090931874337992e+00
0.000000000000000000e+00 0.000000000000000000e+00 0.000000000000000000e+00 0.000000000000000000e+00
-2.295234285414754272e+00 -2.357166203826161599e+00 -2.297873154833021125e+00 -2.307724783291024817e+00
-2.269784574851321679e+00 -2.265749226888231327e+00 -2.265459687395130040e+00 -2.272106329071075237e+00
-2.236322159495160555e+00 -2.232585698034085020e+00 -2.238480911385916095e+00 -2.241700966642823811e+00
-2.203623270400161260e+00 -2.189399857326410181e+00 -2.189992655723383308e+00 -2.202395842122520708e+00
-2.134387364534845677e+00 -2.106200481362962673e+00 -2.124094985899354526e+00 -2.171324901867324630e+00
-2.088441733489322605e+00 -2.045202685881390980e+00 -2.271628106953603954e+00 -2.276180135493962364e+00
-1.895574934999805450e+00 -1.889340283642850116e+00 -1.884081485646383669e+00 -4.887358002275304258e+00
-1.941711375151019325e+00 -1.824353868054166217e+00 -1.823568156563610820e+00 -1.839110855638061537e+00
-1.790748060740127379e+00 -1.753920157486754672e+00 -1.744642220548421552e+00 -1.809266809943831378e+00
-1.755095360812566563e+00 -1.672975923497251438e+00 -1.628466762547680968e+00 -1.740810622763128146e+00
-1.690121747085843396e+00 -1.568048029065630011e+00 -1.533634074610096265e+00 -1.696677569196760604e+00
-1.617831107114548361e+00 -1.507251403228887066e+00 -1.387940961838486142e+00 -1.574249482747941631e+00
-1.508230944888240943e+00 -1.377649311940822852e+00 -1.256167859647141949e+00 -1.518487998549979734e+00
-1.405223795515607943e+00 -1.114125028484626467e+00 -1.230962978363079996e+00 -1.432850210518996859e+00
-1.357431379669867599e+00 -1.051230226212580332e+00 -1.279626932560895547e+00 -1.309363501790181239e+00
-1.283719408985126487e+00 -1.046953723759266319e+00 -1.249721501160640180e+00 -1.304641588448605116e+00
-1.251628185936065618e+00 -1.222378084590916458e+00 -1.255084880607377773e+00 -1.281611225259872366e+00
-1.286147896401460766e+00 -1.287128240260765111e+00 -1.285894145900661867e+00 -1.291171069835404861e+00
-1.286092767068718112e+00 -1.283052653595960102e+00 -1.343068431838557064e+00 -1.612378869502819612e+00
-1.063583416068890619e+00 -1.054693044800126822e+00 -1.053601581773457196e+00 -3.970544339526754563e+00
-2.205068951301055957e+00 -4.845484228086837319e+00 -2.205832263992535847e+00 -2.208329616036052379e+00
-2.455494329232512207e+00 -2.360534836407288672e+00 -2.221270765426890836e+00 -2.224896685191387835e+00
-2.215361707518485268e+00 -2.178445512255602345e+00 -2.179082371108640448e+00 -2.186676660435979525e+00
-2.129799234649822903e+00 -2.121686524641404947e+00 -2.112715446826121113e+00 -2.147576536897476185e+00
-2.071842140741698035e+00 -2.065721799757427313e+00 -2.016868173464642755e+00 -2.086929029903195509e+00
-2.038189601699932130e+00 -1.991656116906910912e+00 -1.927635898403864623e+00 -2.024773190992390504e+00
-1.964216763221195095e+00 -1.960051432203618216e+00 -1.836101923625093502e+00 -1.897194693151329714e+00
-1.880277013540530229e+00 -1.816108094835438003e+00 -1.722019392385268022e+00 -1.828296529517933200e+00
-1.768474703197420839e+00 -1.743936726479291988e+00 -1.620154731098388368e+00 -1.763800708113123727e+00
-1.684438101630720386e+00 -1.668162432177572985e+00 -1.528353403101908814e+00 -1.672099628265451665e+00
-1.615445281963448609e+00 -1.604204476774388599e+00 -1.459471302452676644e+00 -1.594840839326657544e+00
-1.540403612165810010e+00 -1.558457076249689877e+00 -1.293968003624087260e+00 -1.520445737612507120e+00
-1.425032395837154464e+00 -1.479018693499916104e+00 -1.141812636442847584e+00 -1.436459621720841628e+00
-1.317962462321013106e+00 -1.132034374003016985e+00 -9.818704586431651338e-01 -1.304618282845125599e+00
-1.241388054549317665e+00 -8.877871014423746043e-01 -1.019361388526338175e+00 -1.226228658587685372e+00
-1.191344051687947880e+00 -8.431799245788982322e-01 -1.179333806516350558e+00 -1.170258180823342098e+00
-1.164642134345465596e+00 -1.046641349425345480e+00 -1.183618150803178004e+00 -1.204040644375839797e+00
-1.219040423321944511e+00 -1.211798402712572331e+00 -1.229452099499385387e+00 -1.219409395493749937e+00
-1.251725348059679055e+00 -1.381653068522253225e+00 -1.456760029744408769e+00 -1.271347706285899326e+00
-1.199612606151003513e+00 -3.970544339526754563e+00 -1.246859358996920575e+00 -1.289492286814583277e+00
0.000000000000000000e+00 0.000000000000000000e+00 0.000000000000000000e+00 0.000000000000000000e+00
-4.926095585292826762e+00 -2.024319672625912947e+00 -2.030118422070855910e+00 -2.043293704896913976e+00
-2.247560348009066455e+00 -2.060362353016467196e+00 -2.077705728958942455e+00 -2.080607954668615367e+00
-2.081523313776272754e+00 -2.084920255186598848e+00 -2.082808519952214610e+00 -2.085876943777492443e+00
-2.053489093275107535e+00 -2.040190991836906331e+00 -2.044864931742792713e+00 -2.041465004198363076e+00
-2.019857784673086520e+00 -2.055865965512391647e+00 -2.104339685462969456e+00 -2.016453037521096281e+00
-1.848672982620296334e+00 -4.845484228086837319e+00 -1.804321646859458506e+00 -1.810872820839755315e+00
-1.781732420898943126e+00 -1.811686325918769658e+00 -1.759193699355183771e+00 -1.766224295731978478e+00
-1.700559582006761161e+00 -1.697137638293316542e+00 -1.698157025414764654e+00 -1.710208200061730022e+00
-1.648586709076324208e+00 -1.647892678576812431e+00 -1.649721946783547555e+00 -1.637315467346671216e+00
-1.621547710070126325e+00 -1.603300393965805259e+00 -1.603278132002148748e+00 -1.608012501612260392e+00
-1.561792970837562189e+00 -1.558731450526399165e+00 -1.562938602775544972e+00 -1.524549652667663180e+00
-1.317167283052018245e+00 -4.556853094017375483e+00 -1.138866785420998617e+00 -1.316965179784201245e+00
-1.468167558984943222e+00 -1.132954946655363004e+00 -9.104859607165142199e-01 -1.248035863081813801e+00
-1.130800353877724707e+00 -9.131325924769466695e-01 -7.970545570316172057e-01 -1.100262435269757422e+00
-1.019450808498676642e+00 -6.337711788916399192e-01 -1.046945399893962847e+00 -1.013655691115767699e+00
-9.049247958786195145e-01 -1.093845931666566074e+00 -1.137740683881784065e+00 -1.120819411763694928e+00
-1.072412892084272595e+00 -1.250493735958966290e+00 -1.164141769306771490e+00 -1.172164950823144425e+00
-9.832227398932484874e-01 -3.856160377251949711e+00 -2.847663950000000277e+00 -9.701617015897313623e-01
0.000000000000000000e+00 0.000000000000000000e+00 0.000000000000000000e+00 0.000000000000000000e+00
-1.988829728920638695e+00 -1.941317215362398985e+00 -1.939082332612404702e+00 -4.641051006154073733e+00
-2.210418920945931287e+00 -1.986979139599157396e+00 -1.992232820246038871e+00 -2.183990301289969516e+00
-2.035634309493512095e+00 -1.945547326951395428e+00 -2.023668845637383917e+00 -2.029560608068661232e+00
-2.009368462284629953e+00 -2.143160092728454202e+00 -2.004284839801234952e+00 -2.015985551949611043e+00
-2.009719716709180481e+00 -2.010880745470820852e+00 -1.946623386632541308e+00 -2.019072635397366700e+00
-1.844326577311482529e+00 -1.749518636395723581e+00 -4.874842224750338460e+00 -1.858656385037488645e+00
0.000000000000000000e+00 0.000000000000000000e+00 0.000000000000000000e+00 0.000000000000000000e+00
-4.845484228086837319e+00 -1.550696558155777227e+00 -1.558649591232950105e+00 -1.574018461946813385e+00
-1.751270739126943976e+00 -1.644906244029867182e+00 -1.645092558193369303e+00 -1.646339166214289218e+00
-1.650297834888486470e+00 -1.635438438494793978e+00 -1.915782867229773423e+00 -1.644187969347259193e+00
-1.601651125986285340e+00 -4.676945905538666182e+00 -1.593255932334421532e+00 -1.592852097759738239e+00
-1.668675923777032999e+00 -1.569115793691780336e+00 -4.166140915016670832e+00 -1.554600652262565941e+00
0.000000000000000000e+00 0.000000000000000000e+00 0.000000000000000000e+00 0.000000000000000000e+00
-4.392116727047153724e+00 -8.667369765930068581e-01 -1.004224921980857888e+00 -1.054865631215540001e+00
-1.212499127501620144e+00 -6.287983915357948650e-01 -7.758615775410331317e-01 -1.040546965941730351e+00
-9.605282344753399704e-01 -4.211179124581181932e-01 -1.019384406648600194e+00 -9.159984911450828049e-01
-7.575844770887980584e-01 -1.133358442887354212e+00 -1.365914982384160758e+00 -1.049991859056393251e+00
-1.054214995486825623e+00 -3.856160377251949711e+00 -2.608515500000000209e+00 -1.086288226849305483e+00
0.000000000000000000e+00 0.000000000000000000e+00 0.000000000000000000e+00 0.000000000000000000e+00
-1.354999999999999982e+00 -1.132768895857367286e-01 -2.056222766165643201e-01 -1.354999999999999982e+00
-1.954398127023002640e+00 -1.937715857201190106e+00 -1.943114259919487719e+00 -1.944936512775360837e+00
-1.958088188444201405e+00 -1.920202715244347491e+00 -1.958377785296276929e+00 -1.955010925188962911e+00
-1.977631321226702488e+00 -1.850169391749785230e+00 -2.070290576515497083e+00 -1.974201473548728325e+00
-1.870632027746191861e+00 -4.828315808985374602e+00 -1.876004154595973361e+00 -1.856987003009169745e+00
-2.084900738959886812e+00 -2.170249180683367918e+00 -2.017221855966915278e+00 -2.008363383145751246e+00
-1.731225592107464184e+00 -4.556853094017375483e+00 -1.663500900175033603e+00 -1.740467676073294223e+00
-1.602994532836865327e+00 -1.876843770663228605e+00 -1.601450770166247706e+00 -4.324574141163504137e+00
-1.579012928118557646e+00 -1.573900850379756244e+00 -1.575581373551567355e+00 -1.574023208605964674e+00
-1.596720949805581657e+00 -1.586409238826615997e+00 -1.599189083819922308e+00 -1.604229763149682686e+00
-1.611189564985811229e+00 -1.808725017411145997e+00 -4.507614548908194685e+00 -1.608679996305615978e+00
0.000000000000000000e+00 0.000000000000000000e+00 0.000000000000000000e+00 0.000000000000000000e+00
-2.047550000000000203e+00 -3.729067085835499729e+00 -1.761461295756251877e+00 -1.707855538668011430e+00
-9.500215926941820710e-01 -3.062897555000000160e+00 -9.558666600894870635e-01 -3.587852317594999896e+00
-1.098193152253620575e+00 -1.231354634628629707e+00 -6.596620672731213775e-01 -9.914198009490580166e-01
-8.692666226654687245e-01 -7.115872250172403657e-01 -5.636683558880846157e-01 -9.096362471365173619e-01
-7.699129166657556755e-01 -3.859091791563839524e-01 -7.722021919444436167e-01 -7.347172957292325002e-01
-6.070509029434553172e-01 -7.846431847277873795e-01 -3.970544339526754563e+00 -8.796455178628630467e-01
0.000000000000000000e+00 0.000000000000000000e+00 0.000000000000000000e+00 0.000000000000000000e+00
-1.719500000000000028e+00 -1.420701174405857026e-01 -1.237547664661072938e-01 -9.499999999999999556e-01
-1.654981513319330466e-01 -1.723781525680710969e-01 -1.771468197461840144e-01 -2.185595762932903696e-01
-2.033908493493002734e+00 -4.676945905538666182e+00 -1.845753222420319251e+00 -1.887386600617063204e+00
-2.238428221442056998e+00 -1.898119841110266881e+00 -1.964163286661684715e+00 -1.901415334566896931e+00
-1.847270490431949685e+00 -1.965397830126769385e+00 -4.809239787761526941e+00 -1.835304630741615428e+00
0.000000000000000000e+00 0.000000000000000000e+00 0.000000000000000000e+00 0.000000000000000000e+00
-3.970544339526754563e+00 -1.640759316504923238e+00 -4.392116727047153724e+00 -1.707798209738155437e+00
0.000000000000000000e+00 0.000000000000000000e+00 0.000000000000000000e+00 0.000000000000000000e+00
-4.249526823515004104e+00 -1.495144965122870762e+00 -1.389207840497353352e+00 -1.412231368113639585e+00
-1.586123450949169289e+00 -1.525860952779582780e+00 -1.529407410320313243e+00 -1.526970139207625810e+00
-1.476493888597243842e+00 -1.473537296184221024e+00 -1.737761650747889242e+00 -1.487167539966800067e+00
-1.396719017233487570e+00 -1.386201854681603951e+00 -4.507614548908194685e+00 -1.396057784214798092e+00
0.000000000000000000e+00 0.000000000000000000e+00 0.000000000000000000e+00 0.000000000000000000e+00
0.000000000000000000e+00 0.000000000000000000e+00 0.000000000000000000e+00 0.000000000000000000e+00
0.000000000000000000e+00 0.000000000000000000e+00 0.000000000000000000e+00 0.000000000000000000e+00
-4.452905054342438440e+00 -9.107419685526551012e-01 -8.130457778611734909e-01 -8.893476063766763140e-01
-1.158434663420052413e+00 -1.402698788012898934e+00 -4.013519901342997298e-01 -8.930150883760836766e-01
-6.202423888553093567e-01 -2.372780016093501976e-01 -6.902629388001367827e-01 -5.897081342912375845e-01
-5.689156475683335712e-01 -9.172726910443966541e-02 -4.556853094017375483e+00 -7.495257961007506520e-01
0.000000000000000000e+00 0.000000000000000000e+00 0.000000000000000000e+00 0.000000000000000000e+00
-9.499999999999999556e-01 -2.262740888039873888e-01 -2.389002304990648085e-01 -2.723008239654181040e-01
-2.054406773168016287e-01 -2.065182503140705617e-01 -2.159869596127640401e-01 -2.100104379433955781e-01
0.000000000000000000e+00 0.000000000000000000e+00 0.000000000000000000e+00 0.000000000000000000e+00
-4.641051006154073733e+00 -1.787398035194833312e+00 -1.884945336107188618e+00 -1.885474388226051401e+00
-1.886840168262211126e+00 -1.897249507978669536e+00 -4.507614548908194685e+00 -2.018154584594046064e+00
0.000000000000000000e+00 0.000000000000000000e+00 0.000000000000000000e+00 0.000000000000000000e+00
-3.970544339526754563e+00 -1.110126835166876269e+00 -1.507296663866189323e+00 -1.437379882286458077e+00
-1.132911253451747591e+00 -1.354762183402278941e+00 -1.128723765991459960e+00 -4.073489905574079195e+00
-1.383272260872233872e+00 -4.073489905574079195e+00 -1.322458875769453979e+00 -1.332202543941086503e+00
-1.599091578602234387e+00 -1.539175987260638978e+00 -1.466890690748549719e+00 -1.467076814510628768e+00
-1.420508806390054168e+00 -1.410391802182421106e+00 -1.412473690465410270e+00 -1.428059435205652594e+00
-1.365386368193736599e+00 -1.370478256186366428e+00 -1.574373569962547625e+00 -1.363652623207445513e+00
-1.316399582032526272e+00 -1.293368520574899039e+00 -1.332149403746476501e+00 -4.166140915016670832e+00
-1.358162655808557773e+00 -1.110965797247517983e+00 -1.118251725134703500e+00 -4.324574141163504137e+00
-1.322773207405210760e+00 -1.202186560661905323e+00 -1.199963173584404963e+00 -3.430947019550000032e+00
-1.387140417399201020e+00 -1.173010260815152472e+00 -1.386503090829291240e+00 -1.316180453494637081e+00
-7.891702828142911352e-01 -4.507614548908194685e+00 -2.670999257235076030e-01 -7.501454124145838787e-01
-5.546228213405665075e-01 -4.010264227892073041e-01 -5.915551657956414494e-02 -4.182065407369051635e-01
-3.458963297769791501e-01 8.616195182215233284e-02 -1.173743326877897813e-01 -4.678587189271523616e-01
-3.330113173017897887e-01 1.752550539529304785e-01 -3.118761620953033331e-01 -3.856160377251949711e+00
-2.916966287223926590e-01 2.616988922618940921e-02 -2.509045208806821026e-01 -2.666419586205237002e-01
-2.092990274674930429e-01 -6.460500713660893846e-02 -2.091802763112849961e-01 -2.046030054956021471e-01
-1.875147672649305708e+00 -1.633036630957357405e+00 -1.638846680038333448e+00 -4.073489905574079195e+00
-1.645518476021504695e+00 -4.392116727047153724e+00 -1.654507012140110866e+00 -1.660167167121685772e+00
-1.871418272744741040e+00 -1.787953367088820356e+00 -4.166140915016670832e+00 -1.761009942736919687e+00
0.000000000000000000e+00 0.000000000000000000e+00 0.000000000000000000e+00 0.000000000000000000e+00
-3.856160377251949711e+00 -1.119199269580548162e+00 -1.348154578443777840e+00 -1.136983281380656186e+00
-1.274513628689579292e+00 -1.074942229538698779e+00 -4.073489905574079195e+00 -1.076594143097120870e+00
0.000000000000000000e+00 0.000000000000000000e+00 0.000000000000000000e+00 0.000000000000000000e+00
-4.507614548908194685e+00 -1.247932300359706703e+00 -1.243863457200000910e+00 -1.259234750973017958e+00
-1.569424658973793907e+00 -1.336807536647685701e+00 -1.339668627021650238e+00 -1.341829812780795272e+00
-1.323530618567153150e+00 -1.322563847803617687e+00 -1.320481207679148117e+00 -1.321653597182865125e+00
-1.286554361741251817e+00 -1.281472064811768341e+00 -1.281470517011155330e+00 -1.289190239868697407e+00
-1.259182689055595272e+00 -1.454588428190251248e+00 -1.252260156751430431e+00 -1.708259049547395270e+00
-1.234356818557294844e+00 -1.242291986638369483e+00 -1.309283788812084515e+00 -1.235776868333718248e+00
-1.164722826019651825e+00 -1.172357029252536265e+00 -3.430947019550000032e+00 -1.161112464440520631e+00
0.000000000000000000e+00 0.000000000000000000e+00 0.000000000000000000e+00 0.000000000000000000e+00
-2.847663950000000277e+00 -4.249526823515004104e+00 1.022866191393132645e-02 -5.476567119489368363e-01
-3.578258676881941325e-01 6.730644280777103861e-02 2.122247211001174194e-01 -2.656115239446371623e-01
-2.935443616813888240e-02 3.071904379790721951e-01 2.528214394851155400e-01 -4.625101147408922087e-02
-9.451547276838599687e-02 4.382270736396680633e-01 3.093805427507674219e-02 -2.349046649615266213e-01
-1.532850430320055746e-01 4.354083607654947174e-01 -1.610648579059159868e-01 -1.861438322738210860e-01
-1.679804536686122729e+00 -1.606787839582594524e+00 -3.970544339526754563e+00 -1.625459672641325071e+00
0.000000000000000000e+00 0.000000000000000000e+00 0.000000000000000000e+00 0.000000000000000000e+00
-3.970544339526754563e+00 -1.152437780753303720e+00 -1.154733821182506892e+00 -1.151682758582259103e+00
-1.231288943709861972e+00 -1.193053610440319989e+00 -1.187094018687561592e+00 -4.249526823515004104e+00
-1.506890649580286068e+00 -1.236658399729346547e+00 -1.236509885967022493e+00 -1.265551382776992417e+00
-1.227239912024305823e+00 -1.231918475489917952e+00 -1.230915501548665025e+00 -1.233694134393477526e+00
-1.199014783605514056e+00 -1.203349689348209850e+00 -1.198354652924700670e+00 -4.249526823515004104e+00
-1.512039463868836364e+00 -1.278135190759129403e+00 -1.278989320223283599e+00 -1.647022929056262797e+00
-1.277526545212250397e+00 -1.239505970312120064e+00 -1.283562023074072078e+00 -1.287318664169827542e+00
-1.290395365426978858e+00 -1.311609760066651864e+00 -1.287473792457731747e+00 -1.291610849691917862e+00
-1.278586481839101729e+00 -1.315441092894948705e+00 -1.412094994370215906e+00 -1.264469171813501935e+00
-1.209269420345312707e+00 -4.249526823515004104e+00 -1.182832027575815292e+00 -1.178955226999326866e+00
-1.236756787308041172e+00 -1.360736301239128032e+00 -1.271988775327070886e+00 -1.239775006195943163e+00
-8.090839539528021929e-01 -3.587852317594999896e+00 -2.608515500000000209e+00 -8.399996871950409227e-01
0.000000000000000000e+00 0.000000000000000000e+00 0.000000000000000000e+00 0.000000000000000000e+00
0.000000000000000000e+00 0.000000000000000000e+00 0.000000000000000000e+00 0.000000000000000000e+00
-3.856160377251949711e+00 -1.321713759744601591e-01 3.412624905801008857e-01 -1.583556313635194335e-01
-2.176621894077010455e-03 3.746300151091918051e-01 4.623005767705488656e-01 1.315964230069699981e-01
2.753310375563779999e-01 6.333908119878373100e-01 5.366681298856936788e-01 2.436975310721442578e-01
1.463892546880864176e-01 7.259548495899731391e-01 3.963631886909774193e-02 -3.496886744357771692e-02
-1.619519660583799814e+00 -1.689192955802783391e+00 -1.650412834123433203e+00 -1.613545822468675173e+00
-1.326617710614518497e+00 -3.729067085835499729e+00 -1.334426999586971752e+00 -2.608515500000000209e+00
-1.329545685796574173e+00 -1.403794748036750306e+00 -1.329918969806465290e+00 -1.335060069811307537e+00
-1.293484315741644464e+00 -1.275458416289803498e+00 -1.273158019097423210e+00 -1.436978789429202541e+00
-1.254124372726432624e+00 -1.255514041510953360e+00 -1.260258959686563429e+00 -1.253247021454199528e+00
-1.259245206666731454e+00 -1.405342214493976671e+00 -1.256894966194330054e+00 -1.259902513755871922e+00
-1.263647189316939201e+00 -1.264560045738066352e+00 -1.265415142126434356e+00 -1.320806751298444937e+00
-1.251125865757217070e+00 -1.247843761663536277e+00 -1.241627623938498237e+00 -1.250517697793281924e+00
-1.235511490741992846e+00 -1.315142530060805059e+00 -1.116287723679932009e+00 -1.236729928606961071e+00
-1.060117647783190620e+00 -4.324574141163504137e+00 -9.891874422486470753e-01 -1.057159089211629599e+00
-1.050277599774217752e+00 -8.687718651800089287e-01 -3.970544339526754563e+00 -1.063836868491840004e+00
0.000000000000000000e+00 0.000000000000000000e+00 0.000000000000000000e+00 0.000000000000000000e+00
-3.587852317594999896e+00 -6.180927042581594311e-01 -2.342795000000000183e+00 -6.429590377193212802e-01
0.000000000000000000e+00 0.000000000000000000e+00 0.000000000000000000e+00 0.000000000000000000e+00
-1.719500000000000028e+00 -1.550225633592220431e-01 -1.338280785906895143e-01 -2.047550000000000203e+00
-2.293092363508366371e-01 -1.888427417711916745e-01 4.517635064970543235e-02 -1.719500000000000028e+00
-2.195297804001511977e-01 -1.335364354763804995e-01 3.901139391775572673e-01 -1.421642352794445230e-01
5.853987843033747057e-02 1.089568771572382577e-01 5.788515227112385197e-01 1.049689430282707836e-01
4.190827270338258193e-01 5.309095940125199142e-01 7.569899294057362837e-01 3.321941406337692304e-01
5.584930163242107781e-01 8.778487734076316773e-01 7.384251150996020696e-01 4.584657800353403312e-01
-1.243371637791164108e+00 -1.237203420789017461e+00 -4.073489905574079195e+00 -1.228152074712010711e+00
0.000000000000000000e+00 0.000000000000000000e+00 0.000000000000000000e+00 0.000000000000000000e+00
-4.073489905574079195e+00 -1.195212009237881068e+00 -1.207500980354429876e+00 -1.218805691048818085e+00
-1.246124710608720099e+00 -1.245982949006239071e+00 -1.252631338172872422e+00 -1.247010140172421622e+00
-1.246261927547235970e+00 -1.269559919347254651e+00 -1.245239773666041438e+00 -1.249436857385173294e+00
-1.216277961606260449e+00 -3.856160377251949711e+00 -1.209809330681425266e+00 -1.221592209934248663e+00
-1.260738697818537535e+00 -1.339007817048125215e+00 -1.426162109206484452e+00 -1.260692829311948593e+00
-1.239197166887639145e+00 -3.430947019550000032e+00 -1.327992925345538477e+00 -1.232176008700589520e+00
-1.126448355994193129e+00 -8.594591014561736575e-01 -3.970544339526754563e+00 -9.438519803253244689e-01
0.000000000000000000e+00 0.000000000000000000e+00 0.000000000000000000e+00 0.000000000000000000e+00
-3.430947019550000032e+00 -8.128125614270957922e-01 -7.326899439506494582e-01 -9.214861273347880744e-01
-6.783289430258935271e-01 -6.473836310806586614e-01 -6.090656809793318915e-01 -3.256607799500000233e+00
-7.971957786909142918e-01 -6.103734484456905252e-01 -4.704045446729578916e-01 -6.141903600488748394e-01
-3.871619627248900630e-01 -3.840092230804207363e-01 -3.401818296704995914e-01 -2.847663950000000277e+00
-3.377125333223015002e-01 -3.240521956213158195e-01 -1.444578691046919383e-01 -4.423306510754057008e-01
-3.040992352812472710e-01 -2.766696213014565586e-01 9.483176274658519644e-02 -2.100185956232520357e-01
-2.023190132345116798e-01 -2.246725838082925253e-01 -1.261018437787341795e-01 2.206264250685827655e-01
-9.253715902590693709e-02 -3.062897555000000160e+00 4.656137829068118239e-01 -2.107928703294052394e-02
1.116291413992206299e-01 3.603625226039183782e-01 7.066903141500340269e-01 3.085442241618146508e-01
6.330600502762315784e-01 9.999999999999995559e-01 8.736191538357609421e-01 6.811587838297170627e-01
-1.295153854595203491e+00 -1.316220932748475292e+00 -1.450588136396530503e+00 -1.473759583860323019e+00
-1.180905539516454716e+00 -1.194187117146605193e+00 -1.184451268182757921e+00 -4.166140915016670832e+00
-1.491822905469876392e+00 -1.213983040460388851e+00 -1.213639510300646318e+00 -1.216132169022630993e+00
-1.220892415898768624e+00 -1.220425911425556897e+00 -1.222310453848919121e+00 -1.220920758826094632e+00
-1.204326730565247638e+00 -1.204975352937054822e+00 -3.587852317594999896e+00 -1.207081410519874387e+00
0.000000000000000000e+00 0.000000000000000000e+00 0.000000000000000000e+00 0.000000000000000000e+00
-2.608515500000000209e+00 -1.066892441213794118e+00 -3.587852317594999896e+00 -1.083618885798975029e+00
0.000000000000000000e+00 0.000000000000000000e+00 0.000000000000000000e+00 0.000000000000000000e+00
-2.847663950000000277e+00 -7.783242433998208698e-01 -7.725039849413509740e-01 -8.030140002044230396e-01
-7.829551406860153495e-01 -7.806371541545895631e-01 -7.735940971471262362e-01 -2.847663950000000277e+00
-7.484528979079094757e-01 -7.428086269699001321e-01 -7.376674347567431234e-01 -7.456949221528441640e-01
-6.737107941986236748e-01 -6.639090694203438892e-01 -6.479032547944295617e-01 -6.689509715509708299e-01
-5.837112975211804500e-01 -5.771421889519657844e-01 -5.469868190965289090e-01 -5.824656489157588046e-01
-5.275970355995962535e-01 -4.862836818558970431e-01 -4.357633820248250078e-01 -5.005578889834707557e-01
-4.214955742872310007e-01 -3.971093193585371051e-01 -2.995936135958088831e-01 -3.694984145594630842e-01
-3.395005505637281318e-01 -3.200133949707421044e-01 -2.806624189740515862e-01 -1.297463606608350029e-01
-1.984472903924411613e-01 -1.942601450027713894e-01 -1.719500000000000028e+00 -8.368041187337614539e-02
0.000000000000000000e+00 0.000000000000000000e+00 0.000000000000000000e+00 0.000000000000000000e+00
-2.608515500000000209e+00 5.372534496585175123e-01 9.999997137939236058e-01 2.127463409836690411e-01
0.000000000000000000e+00 0.000000000000000000e+00 0.000000000000000000e+00 0.000000000000000000e+00
