-2.824300088293121735e+00 -2.815834627155608505e+00 -2.823030836292925727e+00 -2.820512682514741520e+00
-2.860884362581447515e+00 -2.731151255903903063e+00 -2.729923459037139732e+00 -2.768119437258831805e+00
-2.749517327789061216e+00 -2.661745545703205984e+00 -2.658404950299988911e+00 -2.672941143473583914e+00
-2.652273396179902321e+00 -2.622487172006275014e+00 -2.583686024332163100e+00 -2.602853033484499257e+00
-2.610816137705971318e+00 -2.507742741515666118e+00 -2.643288603677016901e+00 -2.529352755716994139e+00
-2.371113371449048213e+00 -2.335104666863359490e+00 -4.999115178272860227e+00 -2.328873766071057005e+00
0.000000000000000000e+00 0.000000000000000000e+00 0.000000000000000000e+00 0.000000000000000000e+00
-4.874842224750338460e+00 -1.720350252566427596e+00 -1.699597331866261607e+00 -1.958312191188599893e+00
-1.755022033199744369e+00 -1.692149112664772082e+00 -1.678464996929283304e+00 -1.690638542668255528e+00
-1.608860659576927921e+00 -1.903012705197860699e+00 -1.598425260199223708e+00 -1.606455620608847168e+00
-1.563232168482216355e+00 -1.540652967723690425e+00 -1.539745330351475205e+00 -1.546664838184180546e+00
-1.505245252993180571e+00 -1.500999591537799382e+00 -1.497402829674586044e+00 -1.497456699227643906e+00
-1.474590235393606452e+00 -1.467823851328641016e+00 -1.467204031572409972e+00 -1.472487441820925946e+00
-1.447992198671401054e+00 -1.438930315171200069e+00 -1.443250527500436586e+00 -1.445111162270839245e+00
-1.422481778968474941e+00 -1.424117187858435107e+00 -1.420643323494868326e+00 -1.428606533160544423e+00
-1.413756386070177395e+00 -1.417843021332162667e+00 -1.416865614680729912e+00 -1.421696969452074466e+00
-2.762319123794710229e+00 -2.719823407771089219e+00 -2.729270991822293269e+00 -2.852513190478728422e+00
-2.728980792673070255e+00 -2.673722886126578491e+00 -2.670543699835562723e+00 -2.759205131130451072e+00
-2.671764152491642008e+00 -2.640067551302709870e+00 -2.601145303788184204e+00 -2.637599568333792277e+00
-2.635244852837496321e+00 -2.901343692235218263e+00 -2.524526829185628873e+00 -2.565842529614145828e+00
-2.523065058731229993e+00 -2.415332726743147251e+00 -2.459868105637156965e+00 -2.537229749096378661e+00
-2.399342335492395062e+00 -2.333083060503307049e+00 -2.394459466386097191e+00 -2.666007567441943227e+00
-2.087561152823562693e+00 -2.059425832640280341e+00 -2.050230918926873258e+00 -4.995702477721414958e+00
-2.310415786790482873e+00 -2.295003709374433765e+00 -1.872527512255049764e+00 -2.182550707778028176e+00
-1.627664633639700265e+00 -4.738326183486319287e+00 -1.920472179942880775e+00 -1.623068394314519880e+00
-1.633647374740282210e+00 -4.601167784615637579e+00 -1.373297241946791258e+00 -1.388862761546891145e+00
-1.735016530470570029e+00 -1.577262766270142391e+00 -1.495961995905749964e+00 -1.508844490151562745e+00
-1.483593725258982809e+00 -1.473495525014655527e+00 -1.477270023539623889e+00 -1.481163149418900593e+00
-1.447782650927932790e+00 -1.453290427342945668e+00 -1.448414968729376806e+00 -1.459385114830499042e+00
-1.432755357780774119e+00 -1.425674460202974503e+00 -1.425254027080708807e+00 -1.435694985375883803e+00
-1.417675992659659157e+00 -1.409723454713945889e+00 -1.415389376654669018e+00 -1.410409566283379768e+00
-1.407568687526461249e+00 -1.411247342930941340e+00 -1.416903121602290483e+00 -1.407967408223087524e+00
-2.676922161617833584e+00 -2.639661842779872813e+00 -2.646398621410887220e+00 -2.757731394422529014e+00
-2.654513220285575681e+00 -2.583413466497713973e+00 -2.640202748489656859e+00 -2.664294051295029053e+00
-2.627934661675986661e+00 -2.644317643187324318e+00 -2.753900502938099848e+00 -2.624886953758839958e+00
-2.559678893291656543e+00 -4.999975390595809088e+00 -2.367799609144144224e+00 -2.379289628205499163e+00
-2.431438960465635013e+00 -2.853266935722266417e+00 -2.314286411943189847e+00 -2.415658946853748823e+00
-2.379663549800219879e+00 -2.253878939844756957e+00 -2.248899233943668641e+00 -2.361785954602677595e+00
-2.192155912868178014e+00 -2.154141543100588141e+00 -2.338000302070118330e+00 -2.255740630390565826e+00
-2.059486026756147670e+00 -2.062847872729901333e+00 -4.981214489369317988e+00 -2.066503171179355114e+00
0.000000000000000000e+00 0.000000000000000000e+00 0.000000000000000000e+00 0.000000000000000000e+00
0.000000000000000000e+00 0.000000000000000000e+00 0.000000000000000000e+00 0.000000000000000000e+00
-4.676945905538666182e+00 -1.192504447912803522e+00 -1.217824637471081051e+00 -1.204413791035146231e+00
-1.535815452384624136e+00 -1.442971919624471688e+00 -1.448652803132311373e+00 -1.443079107126999494e+00
-1.432571821565607362e+00 -1.429178918425979994e+00 -1.427918391456976632e+00 -1.431552954640525011e+00
-1.414382708707975222e+00 -1.405924407534817844e+00 -1.409319844067442817e+00 -1.412271985157777188e+00
-1.400097423930710905e+00 -1.397577176723104220e+00 -1.393947221241687906e+00 -1.394681247228059418e+00
-1.394802432573317041e+00 -1.389862469832999992e+00 -1.398878132141267550e+00 -1.392947904871815634e+00
-2.584289518194482049e+00 -2.563374917097335004e+00 -2.579374774603310438e+00 -2.669616306771990466e+00
-2.572993734913073816e+00 -2.483329987578537956e+00 -2.754805504277492378e+00 -2.629860619917851583e+00
-2.443591256109086451e+00 -2.393018982248059867e+00 -4.999990465812595097e+00 -2.534205102893479555e+00
0.000000000000000000e+00 0.000000000000000000e+00 0.000000000000000000e+00 0.000000000000000000e+00
-4.998786252774841898e+00 -2.133493295549896196e+00 -2.144925236144715086e+00 -2.161599793134456604e+00
-2.266228506794390363e+00 -2.154312070260447243e+00 -2.153567253993887043e+00 -2.233406992303052618e+00
-2.113229160268982554e+00 -2.074703730072564145e+00 -2.082693352783762109e+00 -2.124600953553222649e+00
-2.032300203562388941e+00 -2.012891075654678730e+00 -2.073482138000442454e+00 -2.225474547660089009e+00
-1.938998755238135807e+00 -2.026513682750497924e+00 -2.043026829116660448e+00 -4.641051006154073733e+00
-1.501687788638943921e+00 -4.166140915016670832e+00 -1.476140850695949691e+00 -3.430947019550000032e+00
-1.446194492418501509e+00 -1.538049056251746594e+00 -1.441565721610991613e+00 -1.748080503226499660e+00
-1.431183002971633700e+00 -1.448900609861937472e+00 -1.422890660314811484e+00 -1.432067821031528743e+00
-1.398242010239845845e+00 -1.395570721029464778e+00 -1.400546382227771280e+00 -1.402501187538688576e+00
-1.382362969548770915e+00 -1.387109013925694301e+00 -1.383953565415704690e+00 -1.382550608088449540e+00
-1.380861798055535772e+00 -1.370391176228217711e+00 -1.373541384917638775e+00 -1.373349493429884660e+00
-1.370072347664858414e+00 -1.363712684275695253e+00 -1.373051108661982989e+00 -1.373167382276873294e+00
-2.503068261053878807e+00 -2.573842144653675668e+00 -2.465261362787465771e+00 -2.589483861655858199e+00
-2.515107787355666868e+00 -2.376897649414233538e+00 -2.402850610282131427e+00 -2.557794803896496383e+00
-2.392941204815325129e+00 -2.275634693556196186e+00 -2.482608362682143799e+00 -2.600591690458732064e+00
-2.111774602725009942e+00 -2.078044975515257686e+00 -2.074931341291017972e+00 -4.998907627497358064e+00
-2.113449906327343975e+00 -2.104687699815453783e+00 -2.106525297935732510e+00 -2.427484682935802329e+00
-2.114858269324865425e+00 -2.065536661111992967e+00 -2.072839166575040526e+00 -2.139412252944396631e+00
-2.017547943321919224e+00 -1.982916470538503395e+00 -2.007557409721243857e+00 -2.049006100826133991e+00
-1.962628752027954837e+00 -1.908721835927857269e+00 -1.967787010535059666e+00 -1.956430856042579824e+00
-1.688690280225378038e+00 -1.690326555119414209e+00 -4.788044208623919218e+00 -1.773716945477578300e+00
0.000000000000000000e+00 0.000000000000000000e+00 0.000000000000000000e+00 0.000000000000000000e+00
-3.970544339526754563e+00 -1.411339957571281722e+00 -1.220571512760824984e+00 -1.233350584549062434e+00
-1.280986007696935713e+00 -4.324574141163504137e+00 -1.201587820149516705e+00 -1.223522709650124662e+00
-1.569870633793039483e+00 -1.618579701315962627e+00 -1.365116964318551229e+00 -1.370361870310481844e+00
-1.350676460313988025e+00 -1.351470361686695210e+00 -1.356151143048591079e+00 -1.354423125348022783e+00
-1.329075888231141978e+00 -1.331777265250192244e+00 -1.333836705073777607e+00 -1.345112868466713074e+00
-1.330906130743334970e+00 -1.329721273644904223e+00 -1.335146805679196635e+00 -1.339053271824672375e+00
-2.529867561045815894e+00 -4.999657201933793260e+00 -2.332567829142361937e+00 -2.364610904937769043e+00
-2.393412293215965825e+00 -2.344907766438018459e+00 -2.308003883397855560e+00 -2.430771119078926734e+00
-2.346284692101802349e+00 -2.228819388337679896e+00 -2.206916663664153955e+00 -2.303640089838154381e+00
-2.213035082083159910e+00 -2.130211187640222104e+00 -2.130135387798623547e+00 -2.215974726763004554e+00
-2.088340116513154321e+00 -2.066854027272845507e+00 -2.063022144659785173e+00 -2.067201252442723458e+00
-2.031706656532332733e+00 -1.988751219341482912e+00 -1.978471754418405837e+00 -2.056134634263520056e+00
-1.980142815764544872e+00 -1.897209374360323109e+00 -1.916598390135486163e+00 -1.977972467801811129e+00
-1.899570050267845867e+00 -1.791041998413616998e+00 -2.151249856164914487e+00 -1.939510441673864216e+00
-1.713681403255100433e+00 -1.702878946105816027e+00 -4.898622202047773655e+00 -1.775124254691722303e+00
0.000000000000000000e+00 0.000000000000000000e+00 0.000000000000000000e+00 0.000000000000000000e+00
-3.729067085835499729e+00 -1.143277907295373597e+00 -3.587852317594999896e+00 -1.138410655260074122e+00
0.000000000000000000e+00 0.000000000000000000e+00 0.000000000000000000e+00 0.000000000000000000e+00
-4.601167784615637579e+00 -1.190043325114211514e+00 -1.180199054227420552e+00 -1.181341151596194461e+00
-1.433586205993103935e+00 -1.225659684053768572e+00 -1.251413450024646545e+00 -1.246509355413697673e+00
-1.274522875613692152e+00 -1.273152145907803900e+00 -1.281186177717810182e+00 -1.275602922240246517e+00
-1.290179789597979632e+00 -1.288082354201028901e+00 -1.289448539259383075e+00 -1.297559112382797863e+00
0.000000000000000000e+00 0.000000000000000000e+00 0.000000000000000000e+00 0.000000000000000000e+00
-4.999657201933793260e+00 -2.178843249505139301e+00 -2.177496948743434135e+00 -2.202022425663753502e+00
-2.456295414682904354e+00 -2.132234095444547783e+00 -2.123026271559387279e+00 -2.160386600815670022e+00
-2.088672212753907687e+00 -2.059242833804244110e+00 -2.061017675356893175e+00 -2.110595464498505880e+00
-2.039902388077859285e+00 -1.985709619973113016e+00 -1.983904277026551144e+00 -2.059266756509407159e+00
-1.952140370392438262e+00 -1.912719669343476259e+00 -1.909112533969239411e+00 -1.961741696992008510e+00
-1.926052656384155126e+00 -1.836703993396462398e+00 -1.806999958937298034e+00 -1.917839519813000493e+00
-1.857382221062556127e+00 -1.736991599566027666e+00 -1.688749548737896067e+00 -1.877516184203005034e+00
-1.772884664196715532e+00 -1.583334636219094094e+00 -1.681394525013024888e+00 -1.743206465505320324e+00
-1.529908448539787580e+00 -1.497343556327996872e+00 -1.520487905452206912e+00 -4.874842224750338460e+00
-1.546792521738836079e+00 -1.410082303006908289e+00 -1.476063418602864052e+00 -1.480984153464246500e+00
-1.195779131670417383e+00 -1.158709558670259376e+00 -1.171256134106676283e+00 -4.556853094017375483e+00
-1.223429485463636945e+00 -1.208533766910770968e+00 -1.215018641829113566e+00 -1.326049442005947876e+00
-1.200693431893007368e+00 -1.091959113742527965e+00 -1.192077879580580202e+00 -1.202280444451787389e+00
-1.207786748521373132e+00 -1.192578007364356818e+00 -1.220094392281033446e+00 -1.228039587559931700e+00
-1.238397724780671005e+00 -1.238994744106446166e+00 -1.240361663641840639e+00 -1.261085483449173594e+00
-2.216895578135401834e+00 -1.961270286425615073e+00 -1.966616345643600550e+00 -4.845484228086837319e+00
-2.306737420696431506e+00 -2.075332204801189295e+00 -2.054072744983240550e+00 -2.082093044420003647e+00
-2.073487481873327987e+00 -2.174804381100323258e+00 -2.047940512141738889e+00 -2.060948926945945558e+00
-2.045917904394630060e+00 -2.000439019088655623e+00 -1.985018521069031427e+00 -2.035896060998062751e+00
-1.967564712927629689e+00 -1.904001029350412821e+00 -1.906509865260181957e+00 -1.977179481245850301e+00
-1.872061230387368491e+00 -1.837885671443560076e+00 -1.834288412521641654e+00 -1.908072238879098936e+00
-1.826512529674316099e+00 -1.757000197578088008e+00 -1.736586626396522171e+00 -1.845132988039666966e+00
-1.768574995626256641e+00 -1.656566284795642607e+00 -1.603122360435096150e+00 -1.782481026472329200e+00
-1.720696420392380910e+00 -1.593240910059657178e+00 -1.478133571298402060e+00 -1.702590469329786638e+00
-1.574181171553472591e+00 -1.448121681845829567e+00 -1.355173431953442309e+00 -1.933287077914735530e+00
-1.487033751106378476e+00 -1.220328394980562337e+00 -1.349957148655738681e+00 -1.449286568691070531e+00
-1.364404837606569831e+00 -1.207794434041981724e+00 -1.258591887762481765e+00 -1.311956823661806659e+00
-1.279322851094310431e+00 -1.203424516423181378e+00 -1.078123176845257269e+00 -1.199026752152824615e+00
-1.182926404772257190e+00 -9.521008711534205693e-01 -1.136366028595842348e+00 -1.168761360036004948e+00
-1.071040173377481475e+00 -1.176286986355457476e+00 -1.155850463840863984e+00 -1.165170367086345138e+00
-1.178141853444564235e+00 -1.539612730668463048e+00 -1.194323935682654048e+00 -1.179322639347978541e+00
-1.950202423048003952e+00 -1.940809226632119078e+00 -1.944990249411619132e+00 -1.946845652347005018e+00
-1.979247016939372328e+00 -2.003104389376051397e+00 -2.197088019910998113e+00 -1.975845406852150710e+00
-1.816168451364813530e+00 -4.940137424087190254e+00 -1.828036309768330536e+00 -1.789860860979972879e+00
-2.075881199986873149e+00 -2.140165775888840383e+00 -1.872262952897067567e+00 -1.881871079367595012e+00
-1.911521988727189036e+00 -1.822412471405786327e+00 -1.830280287817087848e+00 -1.889045523216709155e+00
-1.825067844854171062e+00 -1.750491179915245166e+00 -1.754474130655100828e+00 -1.801765595295185873e+00
-1.753687454983147820e+00 -1.670880924882439000e+00 -1.666311056544913516e+00 -1.757115640983936133e+00
-1.657106117640972043e+00 -1.577743984448308989e+00 -1.608763501554837161e+00 -1.684411307701306981e+00
-1.630016725263340405e+00 -1.483224301732186223e+00 -1.445009052315758602e+00 -1.576683792661781380e+00
-1.488559280887440828e+00 -1.404416618637386982e+00 -1.294918458285028828e+00 -1.469495850903977718e+00
-1.399264333809689287e+00 -1.223921244962957067e+00 -1.103111328538670222e+00 -1.390603263682483215e+00
-1.326490883064037174e+00 -1.011559370093011889e+00 -1.196814789378250143e+00 -1.306627374950958265e+00
-1.190450219060480874e+00 -9.225271272663156941e-01 -1.079704609441609620e+00 -1.227995931725893053e+00
-1.145512438956051371e+00 -7.992228051348944096e-01 -1.142197486018431185e+00 -1.109613544335377178e+00
-1.033171022389928195e+00 -1.109395010660882308e+00 -1.340348464990187560e+00 -1.091846756127448304e+00
-1.053451617708483834e+00 -4.392116727047153724e+00 -1.253274500711917927e+00 -1.049555121510999944e+00
-1.901080058485989266e+00 -1.891039800460548426e+00 -2.079363948220910085e+00 -1.895435341901946513e+00
-1.778602441545946711e+00 -1.780283360823280203e+00 -4.845484228086837319e+00 -1.789662217915147346e+00
0.000000000000000000e+00 0.000000000000000000e+00 0.000000000000000000e+00 0.000000000000000000e+00
-4.960724163943605269e+00 -1.671691407855828260e+00 -1.678782217717226466e+00 -1.683240225824360170e+00
-1.976416538075698837e+00 -1.731896335014151411e+00 -1.733259204344483884e+00 -1.755403234215115349e+00
-1.695991749002953686e+00 -1.665738530273300100e+00 -1.675003688322065587e+00 -1.699925983000054819e+00
-1.632952262477624039e+00 -1.593623550967121716e+00 -1.570044359326711048e+00 -1.673073621923394816e+00
-1.614612622974841649e+00 -1.492143828508460501e+00 -1.472930719140078226e+00 -1.626015728539502714e+00
-1.528726383210768924e+00 -1.313024495837592731e+00 -1.399037655190836560e+00 -1.532992242533555372e+00
-1.444289256887380635e+00 -1.286687231299762590e+00 -1.268730014297020370e+00 -1.388160229388451405e+00
-1.335290862128103218e+00 -1.046348435966496293e+00 -1.186565071488725920e+00 -1.328064841747369718e+00
-1.219042580387542651e+00 -9.805601328753528190e-01 -8.909853266493157342e-01 -1.242506283890426388e+00
-1.091994723284960722e+00 -7.845674263973534401e-01 -8.674644181934770826e-01 -1.137338433172596641e+00
-9.752616671997542674e-01 -6.502724811740930866e-01 -1.109021094089305937e+00 -1.016196705018953761e+00
-8.305171013650468614e-01 -5.397394646185902367e-01 -4.556853094017375483e+00 -7.977260599884427039e-01
0.000000000000000000e+00 0.000000000000000000e+00 0.000000000000000000e+00 0.000000000000000000e+00
-1.842981292602661414e+00 -1.836740838255108033e+00 -1.835705425913052524e+00 -1.849036897110606148e+00
-1.804614609723822927e+00 -1.795539002078448076e+00 -1.828643683527287900e+00 -1.793642242020737632e+00
-1.674613153065615423e+00 -1.675473193076379541e+00 -1.686381323576531921e+00 -4.676945905538666182e+00
-1.706196811046283512e+00 -1.690610571593060829e+00 -1.685082033817061342e+00 -1.936787808572432601e+00
-1.664542559963318347e+00 -1.669130679017185148e+00 -1.662343056758681881e+00 -1.684743276644529386e+00
-1.636578242377480841e+00 -1.598093092799430792e+00 -1.560845274874857136e+00 -1.628977178887645483e+00
-1.569422271020774584e+00 -1.562305050716416011e+00 -1.450290432563985821e+00 -1.574856156493042336e+00
-1.523243592502024679e+00 -1.524139414622418309e+00 -1.377684452413224347e+00 -1.489698396624448806e+00
-1.420809094653675775e+00 -1.725782614211270216e+00 -1.169777748383571625e+00 -1.424902641355442867e+00
-1.368178399976386572e+00 -1.222035946191776246e+00 -1.028448485051181027e+00 -1.348698486531719531e+00
-1.258843501275350496e+00 -1.141734718413598193e+00 -9.354503774538200922e-01 -1.247396884916355031e+00
-1.149634097943712963e+00 -1.040630959918232845e+00 -7.649977911247394236e-01 -1.144680978650513659e+00
-9.670342407244592042e-01 -8.701712694741150500e-01 -6.622429248131116442e-01 -9.703856106515187374e-01
-8.327839164825608931e-01 -5.121066748892970644e-01 -6.308610817845525798e-01 -7.840912725420839946e-01
-7.559164460398002383e-01 -4.358932375648980617e-01 -7.501365888689668360e-01 -1.089461729041321547e+00
-6.100289914417204029e-01 -2.421096129277595099e-01 -7.987097981339711383e-01 -4.452905054342438440e+00
-1.790521919691080432e+00 -1.793787539031825640e+00 -1.794451745075945404e+00 -1.795612068740467970e+00
-1.774255382280916171e+00 -1.761577485746985694e+00 -1.756719411140003739e+00 -1.754937907538462349e+00
-1.711403325759840444e+00 -1.708682569690308739e+00 -1.707960088582994196e+00 -1.704471933182818422e+00
-1.676200160608932954e+00 -1.674326629185345139e+00 -1.674753747703205287e+00 -1.671356384789645988e+00
-1.638122486743785799e+00 -1.641405284319218838e+00 -1.640834797827159797e+00 -1.648330457283989858e+00
-1.604981123895243389e+00 -1.598994820423220942e+00 -1.596528905097509110e+00 -1.598496345296932741e+00
-1.570791115933160453e+00 -1.563382972120360481e+00 -1.546645395224095276e+00 -1.547864507555062108e+00
-1.507266934634326594e+00 -1.510876529973337545e+00 -1.510840406350440812e+00 -1.480373666315921488e+00
-1.208642270990482270e+00 -4.788044208623919218e+00 -1.157377507501549774e+00 -1.158506624101584670e+00
-1.617930812228626447e+00 -1.099025592847377331e+00 -1.100846327540582203e+00 -1.152913677079234089e+00
-1.098478760410869670e+00 -1.115490644521859531e+00 -9.933555551326296307e-01 -1.134534605982611799e+00
-1.077900174449606396e+00 -1.030325064469142626e+00 -8.077082773145193295e-01 -1.058922833547010667e+00
-1.000579359406458702e+00 -8.911036797944824617e-01 -6.511290447496481670e-01 -8.846277672839921724e-01
-8.636566860190567629e-01 -6.346783872119843295e-01 -3.687774054156765513e-01 -7.569773841001943282e-01
-6.114257207417608253e-01 -1.434312101639204917e-01 -4.648107846892553519e-01 -4.933168310827047431e-01
-3.830044549090882988e-01 -2.297828782787864343e-01 -3.778244379907605976e-01 -8.178475694075572067e-01
-1.772399737591910496e+00 -1.761643689306681804e+00 -1.766854177703404805e+00 -1.766195050580281034e+00
-1.741874779667219375e+00 -1.748145485890671536e+00 -1.742102260149439807e+00 -1.751063465842421341e+00
-1.703874286614862399e+00 -1.724266163679056163e+00 -1.697899690842217035e+00 -1.704824745674792030e+00
-1.656945251521177109e+00 -1.680392323434454882e+00 -1.653544039762942397e+00 -1.654553803331419326e+00
-1.632232587760208187e+00 -1.618060833140112509e+00 -1.620281831798654038e+00 -1.622557532747869180e+00
-1.588687714425202735e+00 -1.587885948374823109e+00 -1.584197861026175103e+00 -1.590359201817979296e+00
-1.558356304065102504e+00 -1.546429028703533826e+00 -1.640664318620644657e+00 -1.545603911932449170e+00
-1.434623056517879469e+00 -1.370646448005156559e+00 -4.809239787761526941e+00 -1.429321250277420408e+00
0.000000000000000000e+00 0.000000000000000000e+00 0.000000000000000000e+00 0.000000000000000000e+00
-4.392116727047153724e+00 -1.116088783798773854e+00 -1.054647763592854393e+00 -1.056076468708972538e+00
-1.326649333729396085e+00 -1.200173329098180863e+00 -1.238780632567171969e+00 -1.076828650608373739e+00
-8.142191413119483911e-01 -4.452905054342438440e+00 -7.579091249346645576e-01 -7.816052727796179989e-01
-1.159366385520533838e+00 -9.040161440427714190e-01 -7.652504649229837641e-01 -8.275554156016671215e-01
-8.181522078375108586e-01 -8.321792526162005155e-01 -2.888620704301392283e-01 -7.579760767030450097e-01
-6.138354109579393647e-01 -4.891332587656950226e-01 2.337061412188248533e-01 -4.479616798942330780e-01
-2.971921565456737135e-01 3.481721518387383973e-01 -2.081881391079519472e-01 -3.792366238563208425e-01
-1.762203584932799716e+00 -1.753088559737289165e+00 -1.757949633905055098e+00 -1.752622780931549329e+00
-1.745376517612081235e+00 -1.957247166963514085e+00 -1.728585879590497587e+00 -1.748108240119943479e+00
-1.532509713861530010e+00 -4.738326183486319287e+00 -1.537280920954699814e+00 -1.543228068967953615e+00
-1.843633832202112632e+00 -1.855737724907116748e+00 -1.621526673289173104e+00 -1.624320172866857037e+00
-1.597176465567375470e+00 -1.599545249349018983e+00 -1.595060783019005335e+00 -1.594659121778166933e+00
-1.569951621643783213e+00 -1.566126214432694397e+00 -1.521184395166147674e+00 -1.565410855807057411e+00
-1.528904872374727164e+00 -1.531530355714756375e+00 -1.329188077918008748e+00 -1.525852164900024288e+00
-1.474074283519885675e+00 -1.521749404701304265e+00 -1.201118226939650979e+00 -1.676827570651732380e+00
-1.188313993772470489e+00 -3.430947019550000032e+00 -1.162349111009670866e+00 -3.856160377251949711e+00
-1.338728483706052907e+00 -1.667744810968257552e+00 -1.028287197449929025e+00 -1.201391352553030201e+00
-8.879813845654177529e-01 -8.053432873019547023e-01 -3.970544339526754563e+00 -8.928558714251704220e-01
0.000000000000000000e+00 0.000000000000000000e+00 0.000000000000000000e+00 0.000000000000000000e+00
-4.507614548908194685e+00 -5.232512698954956409e-01 -6.717028139460831104e-01 -5.481453187086278156e-01
-6.539100199622968068e-01 -8.635445412453269798e-01 -8.323440502487577941e-01 -8.040213620656113669e-01
-7.448539370753353150e-01 -4.898622202047773655e+00 7.922365765219932521e-02 -5.471128592260795509e-01
-2.816296292456554329e-01 7.931108503079997707e-01 -2.119049818914742755e-01 -2.231784682517046758e-01
-1.751679426114872484e+00 -1.744824154307876629e+00 -1.756159648198535095e+00 -1.750918242370197220e+00
-1.647123685658865577e+00 -1.633363031968683377e+00 -4.809239787761526941e+00 -1.639148158122414323e+00
0.000000000000000000e+00 0.000000000000000000e+00 0.000000000000000000e+00 0.000000000000000000e+00
-4.887358002275304258e+00 -1.487033008256625433e+00 -1.499578709681032462e+00 -1.487962474797284607e+00
-2.014102860392419370e+00 -1.590838776881881911e+00 -1.585569236275821137e+00 -1.584653466291219726e+00
-1.566185509546378363e+00 -1.562617422655090405e+00 -1.565683491883246514e+00 -1.564147554271108964e+00
-1.532431780503870966e+00 -1.543589689436623225e+00 -1.642090272810648122e+00 -1.515030313619963209e+00
-1.401036795810384650e+00 -1.396557955352685676e+00 -4.676945905538666182e+00 -1.417871782176285622e+00
0.000000000000000000e+00 0.000000000000000000e+00 0.000000000000000000e+00 0.000000000000000000e+00
-4.324574141163504137e+00 -9.552307500693303366e-01 -1.016478708930934838e+00 -9.724099338447276253e-01
-1.066830068409041266e+00 -3.587852317594999896e+00 -6.324111266162613099e-01 -7.299957137300622234e-01
-6.987151132909534823e-01 -6.968400612720639931e-01 -5.161815372972814453e-01 -3.256607799500000233e+00
-4.936327182879439723e-01 -3.226197274724768027e-01 -5.121748101584270296e-01 -6.816421481431844676e-01
-2.291667232550773370e-01 -3.182002707686523019e-02 -4.641051006154073733e+00 -3.752241933151763131e-01
0.000000000000000000e+00 0.000000000000000000e+00 0.000000000000000000e+00 0.000000000000000000e+00
-4.999576792510856293e+00 9.999999999999995559e-01 6.343309678407142993e-01 1.868100613291943657e-01
-1.736000601347169825e+00 -1.731828105534989781e+00 -1.729920726632462769e+00 -1.738364745738560035e+00
-1.703096568324419691e+00 -1.717761633950594113e+00 -1.793508781415566800e+00 -1.698046473569150949e+00
-1.493913106785708766e+00 -1.567744666249685448e+00 -1.501180972876148934e+00 -4.601167784615637579e+00
-1.672603568948254571e+00 -1.607183467803754207e+00 -1.610586889250430920e+00 -1.885457649606424813e+00
-1.612215550340031056e+00 -1.593804758506417674e+00 -1.596156898926940793e+00 -1.592948595681505042e+00
-1.566879771942819577e+00 -1.572973539184910674e+00 -1.571228912616210671e+00 -1.573522054323744479e+00
-1.554264721264939864e+00 -1.553396459744266433e+00 -1.547419680068903958e+00 -1.552774089986257433e+00
-1.536167771555434269e+00 -1.531067887661458959e+00 -1.655333458030672000e+00 -1.812385014264464411e+00
-1.007543948479923568e+00 -9.473534956127305229e-01 -1.059584926689167705e+00 -4.556853094017375483e+00
-1.166292494105821032e+00 -1.125932014537015968e+00 -3.430947019550000032e+00 -1.070235317034726519e+00
0.000000000000000000e+00 0.000000000000000000e+00 0.000000000000000000e+00 0.000000000000000000e+00
-3.256607799500000233e+00 -5.007072734336895925e-01 -4.273571924864080218e-01 -5.429254410389411367e-01
-5.109986151128539378e-01 -4.297814521539357613e-01 7.800242511799798661e-02 -4.957354889619504101e-01
-4.652721148525147399e-01 -2.788759687908660134e-01 6.622349189347943588e-01 -4.728314339974671876e-01
2.501176573412162707e-01 6.189422681619993760e-01 9.999999999999995559e-01 -4.809239787761526941e+00
0.000000000000000000e+00 0.000000000000000000e+00 0.000000000000000000e+00 0.000000000000000000e+00
