5.754704409682354777e-02 7.110144124380733677e-02 7.110225248814341925e-02 5.754679839270750857e-02
5.754711180073197180e-02 8.537031388894526784e-02 8.537079364806426929e-02 7.110222742069269297e-02
7.110224497687368805e-02 1.003903093373482575e-01 1.001675008990027399e-01 8.537023797951563686e-02
8.533723202466926561e-02 1.161240723563668059e-01 1.149165260293150415e-01 9.983418926172378527e-02
9.739621226939691734e-02 1.326479360329778923e-01 6.648438293353574335e-02 1.083187283791633981e-01
1.148010799791634867e-01 9.018664995328673495e-02 -5.000000000000000000e+00 7.621649723970574941e-02
0.000000000000000000e+00 0.000000000000000000e+00 0.000000000000000000e+00 0.000000000000000000e+00
-5.000000000000000000e+00 -1.054815420578105178e-01 -1.056345846095603641e-01 -1.060625414278688478e-01
-1.045998866168432601e-01 -1.024034159786998271e-01 -1.007624292437859642e-01 -1.026425679003032110e-01
-1.051679792978323785e-01 -9.723911079865810159e-02 -9.655053711025565755e-02 -1.007688393417555811e-01
-1.004526989067654474e-01 -9.228019881366079924e-02 -9.238372727261841277e-02 -9.657879436965531583e-02
-9.650691613088523135e-02 -8.932313789310095120e-02 -8.727809034686469236e-02 -9.201021571399058130e-02
-9.264165009359463798e-02 -6.629413339989434495e-02 -8.142870693037011776e-02 -8.358863311129668960e-02
-7.617498511140734230e-02 -7.820367965586680348e-02 -7.729421859825492958e-02 -8.121791922675321296e-02
-8.116830667570233693e-02 -6.453401849354040154e-02 -7.401959149871037424e-02 -7.817471453899292599e-02
-7.825122285640699615e-02 -6.811915327990852864e-02 -6.929378195787824768e-02 -7.436930881290368389e-02
7.110051416402320135e-02 8.536571150737666536e-02 8.537043952283709936e-02 5.754610926587631209e-02
7.110092818616071952e-02 1.003896209060731598e-01 1.003902453230797881e-01 7.110163719622253353e-02
8.536938079171810245e-02 1.162004425337148233e-01 1.161524244914912546e-01 8.537069542122691090e-02
1.003883735746817912e-01 1.328214559324893129e-01 1.326669240320735577e-01 1.000449008576196341e-01
1.151554745823983178e-01 1.503360602071136254e-01 1.486109179771025468e-01 1.107267961993433913e-01
1.276754218564929988e-01 1.670286133477605350e-01 1.252286386452878264e-01 9.786494334039315401e-02
1.417392784073321366e-01 1.465666658918054754e-01 1.372044419308976818e-02 -5.000000000000000000e+00
-2.281001758110506872e-02 1.356859978304181258e-01 -1.022259974000363086e-01 -1.098825863235675382e-01
-1.063876630857034378e-01 -5.000000000000000000e+00 -9.755360658255746165e-02 -1.044126834754503935e-01
-1.013565497676644361e-01 -5.000000000000000000e+00 -9.233662253455790503e-02 -1.003535966005007357e-01
-9.681945245430374769e-02 -8.598247273810004365e-02 -8.816654311954615075e-02 -9.673357421249591248e-02
-8.947639398748677420e-02 -6.254263320447206453e-02 -6.701625274449121705e-02 -9.195607972680942821e-02
-8.647431419250713180e-02 -5.347537470884319855e-02 -2.569557120755719751e-02 -7.679788728808513432e-02
-6.490553219760353265e-02 4.798032227350222667e-04 -7.263789343859089476e-02 -7.993052763339911215e-02
-3.677991015024767441e-02 -2.008684454175264228e-02 -7.233857940274818210e-02 -7.789241435138229142e-02
-6.264577977667250275e-02 -7.463555232708836418e-02 -6.859723137527902470e-02 -7.165450101178139075e-02
8.536569953546190026e-02 1.003849743911889580e-01 1.003849600423016852e-01 7.109844771683795916e-02
8.536561769577412362e-02 1.161970767739255311e-01 1.161999472165225894e-01 8.536796279923465625e-02
1.003884240901562613e-01 1.328426703447631863e-01 1.327858964062228198e-01 1.003891811667976808e-01
1.161985507448365929e-01 -5.000000000000000000e+00 1.503596645404059740e-01 1.161418268314595159e-01
1.326126388608259155e-01 1.688050779645807742e-01 1.677934331212517227e-01 1.322362932520556589e-01
1.493036930902278403e-01 1.880932334891756152e-01 1.482419172941103758e-01 1.479295946114571325e-01
1.618396463944177244e-01 2.045213017542232836e-01 3.593860327692316448e-02 8.065722822719213758e-02
1.241391899710111990e-02 2.225033524787748684e-01 -5.000000000000000000e+00 7.868347268879168424e-03
0.000000000000000000e+00 0.000000000000000000e+00 0.000000000000000000e+00 0.000000000000000000e+00
0.000000000000000000e+00 0.000000000000000000e+00 0.000000000000000000e+00 0.000000000000000000e+00
-5.000000000000000000e+00 -8.079123135284092816e-02 -7.966294796063824735e-02 -8.809017348756961741e-02
-8.443890836628778485e-02 -7.266705697334081837e-02 -4.580102414383509929e-02 -7.519013813438742144e-02
-8.040368674774295288e-02 -3.436086136216372905e-02 1.439321416568055401e-02 -6.588664534025230612e-02
-1.556077844337468152e-02 3.240342969130022288e-02 -4.168654893237206532e-02 -3.350879201522285328e-02
5.116537607079980898e-03 4.473702660622108640e-03 -1.678172729512456690e-02 -3.982032468557321347e-02
-2.536029112678416658e-02 1.788369676074679296e-02 -7.116608063338170087e-02 -7.240400414311159993e-02
1.003849170701062443e-01 1.161954201121598723e-01 1.161947348045665185e-01 8.536570972196076690e-02
1.003849186843110836e-01 1.328413553343208708e-01 1.328366004092834118e-01 1.003877078628837849e-01
1.161946972443361203e-01 1.503607410660817711e-01 -5.000000000000000000e+00 1.161945783013017680e-01
0.000000000000000000e+00 0.000000000000000000e+00 0.000000000000000000e+00 0.000000000000000000e+00
-5.000000000000000000e+00 1.882179986726385812e-01 1.872657869280727749e-01 1.449241209266367847e-01
1.656549295312239045e-01 2.085364549889969499e-01 2.081081754602163436e-01 1.686038119146343883e-01
1.867007787982712941e-01 2.301451867594648537e-01 2.158983253350029163e-01 1.650866289541582932e-01
1.871167683878508514e-01 2.490899516353265453e-01 2.500402550029847543e-02 1.869708674689078420e-01
1.605999757384654614e-01 1.806518981380781097e-01 -5.420360526671075957e-02 -5.000000000000000000e+00
-2.998455289022000647e-02 -5.000000000000000000e+00 -8.531168186245220719e-02 -5.000000000000000000e+00
-8.895812545273365513e-02 -8.102486550536296128e-02 -5.932565744759873971e-02 -8.315508354936347601e-02
-8.540705825307860766e-02 -7.723459128586152023e-02 -4.253220679062445775e-02 -7.835575763544039285e-02
-7.822266296733755564e-02 1.325443769473092295e-02 2.901014804075935372e-02 -2.517722606028854199e-02
1.249510044913250753e-02 3.611093994276755315e-02 5.182384131600624444e-02 -2.378470211005630219e-03
5.487257456560513946e-03 6.778124464708858155e-02 2.663620375603193216e-02 -1.523760418644073619e-02
4.264867720127721307e-02 -6.437480618023984358e-02 -6.941443949068787367e-02 -6.040361272016177979e-03
1.161743267798869550e-01 1.327713817243103001e-01 1.328388126845998773e-01 1.003854253421584963e-01
1.161926108690606169e-01 1.503512074846668767e-01 1.503606910534103502e-01 1.161947045254930894e-01
1.328409028790203672e-01 1.688009607799016987e-01 1.687994789695905773e-01 1.328412710112076289e-01
1.503110306704355525e-01 1.882113514769867546e-01 1.857870738636098473e-01 -5.000000000000000000e+00
1.687937900027630389e-01 2.086520683713318502e-01 2.084874005509949890e-01 1.681972979812086377e-01
1.876335575877652595e-01 2.301685718684982618e-01 2.299182980951434141e-01 1.868576892539708934e-01
2.086497894267092534e-01 2.528091790625646706e-01 2.517137866363973187e-01 2.067398232011599946e-01
2.298849426415917330e-01 2.757189402747377560e-01 2.617624111970236478e-01 5.569815018444844446e-02
2.419937655617767636e-01 2.923842885724105556e-01 -5.000000000000000000e+00 1.498489452821930856e-01
0.000000000000000000e+00 0.000000000000000000e+00 0.000000000000000000e+00 0.000000000000000000e+00
-4.999999999999872990e+00 -7.763482200244130327e-02 -7.596567781134046238e-02 -8.331304586089979813e-02
-7.954248031574746858e-02 -4.999999978476639129e+00 -3.355164014527683286e-02 -5.679001196049971584e-02
-5.070831253897063740e-02 4.432253990176722447e-03 4.571830287613160709e-02 -9.696018109345561076e-03
-3.391927366724764581e-03 5.692896526518576028e-02 6.653405598987185976e-02 3.685330684481846059e-02
5.191328942150394421e-02 1.879631341103819853e-01 2.549089960969943419e-02 4.091355771701640776e-02
1.351340696271760566e-01 -5.751031988990519539e-02 2.946458310616481557e-02 -4.534166620116682894e-02
1.221827454562607190e-01 -5.000000000000000000e+00 1.503551822541441263e-01 1.157754739961915358e-01
1.322302809138687363e-01 1.687977421059373984e-01 1.687985721230982616e-01 1.328361611250849506e-01
1.503580898821955669e-01 1.882115319519421237e-01 1.882115558014547108e-01 1.503522564581909471e-01
1.688002325406357806e-01 2.086438071844227971e-01 2.086408139525935956e-01 1.687987769955956174e-01
1.882113413869229424e-01 2.301667291173549457e-01 2.301271217092367982e-01 1.882070917705114255e-01
2.085021029441316842e-01 2.527684328201196262e-01 2.528104736770132588e-01 2.085548488421914703e-01
2.299707772138407658e-01 2.766472019897497914e-01 2.766267782510870576e-01 2.301631400748829492e-01
2.527751164347008528e-01 3.017301396409043379e-01 2.920051168963015420e-01 2.496843513142142645e-01
2.574630079453053000e-01 3.274337539325832269e-01 -5.000000000000000000e+00 2.308390127050840290e-01
0.000000000000000000e+00 0.000000000000000000e+00 0.000000000000000000e+00 0.000000000000000000e+00
-4.999999928255465242e+00 7.835419207105712158e-02 -4.999999202838499635e+00 -7.542215903534418842e-02
0.000000000000000000e+00 0.000000000000000000e+00 0.000000000000000000e+00 0.000000000000000000e+00
-4.999999928255465242e+00 2.361001409124567352e-01 -6.114797844934779375e-02 1.133335211411880261e-02
-1.132527135371298732e-02 -5.613619430386237313e-02 8.838401278959666374e-02 3.361643158642962925e-02
4.544832060959314024e-02 3.388528724039979734e-01 4.729157422469827676e-02 6.179723123041278021e-02
6.072562008482282336e-02 1.158108007895668340e-01 4.451478815388561910e-02 3.707023332057110543e-02
0.000000000000000000e+00 0.000000000000000000e+00 0.000000000000000000e+00 0.000000000000000000e+00
-5.000000000000000000e+00 1.873611031103282754e-01 1.882159922915706551e-01 1.503450720487972403e-01
1.687995037030710910e-01 2.086538813224364242e-01 2.086437831528617226e-01 1.687926677079924220e-01
1.882104484252315746e-01 2.301656362239991593e-01 2.301468560281801079e-01 1.882116082681097313e-01
2.086528119355067767e-01 2.528115916845358746e-01 2.528155564959774226e-01 2.086453354764032098e-01
2.301733048485004318e-01 2.766482739783698297e-01 2.766490322644826749e-01 2.301678401611066960e-01
2.528158247637964373e-01 3.017365797244958014e-01 3.017278586123331996e-01 2.527987293243517675e-01
2.766299876500727395e-01 3.281443534309868570e-01 3.277465623911842152e-01 2.766228956127442795e-01
3.017186044193441719e-01 3.559174101340208951e-01 3.556335111798240578e-01 2.976976994284475930e-01
3.215830086367404972e-01 3.851721361585015990e-01 3.555461124291338648e-01 -5.000000000000000000e+00
3.494754148871306310e-01 4.139973752742574509e-01 3.936341751368563902e-01 -3.309359784452683972e-02
2.879117895062058285e-01 4.478620682534513731e-01 3.589834726454158020e-01 -4.999999999999961808e+00
2.051912051800327541e-01 4.388115092537287487e-01 3.439798316711554227e-01 1.257318230556273703e-02
2.288006323423101840e-01 5.069034354569116330e-01 3.953353312948925113e-01 6.069961691591768682e-02
5.661597466661538042e-02 5.077664327599110683e-01 1.290957117595641912e-01 8.152752376858884986e-02
3.162881622765406076e-01 3.237663729581488070e-01 3.392553768859749019e-02 7.383278597153228318e-02
-8.251260343752538085e-02 9.364427739503088099e-02 8.267132370791484275e-02 -5.000000000000000000e+00
5.552226427083241378e-02 1.398567763524611318e-01 2.086182732342292123e-01 1.682660288491242551e-01
1.879141110166775430e-01 2.113680312210678980e-01 2.301692162643663442e-01 1.882062572596599759e-01
2.086290145653404149e-01 2.522231722310647739e-01 2.528141570852105446e-01 2.086427362605919322e-01
2.301604688446201863e-01 2.766053934134664605e-01 2.766483169902206329e-01 2.301521545555124948e-01
2.528140725344295570e-01 3.017295831923860749e-01 3.017355334110869425e-01 2.528159729737686212e-01
2.766455290407779932e-01 3.281444646639638529e-01 3.281439984629060946e-01 2.766481912854520941e-01
3.017363947116338818e-01 3.559399537349326459e-01 3.559431393924791243e-01 3.017242780661081869e-01
3.281441870158277041e-01 3.852037901103318451e-01 3.851897254284084027e-01 3.280942432982483781e-01
3.559408893701019871e-01 4.160008097751485279e-01 4.159808010459072336e-01 3.555121072754830469e-01
3.851923736320845837e-01 4.484041623043473201e-01 4.478164671956129661e-01 3.747781542374762354e-01
4.153148129626889062e-01 4.824743952260219237e-01 4.789082698057777199e-01 4.150825456337811081e-01
4.447928579782600145e-01 5.182024382099744697e-01 4.991059082212819797e-01 3.002170543773425848e-01
4.444294202834616070e-01 5.561394748929746612e-01 5.294470283695399404e-01 4.450301977129563769e-01
5.014727993899589231e-01 5.747501817912249455e-01 4.489562838437010095e-01 4.025942823994695940e-01
5.058627581063477319e-01 2.351875590132508909e-01 4.031237626678889074e-01 2.754253517370249260e-01
-7.586089402780187008e-02 -1.032474669252606420e-01 1.753023836101931243e-01 -7.885986957611226811e-02
5.656085669100052726e-02 1.151206599592985713e-01 2.043998205594661777e-01 1.566512785758342741e-01
6.332814585354759607e-02 -5.000000000000000000e+00 2.339195654917165523e-01 2.073109762845838921e-01
1.876766422352192376e-01 2.123112936042684251e-01 2.765897450273800962e-01 2.301426184688386001e-01
2.514198024892986272e-01 3.016781394097851621e-01 3.017244839596766592e-01 2.528000997511849479e-01
2.765910852341378900e-01 3.281382574347682657e-01 3.281421720914238227e-01 2.766415723614563671e-01
3.017312160113255759e-01 3.559362319311140666e-01 3.559419845824542961e-01 3.017367791709820724e-01
3.281429887753276597e-01 3.852003699997697539e-01 3.852035939665471864e-01 3.281430469762502966e-01
3.559415961508071713e-01 4.160041744341634873e-01 4.159924075595284321e-01 3.559430534616596642e-01
3.851977620710700378e-01 4.484248389596704465e-01 4.484135024953277981e-01 3.851924170865859698e-01
4.159884834536936582e-01 4.825454039127482497e-01 4.825162732943960031e-01 4.159742578988311901e-01
4.483722214423692121e-01 5.119931031236883978e-01 5.184760669205763506e-01 4.483370896323030652e-01
4.824063604766324342e-01 5.562939335599049739e-01 5.562795729829183022e-01 4.816051196143925073e-01
5.184712373676246822e-01 5.960927840757150875e-01 5.907772606006103100e-01 5.166855070382632142e-01
5.555326816584394978e-01 6.364974223293174971e-01 4.810768570776999264e-01 5.283887812612462209e-01
5.203949376977753394e-01 -4.999901584999999926e+00 4.272971169781556444e-01 3.961407159436041714e-01
-1.019593371026423084e-01 -9.877967294954503874e-02 -9.817695994085612332e-02 -7.850514019092535989e-02
-1.024304076669935726e-01 -9.433124080388258226e-02 -5.000000000000000000e+00 1.534537945785076629e-01
0.000000000000000000e+00 0.000000000000000000e+00 0.000000000000000000e+00 0.000000000000000000e+00
-5.000000000000000000e+00 1.548643783908457694e-01 2.949221751916581979e-01 2.401487924985023503e-01
2.428030377700568510e-01 2.479983124828844532e-01 3.281361454968331204e-01 2.765921968038714818e-01
3.016577396952442869e-01 3.147894096739097813e-01 3.559368512949578900e-01 3.017197988560705868e-01
3.281358349684380671e-01 3.848226698968254533e-01 3.852005180513312643e-01 3.281236335403776017e-01
3.559392875479697183e-01 4.159213090162685589e-01 4.160021207496364948e-01 3.559385900604547515e-01
3.851998387195380014e-01 4.484003383087916128e-01 4.484256676219937066e-01 3.851991910146458364e-01
4.160033628412903028e-01 4.825434372327019883e-01 4.825533587354486342e-01 4.160016993849088851e-01
4.484224858966035510e-01 5.184672078305355702e-01 5.184780514796902828e-01 4.484121553263701876e-01
4.823654555207485539e-01 5.562354645909098894e-01 5.562930501042765430e-01 4.825389961017622631e-01
5.184774864047745346e-01 5.961020930739344692e-01 5.960943892760811602e-01 5.184717841931366644e-01
5.562778356668929280e-01 6.380038857590838441e-01 6.378900703272039063e-01 5.562823229161304450e-01
5.939699716730891810e-01 6.821019559906871255e-01 -4.999999999984309440e+00 5.867840827353374422e-01
0.000000000000000000e+00 0.000000000000000000e+00 0.000000000000000000e+00 0.000000000000000000e+00
-9.853253444310680620e-02 -9.358559079822914573e-02 -9.366804075288094611e-02 -1.010528843766883289e-01
-9.789121499013385408e-02 -8.957592475058333281e-02 -8.931236145756435429e-02 -9.807021714775128463e-02
-9.441370216892605582e-02 -8.409796660626102371e-02 6.651325346570896579e-02 -4.999999999999872990e+00
1.029605087391397000e-02 -8.210826709549273739e-02 1.757058734982365755e-01 1.886774862177212075e-01
1.162404810552125217e-01 1.071850637155528640e-01 -2.057615737818070667e-02 2.997713026938911840e-01
2.537036249545596700e-01 -5.024926317260300368e-02 3.823975717554126130e-01 3.000874110444883280e-01
3.469429891706422575e-01 3.591357567505339965e-01 4.158171769617334812e-01 3.558734454944554315e-01
3.849289303586551081e-01 4.483944244384787114e-01 4.483999861851207247e-01 3.818918375028170775e-01
4.159687848090265483e-01 4.825449353969170074e-01 4.825309725495040558e-01 4.159966957359328976e-01
4.484133212139284064e-01 5.184464459680809822e-01 5.184712552254522322e-01 4.484243748189629120e-01
4.825427092757878511e-01 5.562875709123474843e-01 5.562477991153657042e-01 4.824996039217841481e-01
5.177715124049289130e-01 5.958641042164622981e-01 5.961023961148789185e-01 5.183847880117556928e-01
5.562523221020534425e-01 6.379330234443620906e-01 6.380040880079580479e-01 5.562925906730725734e-01
5.960966840966785973e-01 6.821100882563394530e-01 6.820993764352125677e-01 5.961022990995656912e-01
6.379781056667274131e-01 7.285341736317032524e-01 7.285306882585164123e-01 6.377758155165775822e-01
6.791168147899590002e-01 7.774072430626375318e-01 7.252012533431293484e-01 -4.999970475499999623e+00
-9.275135611586617090e-02 -8.831654009069213329e-02 -8.829121897361809357e-02 -9.833752633105098673e-02
-9.248243645182291361e-02 -8.424839828773549033e-02 -8.381489202381198211e-02 -9.287841163700114033e-02
-8.808474691870818440e-02 -8.412334012557753926e-02 -8.371860215135874805e-02 -8.914833504634597783e-02
-8.631187522282786351e-02 -3.180727184040747779e-02 -7.607039107240412545e-02 -8.402716951748599727e-02
-8.431059325931451742e-02 -6.603113525942813644e-02 1.802326547217720232e-01 -3.241327657756672143e-02
-7.813113046196556999e-02 1.538579432852922313e-01 3.126434590444404638e-01 2.792214618384168956e-01
2.374901338815756935e-01 2.921713222138211385e-01 4.234226541452912884e-01 3.844253261263750887e-01
3.453440925999517463e-01 2.430837823749286419e-01 4.825428195342644777e-01 4.131768962093868014e-01
4.483485170724095248e-01 -4.999999999999961808e+00 5.184723615130193419e-01 4.480033077706635503e-01
4.824381159143395492e-01 5.118572605183918656e-01 5.562879427662679177e-01 4.825327717548257289e-01
5.184575219111962063e-01 5.729231934469896093e-01 5.960942446004339201e-01 5.184291014509850859e-01
5.562621129016139809e-01 6.346904608978828355e-01 6.379999918345241605e-01 5.562535737872315034e-01
5.960746191577545039e-01 6.798416139645161449e-01 6.821092303012302738e-01 5.961021935613273204e-01
6.380025841570747813e-01 7.275546096248045602e-01 7.285370507040458410e-01 6.379852081382980655e-01
6.820486154668449208e-01 7.774074823938367240e-01 7.774013261116513585e-01 6.820866852756498622e-01
7.284941147109627035e-01 8.288499993152192991e-01 7.774045216902637501e-01 7.281859268293737752e-01
-8.830085539145021700e-02 -8.540030417125886453e-02 -8.441210661470330279e-02 -9.286150078610724834e-02
-8.804364449815398064e-02 -8.188380690044734511e-02 -8.276505149394493277e-02 -8.712521474113565922e-02
-8.343711526122664368e-02 -7.946177167313803191e-02 -3.313652793006618968e-02 -8.286333533103133753e-02
-8.297533740362687815e-02 -7.314479789301470136e-02 3.324717414893171158e-02 -8.139584719019160586e-02
-7.334491137084378498e-02 -6.641684115533620647e-02 1.394375053263626207e-01 -7.884240088664536128e-02
-5.685753915696700744e-03 1.829290398466093537e-02 2.874249707225861039e-01 1.828777007057368065e-01
2.149413997269556953e-01 2.698728717442249181e-01 2.755704566178143744e-01 3.446089647857165095e-01
3.134338002879099028e-01 1.453243255588030081e-01 -4.999999999825661234e+00 2.960733208299549668e-01
0.000000000000000000e+00 0.000000000000000000e+00 0.000000000000000000e+00 0.000000000000000000e+00
-4.999999202838499635e+00 3.108999015964589718e-01 5.829104182193322048e-01 5.144947421151923050e-01
2.830340308845549213e-01 1.688092494456751025e-01 6.364177442834952902e-01 5.558295862077464733e-01
4.589286741667348846e-01 -4.996355000000000324e+00 6.819229467851306570e-01 5.960629920416602445e-01
6.191087125096673693e-01 4.947855130077812857e-01 7.284029616643663552e-01 6.363693976437073685e-01
6.600688904562992398e-01 7.728969467136057592e-01 7.773648584710431964e-01 6.821020267407403859e-01
7.266785207207691055e-01 8.280491809091146127e-01 8.288499980558976521e-01 7.282968883782767744e-01
7.771708682451107242e-01 8.829999996901187753e-01 8.288499708249902342e-01 7.774074505998277429e-01
-8.568755645191986070e-02 -7.982411204757448864e-02 -8.172656314044790538e-02 -8.830420603406866076e-02
-8.447052791753768830e-02 -7.694835619264567272e-02 -7.786282314994073805e-02 -7.743881472464793359e-02
-7.833936131704928585e-02 -4.999999999999996447e+00 -7.319470775017769548e-02 -8.176535115414908239e-02
-7.803000214068121776e-02 -6.777893389482707309e-02 -6.663093526100030695e-02 -7.892713531577320862e-02
-7.277205108753173612e-02 -6.153702748307764148e-02 2.976723179382616269e-02 -7.279481854052916034e-02
-6.640174707352256012e-02 -5.975788602258859383e-02 2.528818127824919437e-01 -1.761014948371743966e-02
1.144539400700558540e-01 6.151402917635706569e-02 5.363087797588363820e-02 2.962865782055373320e-01
-5.224173002871700111e-02 -5.154656542051704038e-02 3.028901607658804895e-01 -5.214740842189947989e-02
1.728396606961228876e-01 -4.999999978476639129e+00 3.349560091358425584e-01 -4.999997342794999966e+00
2.591225767310115224e-01 -3.509202358092051999e-02 2.227375215914079720e-01 4.266164133683493787e-01
3.457445172869658689e-01 -2.717598091047700171e-02 -4.999671949999999754e+00 -4.166830064245245074e-02
0.000000000000000000e+00 0.000000000000000000e+00 0.000000000000000000e+00 0.000000000000000000e+00
-4.999671949999999754e+00 -1.915512899999999991e-02 5.854847378885735809e-01 3.876257215943123002e-01
5.391419037975447859e-01 -1.869756000000000196e-02 8.250717689340472116e-01 6.610011329924048162e-01
6.953407203061707786e-01 -4.987849999999999895e+00 8.829950762902647465e-01 7.657995043084734332e-01
8.287777870581013451e-01 9.399999999128585415e-01 8.829956054208620841e-01 8.288496696499907390e-01
-8.189759354546648218e-02 -7.828867079659752870e-02 -7.687512870443848068e-02 -8.495379417963676294e-02
-8.251242549243020807e-02 -7.050187693958824553e-02 -4.999999998062897077e+00 -8.268812098704422797e-02
0.000000000000000000e+00 0.000000000000000000e+00 0.000000000000000000e+00 0.000000000000000000e+00
-4.999999999999576339e+00 -6.379734020906521752e-02 -6.146162241343595956e-02 -7.200893528823716638e-02
-6.575188317251830228e-02 -5.703868466617383060e-02 -5.513304693752116292e-02 -4.090352361659317648e-02
-5.964431494965067443e-02 -5.583433528518438188e-02 -5.762247356284472266e-02 -5.959218024670857872e-02
-5.952086846053783464e-02 -5.304432182625996861e-02 -5.217475535907377393e-02 1.288555772440412028e-01
-5.914265005000497732e-02 -4.915098072405157947e-02 -4.999999998062897077e+00 -4.447759639029490869e-02
0.000000000000000000e+00 0.000000000000000000e+00 0.000000000000000000e+00 0.000000000000000000e+00
-4.999991142649999887e+00 -4.072249163376244485e-02 -2.756730080650000164e-02 -3.692831744482467926e-02
-3.529220231612775066e-02 -4.998906500000000364e+00 -1.886605350000000042e-02 -2.343106831554999520e-02
-2.248658738724999828e-02 -1.457399999999999841e-02 -1.375499999999999813e-02 -4.865000000000000213e+00
-1.457399999999999841e-02 -9.992710000000000134e-03 -1.801590000000000136e-02 -1.709263500000000185e-02
-1.638944999999999985e-02 -1.785965999999999942e-02 -3.500000000000000000e+00 -1.578150000000000039e-02
0.000000000000000000e+00 0.000000000000000000e+00 0.000000000000000000e+00 0.000000000000000000e+00
-4.998906500000000364e+00 9.999999999895395897e-01 9.399202211643045146e-01 8.829408697472209688e-01
-7.675510846943017773e-02 -7.289382518424203372e-02 -7.206656999759045168e-02 -8.095489280808448873e-02
-7.777930561512946817e-02 -7.048197467857444942e-02 -6.534458643817694923e-02 -7.682485213771428345e-02
-6.925041195219934498e-02 -6.367046176974347493e-02 -6.453336678422733064e-02 -4.999901584999999926e+00
-6.706674211146519682e-02 -6.327176946109104583e-02 -5.829066973621539749e-02 -6.502450562526650157e-02
-6.078159406049932906e-02 -5.904000751003821851e-02 -5.518309887272323383e-02 -6.184064266918221087e-02
-6.175374228218780126e-02 -4.958972406184488507e-02 -5.446844468648876642e-02 -6.005916965194479928e-02
-5.648563491175965373e-02 -5.245213021096838124e-02 -5.171100482357462308e-02 -4.953139941131680379e-02
-5.555523365219745130e-02 -5.033250382263096401e-02 -4.620940149239346345e-02 -5.025426027265314510e-02
-5.213083100388929414e-02 -4.398585607318312302e-02 -4.225039924941697417e-02 -4.998906500000000364e+00
-3.954174249250487494e-02 -4.158523995561620029e-02 -4.959500000000000242e+00 -3.550916381476799943e-02
0.000000000000000000e+00 0.000000000000000000e+00 0.000000000000000000e+00 0.000000000000000000e+00
-4.865000000000000213e+00 -1.375499999999999813e-02 -1.438499999999999848e-02 -1.843484999999999915e-02
-2.051927499999999654e-02 -2.277378249999999910e-02 -1.717799999999999883e-02 -1.859824050000000173e-02
-1.942171000000000175e-02 -1.646315999999999752e-02 -9.919000000000000733e-03 -2.392254549999999966e-02
-1.717799999999999883e-02 0.000000000000000000e+00 0.000000000000000000e+00 -3.500000000000000000e+00
0.000000000000000000e+00 0.000000000000000000e+00 0.000000000000000000e+00 0.000000000000000000e+00
