-1.038409565573562787e+00 -9.877946763239736638e-01 -9.878860928933552721e-01 -1.038410070912573202e+00
-1.040154821159955612e+00 -9.342927399865607052e-01 -9.330809580321528518e-01 -9.869452909035982824e-01
-9.868205016345977798e-01 -8.768184797838448619e-01 -8.768461282437212123e-01 -9.332196495058373564e-01
-9.335516184584067290e-01 -8.173003853617856196e-01 -8.191316028324441278e-01 -8.771373416309158344e-01
-8.783725199361841485e-01 -7.560456856830832795e-01 -7.561190017947059250e-01 -8.213052878291352554e-01
-8.247821620967948908e-01 -6.899992179124281311e-01 -5.000000000000000000e+00 -7.562081954694548358e-01
0.000000000000000000e+00 0.000000000000000000e+00 0.000000000000000000e+00 0.000000000000000000e+00
-4.999999999999872990e+00 -5.783497109048261198e-01 -5.523189051668064842e-01 -6.736699392403509012e-01
-6.369809066375178297e-01 -4.719251661405081677e-01 -6.166838061949030392e-01 -5.526635726526492043e-01
-5.905200231374022612e-01 -4.341525098361463941e-01 -6.449916007764034953e-01 -6.422434626669992763e-01
-6.096767913462671773e-01 -3.770036265092711059e-01 -6.261270620927451569e-01 -6.489815981956528201e-01
-6.611982712032142828e-01 -4.591160255253849964e-01 -6.605107001629275665e-01 -6.623794845762083217e-01
-9.878112862066771305e-01 -9.382958197386376265e-01 -9.345163649274724760e-01 -1.038412775941627730e+00
-9.887078971894879276e-01 -8.813104855411209027e-01 -8.779116006343333778e-01 -9.883391603786478852e-01
-9.345241054878211662e-01 -8.199096747345778757e-01 -8.176044679579542729e-01 -9.331260677967327943e-01
-8.796652897337587929e-01 -7.600746611026494293e-01 -7.547395703448193105e-01 -8.770580044710555301e-01
-8.183765478312983177e-01 -6.886744213078261900e-01 -6.892731007443509972e-01 -8.199894441735550155e-01
-7.552176388533864415e-01 -6.201530848746337199e-01 -6.268529126269907215e-01 -7.590634892543068890e-01
-6.919011453696028990e-01 -5.586936566788625047e-01 -5.525029521007002176e-01 -5.000000000000000000e+00
-6.470554610409887664e-01 -4.668250412230908752e-01 -4.749819511548545314e-01 -6.288871230762104192e-01
-5.481325001518745355e-01 -3.901036748961221323e-01 -3.977231288885386684e-01 -5.661121132324068439e-01
-4.897748423971959864e-01 -2.980567788797786610e-01 -3.379543092102477719e-01 -6.185765337525931384e-01
-3.943924303661179853e-01 -2.336130519448537668e-01 -4.473404914569257818e-01 -5.610408993922741949e-01
-3.575542772736887698e-01 -3.023458268470540777e-01 -4.467029428892378418e-01 -6.006092204545920854e-01
-9.392053397037418705e-01 -9.271597871557374360e-01 -8.822981520623953688e-01 -9.906303469147829110e-01
-9.384538706172670386e-01 -8.718926080888685926e-01 -8.204959042621374765e-01 -9.358460633039127341e-01
-8.813787140015533206e-01 -8.094992641779894527e-01 -7.575701565214598698e-01 -8.770510524315925371e-01
-8.209824204711578810e-01 -8.222200874501484069e-01 -6.887101461521614176e-01 -8.180447738643171762e-01
-7.544762141243942510e-01 -5.000000000000000000e+00 -6.194555526409788460e-01 -7.553984815478897996e-01
-6.886627678683401310e-01 -5.000000000000000000e+00 -5.467317699030476152e-01 -6.913241811862951280e-01
-6.261713127237815701e-01 -4.921494239632941414e-01 -4.699607150866134120e-01 -6.290109413950513151e-01
-5.466964028003780118e-01 -3.851453749809944371e-01 -3.994732535833127596e-01 -5.443957651708429824e-01
-4.712997852435928392e-01 -2.991248591140254209e-01 -3.028444667878219532e-01 -4.843580188457392022e-01
-3.851388844509722187e-01 -2.069735624843622446e-01 -2.226670747198599143e-01 -3.990681908136456957e-01
-3.191782547139617732e-01 -1.157987547677732376e-01 -2.565745470195596734e-01 -3.260072774188900180e-01
-2.279663593390229837e-01 -1.599999751638579715e-01 -2.957496999401256210e-01 -5.748420722148076534e-01
-9.275898379081986000e-01 -8.733426976506704076e-01 -8.694421712019568815e-01 -9.414255288888584428e-01
-9.283173159186753898e-01 -8.106828244145425355e-01 -8.095327615296673551e-01 -8.837008973138357204e-01
-8.696540634839116102e-01 -7.461759712515558807e-01 -8.224574002979336829e-01 -8.205094695221338830e-01
-8.125499948816007345e-01 -5.000000000000000000e+00 -5.000000000000000000e+00 -7.601685817593574201e-01
0.000000000000000000e+00 0.000000000000000000e+00 0.000000000000000000e+00 0.000000000000000000e+00
0.000000000000000000e+00 0.000000000000000000e+00 0.000000000000000000e+00 0.000000000000000000e+00
-5.000000000000000000e+00 -4.072351912060718782e-01 -4.127075002120007552e-01 -5.581164079323943650e-01
-4.974671425070399944e-01 -3.149917442335423701e-01 -2.991643914725569120e-01 -4.935144336073739035e-01
-3.925833311708988860e-01 -2.111423094031042447e-01 -2.085826105099011230e-01 -3.854283123280033418e-01
-2.983434255517728451e-01 -1.110343837576822229e-01 -1.186339921387884744e-01 -2.984713565553939185e-01
-2.060139686108195534e-01 -1.277001042315085294e-02 -2.072367778062271237e-01 -2.266255115278521803e-01
-1.297211545550708278e-01 -6.197390759046987607e-02 -2.067774100215383215e-01 -2.543661269034720451e-01
-8.726541043425136701e-01 -8.141544094994166425e-01 -8.105837815137396651e-01 -9.296578284175240903e-01
-8.719837553257354656e-01 -7.489501138423001469e-01 -7.470952832082617956e-01 -8.722811994806790592e-01
-8.106846091690009803e-01 -6.776339517649491162e-01 -5.000000000000000000e+00 -8.097212458967781856e-01
0.000000000000000000e+00 0.000000000000000000e+00 0.000000000000000000e+00 0.000000000000000000e+00
-4.999999999947698726e+00 -5.536187922579623999e-01 -5.508533789727576568e-01 -4.999999928255465242e+00
-6.238987064903964708e-01 -4.726534479939208944e-01 -4.680187982696966120e-01 -4.999999999995292654e+00
-5.450256634488798158e-01 -3.729470880864147464e-01 -3.221026184679049997e-01 -5.217500659156990572e-01
-4.160664175600766734e-01 -2.533786221235507785e-01 -2.063125198037138730e-01 -4.408220679186271584e-01
-2.970984766534439103e-01 -1.193439770500754060e-01 -1.109913750302924801e-01 -3.090466758401472780e-01
-2.059077095283258496e-01 -1.151298608931341366e-02 -1.393170878920540687e-02 -2.061670148422605486e-01
-1.126305586016177890e-01 9.319211053196364836e-02 -7.100782277046605202e-03 -1.142338068043317056e-01
-1.695002497699293897e-02 1.615839223246674228e-01 -4.039879147795183423e-02 -2.184833505568852807e-01
-8.142480798164092315e-01 -7.857614237911205723e-01 -7.516226323122358055e-01 -8.736682875147726568e-01
-8.141723023786285873e-01 -5.000000000000000000e+00 -6.818567035169417201e-01 -8.141049489750061818e-01
-7.521012812338375708e-01 -6.118489979298963322e-01 -6.066191766005745167e-01 -7.464473991597743163e-01
-6.803233257767092867e-01 -5.411734155991275719e-01 -5.317980905804107206e-01 -5.000000000000000000e+00
-6.064874820931521748e-01 -4.649111829676480512e-01 -4.544251844797913553e-01 -6.258270607704616850e-01
-5.466828942206932718e-01 -3.811569877809866669e-01 -3.728979871236516308e-01 -5.450528901680009586e-01
-4.569981594579898276e-01 -2.959316116885945536e-01 -2.545632789919667904e-01 -4.693210596023582037e-01
-3.827950255450438544e-01 -1.353884537980465652e-01 -1.227498970009287260e-01 -3.647826719271644591e-01
-2.315232702737127224e-01 -3.403078075230832333e-02 -1.250061871970336268e-02 -2.098526808198923344e-01
-1.233879195680802759e-01 9.355252976812192256e-02 9.247268042735579119e-02 -1.111373151632682743e-01
-1.158880772786536305e-02 2.036091453575920307e-01 1.042521768571620100e-01 -1.179672813765284163e-02
9.138296358690005394e-02 2.852170081263443180e-01 1.521765925109404283e-01 1.079413363852080310e-02
-7.942256910517880852e-01 -7.171799701170213925e-01 -5.000000000000000000e+00 -8.144323381736688905e-01
0.000000000000000000e+00 0.000000000000000000e+00 0.000000000000000000e+00 0.000000000000000000e+00
-5.000000000000000000e+00 -5.357279102865158960e-01 -5.423527795564194731e-01 -6.839581455065401050e-01
-6.102000920948028595e-01 -4.642526031806003539e-01 -4.686091736480524905e-01 -6.109714264627952307e-01
-5.561973458495443889e-01 -3.921467905276091459e-01 -3.812216057311665907e-01 -5.482402637023187086e-01
-4.643075576165506257e-01 -5.000000000000000000e+00 -2.945719731410414433e-01 -4.883779079019624492e-01
-3.811959776023143287e-01 -2.044268619892601890e-01 -2.413133013333215449e-01 -3.889097498513257034e-01
-2.979111961591376367e-01 -4.999999998062897077e+00 -2.455708882560934253e-02 -3.601638211938130163e-01
-1.769144533045152734e-01 9.051204540642381058e-02 -3.202874770255591252e-02 -1.282274493708331353e-01
-1.361573959024347247e-01 2.040376861107746909e-01 2.043358754097627794e-01 -2.651841906441717092e-02
9.249035945964249883e-02 3.205409437484583179e-01 2.821674945538041324e-01 9.045528128609787999e-02
2.041892273581945583e-01 4.120992865805438998e-01 2.598685409441069405e-01 1.369973347720419010e-01
-7.122146528237006669e-01 -5.000000000000000000e+00 -6.333572617552862827e-01 -7.959625779422991876e-01
-7.171344961130015072e-01 -5.952533802399141427e-01 -5.531262570992687699e-01 -4.999999999999996447e+00
-6.297608106462004862e-01 -5.175226722661199208e-01 -4.539981186797588664e-01 -6.186737040244169039e-01
-5.549561812981581577e-01 -4.033393534827177662e-01 -3.691675112853423091e-01 -5.417948708423427906e-01
-4.560091441220562869e-01 -2.826711866321412470e-01 -4.999999999825661234e+00 -4.701532058716746398e-01
0.000000000000000000e+00 0.000000000000000000e+00 0.000000000000000000e+00 0.000000000000000000e+00
-4.999997342794999966e+00 -1.094298207708242765e-01 -4.996355000000000324e+00 -3.209063506418630141e-01
0.000000000000000000e+00 0.000000000000000000e+00 0.000000000000000000e+00 0.000000000000000000e+00
-4.999999978476639129e+00 2.039910739520294225e-01 1.635912153730618157e-01 -4.679089602497805978e-02
9.269028874775023241e-02 2.559534234512524375e-01 3.202078305957766768e-01 8.304965227923906401e-02
2.037838573510207807e-01 4.428099175883189464e-01 3.567807085297398095e-01 2.038647472272864247e-01
3.206077509384286373e-01 5.408547041113419551e-01 2.243113140717696019e-01 2.394788557176095178e-01
0.000000000000000000e+00 0.000000000000000000e+00 0.000000000000000000e+00 0.000000000000000000e+00
-4.999999999984309440e+00 -5.431379029424587834e-01 -5.202490862587597631e-01 -6.474159945103258318e-01
-5.970156916707890504e-01 -5.826007049848797026e-01 -3.879448484022331445e-01 -5.626484272191785152e-01
-5.660732607697257501e-01 -5.106501171685970952e-01 -2.788242849334652274e-01 -4.669293862360568426e-01
-3.818217911925435581e-01 -2.816152400839356251e-01 -1.871822729974727817e-01 -3.765476303429068916e-01
-2.990038596555469885e-01 -2.025885849131415228e-01 -9.150524758477462939e-02 -4.999999999825661234e+00
-2.143961306447939308e-01 -1.246362659513322313e-01 5.588131947917569092e-02 -2.210951287032584811e-01
-9.361603669837689767e-02 1.911903411751489645e-01 1.973851655180799691e-01 -4.999999928255465242e+00
8.366046098414367527e-02 3.200957749638664862e-01 1.966897559297953180e-01 9.065115643295919290e-02
1.864724458399873996e-01 3.888265913415104302e-01 4.298943140311432543e-01 1.179485535941529190e-01
2.552308298648882645e-01 5.715327148098547916e-01 5.614978887771108207e-01 3.117929258283355098e-01
4.398947903655479608e-01 7.065024301837264931e-01 5.003410819450588853e-01 3.550229273601378521e-01
-4.650204702903438791e-01 -4.952830897911365549e-01 -5.248193611071975129e-01 -4.999997342794999966e+00
-5.328654318217190822e-01 -5.207950923714954605e-01 -5.539102943049170058e-01 -5.312541435096429510e-01
-5.734141387009502600e-01 -5.383753411387870447e-01 -4.066054489325343080e-01 -5.277545108143852914e-01
-5.831574033526434331e-01 -5.733482940028961083e-01 -2.771610475804460183e-01 -3.748726380769593636e-01
-3.640746734938858364e-01 -4.718336306408458247e-01 -1.818687974917082006e-01 -2.974948136262561826e-01
-2.779943975953625412e-01 -2.946542544494199500e-01 -8.492545659422726101e-02 -2.044737102737972101e-01
-2.546882093025315541e-01 -3.339001284235729172e-02 3.428046309847795903e-02 -1.109424134088624336e-01
-1.309343492032395140e-01 2.041036156058116668e-01 3.181408227153363355e-01 7.025603442842473512e-02
1.908748935288735182e-01 4.075747955054077609e-01 4.425739750994927002e-01 2.016333568455163372e-01
3.200298124205392392e-01 5.686179850931808444e-01 5.714588465415749718e-01 2.617868416922278785e-01
4.425334131541622806e-01 7.072664724895124655e-01 6.928958864483424351e-01 4.414748664939092127e-01
5.697909512231345008e-01 8.499460458461349788e-01 7.059071908671438189e-01 3.139693092650163164e-01
-5.105671540014279364e-01 -4.999708423894002607e-01 -5.246362407977313014e-01 -5.131538108885637106e-01
-4.781472848444042745e-01 -5.720056993426658742e-01 -5.486909342734306305e-01 -5.261211525969198277e-01
-5.474569664893902399e-01 -5.745210790165651282e-01 -4.872030492858253625e-01 -5.732844726558077308e-01
-5.595009596682222197e-01 -5.277043129076834926e-01 -5.044812914162388751e-01 -4.096839092432537077e-01
-4.772046226992728846e-01 -3.944552371842363625e-01 -4.304575728757633613e-01 -2.858480267796468799e-01
-4.196491602830432210e-01 -1.787363397262667630e-01 -3.488351633124052720e-01 -2.046051258342235224e-01
-3.545784429694922024e-01 -9.945406298005099455e-02 2.209097358880247053e-01 -1.155253313441005625e-01
6.987062105441971260e-02 -4.801463295139346554e-02 3.956587302922588423e-01 1.677428048170107600e-01
2.043720502756553037e-01 4.219669526406620852e-01 5.685049601743643599e-01 3.107429279881704365e-01
3.584096798468466294e-01 6.962897909656533546e-01 7.061412139498344231e-01 4.356044432667161570e-01
5.705028647657534036e-01 8.480690385370025508e-01 8.499457640364554978e-01 5.710812863801939532e-01
7.068240414775777136e-01 9.999982285299999774e-01 8.348357082414999963e-01 6.745659346128601852e-01
-5.113214136859784986e-01 -5.212427142204976160e-01 -5.722326462747830966e-01 -5.235055286410911224e-01
-5.757860810687631670e-01 -5.570186599937680949e-01 -5.822536353679159671e-01 -5.406098704325775772e-01
-5.557493371251864822e-01 -5.932368083516087465e-01 -5.333896603307873852e-01 -5.376357045160794490e-01
-5.584685639749016328e-01 -5.309381565258365354e-01 -3.741307531265790631e-01 -4.922409353619909833e-01
-5.102186459262783025e-01 -4.940230409259458444e-01 -2.701147994756676884e-01 -4.048870825910010351e-01
-4.183652254001636317e-01 -2.315226749974061693e-01 -6.007750774707860258e-02 -3.154715089196195033e-01
-2.151539126519315670e-01 -1.938773995625346913e-01 4.648964063971967875e-02 5.341462755895549919e-02
-9.911841200386373174e-02 -7.975461234337957728e-02 4.514075017631838382e-01 -2.700417325380973788e-01
1.637707549194602485e-01 4.616968726282921764e-01 6.976826485864979777e-01 3.478013984432478667e-01
5.521098884797429607e-01 6.437050768261617373e-01 8.461266637833624316e-01 5.695245769827125271e-01
6.706667155587174856e-01 8.292242959262499102e-01 9.992710000000000203e-01 7.056874539216293485e-01
0.000000000000000000e+00 0.000000000000000000e+00 0.000000000000000000e+00 0.000000000000000000e+00
