1.760682532435689507e-01 2.909518303239925774e-01 2.760934734165338966e-01 1.764036944345107882e-01
1.762531482190128895e-01 -5.000000000000000000e+00 3.958878667604153745e-01 2.760932902162360203e-01
2.760733869717587052e-01 5.219872283542417168e-01 2.760913525040926131e-01 3.958878649098635516e-01
3.958873702999027300e-01 -4.999999993542991739e+00 2.486248913608486988e-01 2.760572677310385581e-01
2.907416402729245397e-01 4.115293975827173933e-01 -5.000000000000000000e+00 1.763310780227298757e-01
0.000000000000000000e+00 0.000000000000000000e+00 0.000000000000000000e+00 0.000000000000000000e+00
-4.999991142649999887e+00 6.547233983499999299e-01 -4.999999928255465242e+00 3.958497528744653327e-01
0.000000000000000000e+00 0.000000000000000000e+00 0.000000000000000000e+00 0.000000000000000000e+00
4.112060970146018124e-01 -4.999999999947698726e+00 5.384524741261474956e-01 2.899173547493500425e-01
3.936006033814999361e-01 6.132859106027498397e-01 6.721986776049999612e-01 -4.998906500000000364e+00
4.797109824848161397e-01 8.396336199999999694e-01 -4.865000000000000213e+00 3.750592658574999350e-01
0.000000000000000000e+00 0.000000000000000000e+00 0.000000000000000000e+00 0.000000000000000000e+00
0.000000000000000000e+00 0.000000000000000000e+00 0.000000000000000000e+00 0.000000000000000000e+00
-4.865000000000000213e+00 4.691266493777498936e-01 8.422957133499999749e-01 -6.999999999999999278e-02
6.631147161729999961e-01 5.933840499999999407e-01 9.992710000000000203e-01 4.548532134999999088e-01
0.000000000000000000e+00 0.000000000000000000e+00 0.000000000000000000e+00 0.000000000000000000e+00
