-3.025775443814406440e+00 -3.053243084783605621e+00 -3.007859664077350725e+00 -3.015943381025786518e+00
-3.045657697608107561e+00 -2.938949686469471967e+00 -2.937854121849543532e+00 -2.951195351640998332e+00
-2.953746353057102869e+00 -2.869023876972302656e+00 -2.868876120887243530e+00 -2.876301879797424021e+00
-2.815871439557187994e+00 -2.799318861646928447e+00 -2.798853279770471048e+00 -2.815252028528818506e+00
-2.744541013147231645e+00 -2.730810033959492067e+00 -2.906540635135319572e+00 -2.769768244610293806e+00
-2.638343798903542758e+00 -2.636495841523929684e+00 -4.999750100209735315e+00 -2.641299234263385642e+00
0.000000000000000000e+00 0.000000000000000000e+00 0.000000000000000000e+00 0.000000000000000000e+00
-4.887358002275304258e+00 -2.245790556999092580e+00 -2.243401214728648618e+00 -2.399441669868076943e+00
-2.243452188816904780e+00 -2.245512233334955532e+00 -2.246340924220343815e+00 -2.242618898665562632e+00
-2.222927986355238250e+00 -2.212510515636030739e+00 -2.204900885047463177e+00 -2.209903797124149083e+00
-2.169129245305272402e+00 -2.162035949782492139e+00 -2.156142168234361556e+00 -2.156375992656548224e+00
-2.110874110204087550e+00 -2.494759457454857277e+00 -2.104765710392841438e+00 -2.107646007100329122e+00
-2.060150023635209493e+00 -2.056559143386512467e+00 -2.057230646472335334e+00 -2.056397958097642142e+00
-2.005962493719461559e+00 -2.008189300857631920e+00 -2.006789860243637591e+00 -2.018635388749283610e+00
-1.966305195952818829e+00 -1.957034540843813009e+00 -1.953089512146543472e+00 -1.957309609281508322e+00
-1.918899568355224572e+00 -1.907433571071946554e+00 -1.906575220005145122e+00 -1.914454165437776689e+00
-1.875103477573513588e+00 -1.859109948176149496e+00 -1.867330579640208876e+00 -1.861469126892132842e+00
-1.841056089727896028e+00 -1.830912302671287462e+00 -1.833411389909722411e+00 -1.843051720959041573e+00
-1.811278832228657043e+00 -1.813714255703419376e+00 -1.814291570592995839e+00 -1.815143789177998457e+00
-1.808348151506216528e+00 -1.808719157625939600e+00 -1.806850070442045375e+00 -1.804223033637066154e+00
-3.205717605858402042e+00 -4.999997307263870816e+00 -3.007204600238720715e+00 -2.917698832173556855e+00
-2.891064777337600145e+00 -4.999999999985274002e+00 -2.873589280595449935e+00 -2.896226369576778037e+00
-2.851496404745164082e+00 -2.935641608792605162e+00 -2.802489056675662393e+00 -2.822542440073998016e+00
-2.803622411998385466e+00 -2.731816883050850020e+00 -2.731639190806940398e+00 -2.764169558004975880e+00
-2.677550860795576249e+00 -2.659365205257991693e+00 -2.659454381612798457e+00 -2.684971414695940251e+00
-2.602735874655745185e+00 -2.585736347697800142e+00 -2.627968658191403684e+00 -2.625219749158536509e+00
-2.380152333021772204e+00 -2.360062198364736741e+00 -2.352134920588744293e+00 -4.995702477721414958e+00
-2.485011768743865979e+00 -2.331742120492738657e+00 -2.321801272504234070e+00 -2.575546686531339446e+00
-2.286894977253101313e+00 -2.270054296039035968e+00 -2.269421490854621748e+00 -2.272172380546942705e+00
-2.223755423880397597e+00 -2.230719756863193570e+00 -2.223247852524554702e+00 -2.225403255851726048e+00
-2.177971465369833659e+00 -2.163814201054044872e+00 -2.163798829437331150e+00 -2.167751282387644807e+00
-2.114181509285196991e+00 -4.898622202047773655e+00 -2.110862320813499338e+00 -2.127136399942878509e+00
-2.060015744309201757e+00 -2.165275791237598391e+00 -2.056430331849172344e+00 -2.057792499056390945e+00
-1.997737785597607063e+00 -2.061752899317112142e+00 -1.989142198492175551e+00 -1.995775249980279220e+00
-1.941180798606252811e+00 -1.933795745510216824e+00 -1.937177259247637950e+00 -1.942419751050973309e+00
-1.892231436581581994e+00 -1.894187737343146827e+00 -1.889336845849236335e+00 -1.896262967455705661e+00
-1.852538786930543413e+00 -1.851481514745553225e+00 -1.848992326315534784e+00 -1.845641553879193708e+00
-1.818740139993296978e+00 -1.822437460350535110e+00 -1.818020392377126315e+00 -1.826820641485697339e+00
-1.803175024668732140e+00 -1.798713644811202661e+00 -1.802214955724401602e+00 -1.796261291976424257e+00
-1.791998995718683041e+00 -1.789160370012531809e+00 -1.795832914263453484e+00 -1.802049115951102287e+00
0.000000000000000000e+00 0.000000000000000000e+00 0.000000000000000000e+00 0.000000000000000000e+00
0.000000000000000000e+00 0.000000000000000000e+00 0.000000000000000000e+00 0.000000000000000000e+00
-4.999998036995362050e+00 -2.597994280900733699e+00 -2.599572828280413361e+00 -2.622964559716865374e+00
-2.656032894005770029e+00 -2.651884069776217601e+00 -2.652883043071093461e+00 -2.731233152433429456e+00
-2.619261880795494601e+00 -2.588722421123296868e+00 -2.584744014494844144e+00 -2.615259073969343095e+00
-2.545154474125235211e+00 -2.516800044432027317e+00 -2.508446509426590421e+00 -2.560925970706554811e+00
-2.459058900757825405e+00 -2.441039005795869965e+00 -2.426014671900359243e+00 -2.443624802695818943e+00
-2.381182620735434963e+00 -2.338080590335990916e+00 -2.367264433462161755e+00 -2.369835808341356653e+00
-2.317669877221600672e+00 -2.315369359973867169e+00 -2.308735508400642900e+00 -2.309821908560236281e+00
-2.272179402436799833e+00 -2.270249311572956508e+00 -2.344740680235819497e+00 -2.269565441776527859e+00
-2.145960313814623710e+00 -2.115091495107498165e+00 -4.887358002275304258e+00 -2.101524900010468766e+00
0.000000000000000000e+00 0.000000000000000000e+00 0.000000000000000000e+00 0.000000000000000000e+00
-4.601167784615637579e+00 -2.068311049701335058e+00 -2.144619320881871793e+00 -1.956902785781832632e+00
-1.861573087235991686e+00 -4.709251314984799208e+00 -1.852347521946430930e+00 -1.851960145350190823e+00
-2.034607661811062229e+00 -1.897188573747254692e+00 -1.901997724551552471e+00 -1.898806051861237298e+00
-1.877581112369749006e+00 -1.877444402025828740e+00 -1.869791138957675791e+00 -1.871191508478650123e+00
-1.834368909539759507e+00 -1.827646056825634968e+00 -1.829763747343719382e+00 -1.827275352667175445e+00
-1.799271325710755098e+00 -1.805512947595274253e+00 -1.802128516500693056e+00 -1.807158188300599821e+00
-1.780182030961341200e+00 -1.777473568856286379e+00 -1.778170986825851951e+00 -1.776658944510099092e+00
-1.770081094405950850e+00 -1.762680037920342890e+00 -1.769009466727887059e+00 -1.769309986002561841e+00
-2.756411808177901879e+00 -2.422363538450171383e+00 -2.427926186675199105e+00 -4.828315808985374602e+00
-2.531152269936905341e+00 -2.501008183564194631e+00 -2.503517327428348871e+00 -4.974231123963399170e+00
-2.543312180803861011e+00 -2.542719830545696169e+00 -2.542396488042106828e+00 -2.566920517665712165e+00
-2.583354485115439303e+00 -2.578339447058473510e+00 -2.578017811928619896e+00 -2.630199398202534677e+00
-2.554635626711836416e+00 -2.511580432826996834e+00 -2.510079319166645728e+00 -2.567119710439835778e+00
-2.507759903184891392e+00 -2.435609387274895177e+00 -2.429769769672116553e+00 -2.437195091246370016e+00
-2.412683378051156069e+00 -2.350882027729365387e+00 -2.361781441785534952e+00 -2.426116526122755968e+00
-2.356919524350856943e+00 -2.237796003741924000e+00 -2.339197968493992974e+00 -2.364309696993171617e+00
-2.318168135643674965e+00 -2.437050955650527762e+00 -2.306351799865176133e+00 -2.308873896629901168e+00
-2.272075393291389744e+00 -4.809239787761526941e+00 -2.275518475130986928e+00 -2.274689354115350337e+00
-2.272332073716967660e+00 -2.406981985811607938e+00 -2.242261480757256287e+00 -2.303693782359546471e+00
-2.070561154721422881e+00 -4.073489905574079195e+00 -2.045133624001123085e+00 -4.073489905574079195e+00
-1.975028170150154638e+00 -1.935646054444354114e+00 -4.166140915016670832e+00 -1.899763690812528605e+00
0.000000000000000000e+00 0.000000000000000000e+00 0.000000000000000000e+00 0.000000000000000000e+00
-4.676945905538666182e+00 -1.565772577422828382e+00 -1.598366811845147062e+00 -1.610775190045235616e+00
-1.937801711154963469e+00 -1.848272552769030908e+00 -2.098845089243245088e+00 -1.878497616080423205e+00
-1.799073153797273950e+00 -4.709251314984799208e+00 -1.791103683811553271e+00 -1.798132022891679060e+00
-1.864388743529420189e+00 -1.915610762111358056e+00 -1.789111021898498466e+00 -1.785729701816852977e+00
-1.752365216270903803e+00 -1.741259555105231449e+00 -1.740462875395381470e+00 -1.744052038509991354e+00
-1.735619839610290871e+00 -1.730310539749113419e+00 -1.733720445930590159e+00 -1.730898646223604231e+00
-2.444916727228552578e+00 -2.445543161485132178e+00 -2.453126081001979486e+00 -2.449222918761203349e+00
-2.472538859352487517e+00 -2.467856213415262179e+00 -2.480863874828266535e+00 -2.488105893105484689e+00
-2.490759002581269588e+00 -2.490710492466237547e+00 -2.489007285816910553e+00 -2.497185753128034591e+00
-2.514397879486752085e+00 -2.506975060237109254e+00 -2.506881402640886769e+00 -2.549931195001648998e+00
-2.471087186352429743e+00 -2.440542849308917184e+00 -2.435761900378268674e+00 -2.477592398646264016e+00
-2.407072427721885344e+00 -2.363923020297708177e+00 -2.348954982671633829e+00 -2.406094094195525113e+00
-2.336469150760313696e+00 -2.283288268243031549e+00 -2.259074784148999537e+00 -2.355363577679247200e+00
-2.253848135758983240e+00 -2.145320979555954466e+00 -2.522927421586054209e+00 -2.292891793073122741e+00
-2.162121009900525248e+00 -2.120615996796928027e+00 -4.971367915514887770e+00 -2.160552316870229195e+00
0.000000000000000000e+00 0.000000000000000000e+00 0.000000000000000000e+00 0.000000000000000000e+00
-4.392116727047153724e+00 -1.792919001524262645e+00 -3.856160377251949711e+00 -1.811835787618206073e+00
0.000000000000000000e+00 0.000000000000000000e+00 0.000000000000000000e+00 0.000000000000000000e+00
-4.392116727047153724e+00 -1.556160292084522556e+00 -1.874911799738185225e+00 -1.583110422725206856e+00
-1.449298773688275199e+00 -1.371494998198781179e+00 -1.349886261382088115e+00 -4.556853094017375483e+00
-1.699490503736717395e+00 -1.554926159372476135e+00 -1.558034376052453540e+00 -1.572694479762565933e+00
-1.544968573981475579e+00 -1.544099017357274395e+00 -4.556853094017375483e+00 -1.609424726726181198e+00
0.000000000000000000e+00 0.000000000000000000e+00 0.000000000000000000e+00 0.000000000000000000e+00
-4.601167784615637579e+00 -1.563534629399625064e+00 -1.558254188996213596e+00 -1.565106263378799545e+00
-1.758505221216108527e+00 -1.680969319253294847e+00 -1.685574784015460681e+00 -1.679073836991091584e+00
-1.695811462257570845e+00 -1.689599476048735394e+00 -1.690210657510414327e+00 -1.693403936998701953e+00
-2.423887434151090314e+00 -2.416648278295153496e+00 -2.415275739530028609e+00 -2.413740340647943405e+00
-2.423857621257996975e+00 -2.424900837904709672e+00 -2.422569104288164965e+00 -2.432189728236170634e+00
-2.436149578019298989e+00 -2.432212814309160809e+00 -2.433230815469949793e+00 -2.441515436838461728e+00
-2.437073136789819738e+00 -2.437416762796070113e+00 -2.437712384528781140e+00 -2.451181484910318620e+00
-2.392736049820803679e+00 -2.376131574824872583e+00 -2.377088473912031485e+00 -2.380503210804619130e+00
-2.339920188571864124e+00 -2.350568091093471867e+00 -2.282474216189883442e+00 -2.317449471263481442e+00
-2.262945514451775164e+00 -2.330641909794876288e+00 -2.177703394688292882e+00 -2.263598759624421142e+00
-2.254097435145454575e+00 -2.069414736094905560e+00 -2.134785231872097011e+00 -2.218210481551275315e+00
-2.098232446129331574e+00 -2.014449464397652267e+00 -2.186822323481115493e+00 -2.140574987915546679e+00
-1.899131204484530988e+00 -1.871507787138332768e+00 -1.883146536581429276e+00 -4.917883983658696501e+00
-1.856103704196629733e+00 -1.818851151171410718e+00 -1.856253668040171778e+00 -1.972329928172487978e+00
-1.640519884037627163e+00 -1.619264609930496368e+00 -1.621283739259030243e+00 -4.709251314984799208e+00
-1.668150809014737668e+00 -1.578194703668286847e+00 -1.595917242245476153e+00 -1.598323251148358715e+00
-1.566384692659423816e+00 -1.555770059434574693e+00 -1.554951210965834107e+00 -1.562272528385533654e+00
-1.525865266369361706e+00 -1.500504959428170304e+00 -1.519942623243197399e+00 -1.528117195052768995e+00
-1.485046105552779272e+00 -1.465221750410601320e+00 -1.567259379122467600e+00 -1.644155618362793447e+00
-1.494022109818246902e+00 -1.483996020002203542e+00 -1.487247708352507081e+00 -4.641051006154073733e+00
-1.538548034012124477e+00 -1.539051692043083230e+00 -1.566469194059973979e+00 -1.737431764106923682e+00
-1.618770298949396169e+00 -1.619558615024584203e+00 -1.626958079792012457e+00 -1.618793953175306832e+00
-1.639915419674081054e+00 -1.639567555624181550e+00 -1.655358097820378349e+00 -1.657155523087212812e+00
-2.387546718094725406e+00 -2.376949831848946815e+00 -2.384005948870330904e+00 -2.381986002658704749e+00
-2.385776522640212338e+00 -2.383187969680617968e+00 -2.385845851107469162e+00 -2.385281191682499191e+00
-2.380302442052600664e+00 -2.375901613953074865e+00 -2.374194013769206357e+00 -2.383116454808888118e+00
-2.372014750029212138e+00 -2.370305043483404539e+00 -2.369245124364099730e+00 -2.376105423226756219e+00
-2.321014332159680560e+00 -2.311620380671846942e+00 -2.312362768374106814e+00 -2.328161482948366334e+00
-2.330700074527742416e+00 -2.405772844491417928e+00 -2.337434945513699791e+00 -2.323934996710806722e+00
-2.096512955702221959e+00 -4.960724163943605269e+00 -2.077745743711402859e+00 -2.137983498973403673e+00
-2.154044605316846273e+00 -2.073859585403814876e+00 -1.940703210385549271e+00 -2.168585872126455261e+00
-2.092587374044406090e+00 -1.970960862744263853e+00 -1.845903580763652796e+00 -2.106264731137675650e+00
-2.000171243123229026e+00 -1.873538201698134564e+00 -1.737931299995015832e+00 -1.974681095792048202e+00
-1.877102032953714472e+00 -1.789194595064632187e+00 -1.636073452141475926e+00 -1.886858796724117049e+00
-1.806542856809079778e+00 -1.664221373482001942e+00 -1.533521122961746030e+00 -1.720171046653092173e+00
-1.701690179675193759e+00 -1.440191630611145301e+00 -1.591812472191352024e+00 -1.641084853376745922e+00
-1.540809281845069822e+00 -1.508062510207746953e+00 -1.430532166158827945e+00 -1.538516747153329867e+00
-1.498597173941129235e+00 -1.236882905577794345e+00 -1.456834119029816410e+00 -1.498522400450532199e+00
-1.408767614957844527e+00 -1.332912406106404601e+00 -1.421812248855441219e+00 -1.418515225040716921e+00
-1.428423112380963644e+00 -1.418118069857629449e+00 -1.437669741091638809e+00 -1.432896856196030022e+00
-1.488467301881844618e+00 -1.493115816686287012e+00 -1.487006932976384421e+00 -1.498939753486253856e+00
-1.558524761997787111e+00 -1.774856402865735649e+00 -1.579891982696923103e+00 -1.569793433366928337e+00
-1.595153084856015369e+00 -4.392116727047153724e+00 -1.599924671457491065e+00 -1.606568473131179564e+00
-2.349859977086516949e+00 -2.335712690021451099e+00 -2.344222694561672427e+00 -2.336461249234615956e+00
-2.333730187100222508e+00 -2.334986852300302118e+00 -2.333846689486234638e+00 -2.358587842123865297e+00
-2.325795555736686282e+00 -2.316637863072867454e+00 -2.321118704388488219e+00 -2.318558995738662087e+00
-2.307765428752075465e+00 -2.304550897072412674e+00 -2.306208799763763917e+00 -2.315895799961027013e+00
-2.245402378071382099e+00 -2.236238584852522582e+00 -2.448296810216236796e+00 -2.257546268662141475e+00
-2.054341410803241175e+00 -2.060781073062999180e+00 -4.976808011567059431e+00 -2.086735569774960553e+00
0.000000000000000000e+00 0.000000000000000000e+00 0.000000000000000000e+00 0.000000000000000000e+00
-4.917883983658696501e+00 -1.900362397526608405e+00 -1.902103839732261603e+00 -1.922927931676922553e+00
-2.421181481424711901e+00 -1.871525362897335842e+00 -1.869112457401014948e+00 -1.884227344334125531e+00
-1.821782568899602106e+00 -1.786798190479115922e+00 -1.800606854761766629e+00 -1.820478607758964973e+00
-1.776873005310569908e+00 -1.690560491013563649e+00 -1.726568567793875131e+00 -1.735223814067391457e+00
-1.726236368783394148e+00 -1.637742188551661204e+00 -1.480522266462155123e+00 -1.658583917045081346e+00
-1.613878643858467132e+00 -1.447749018435406709e+00 -1.354114148334226275e+00 -1.619733958919394423e+00
-1.488889648144985589e+00 -1.309291422253684667e+00 -1.210780254933463862e+00 -1.548673575523504153e+00
-1.430997380025952559e+00 -1.108255116804207852e+00 -1.317046335723435879e+00 -1.427555402614729685e+00
-1.346210481647624801e+00 -1.127771394882055800e+00 -1.327344135122335400e+00 -1.364693903440324707e+00
-1.349029810912695249e+00 -1.304380366124271440e+00 -1.395574242808769849e+00 -1.383710429719970270e+00
-1.401619457659172507e+00 -1.377716751464580947e+00 -1.553978303901597968e+00 -1.432515686467407123e+00
-1.395515235806968901e+00 -1.430421073062993376e+00 -4.556853094017375483e+00 -1.401187684727607241e+00
0.000000000000000000e+00 0.000000000000000000e+00 0.000000000000000000e+00 0.000000000000000000e+00
-2.304366391913737822e+00 -2.298405841002145955e+00 -2.304621729695881083e+00 -2.299545614755655443e+00
-2.297022725455301728e+00 -2.289558425770767514e+00 -2.294001932183259651e+00 -2.296481927086492014e+00
-2.265392058475288461e+00 -2.266113194623952332e+00 -2.264190387344461985e+00 -2.263896596029350228e+00
-2.235383714216655715e+00 -2.231473937189259793e+00 -2.229311263242097940e+00 -2.265401040319282799e+00
-2.177161262983182688e+00 -2.167001266289494854e+00 -2.143342973206179725e+00 -2.177549980830219223e+00
-2.086991976087006151e+00 -2.038082237811086994e+00 -2.100282920187056312e+00 -2.183389627932637467e+00
-1.902417451176759089e+00 -1.890002895406174055e+00 -1.890685317659081877e+00 -4.860935805278153943e+00
-1.919746979516371521e+00 -1.855697311898882651e+00 -1.863774437111803461e+00 -1.865415377804056973e+00
-1.826044808888074078e+00 -1.801247604054540874e+00 -1.778352396381415845e+00 -1.840868279652868145e+00
-1.758609691819588372e+00 -1.637655326336701744e+00 -1.721332178319288531e+00 -1.781099866663313103e+00
-1.717261711101462529e+00 -1.643757223633238507e+00 -1.569087115856079073e+00 -1.701096161969879006e+00
-1.655850920649164504e+00 -1.535624827348905930e+00 -1.406752147416448162e+00 -1.603854905851396895e+00
-1.565858886505246961e+00 -1.277186437524712392e+00 -1.469732368078487283e+00 -1.536743611434741252e+00
-1.468107841030773297e+00 -1.425053755717067938e+00 -1.097100540055313989e+00 -1.437418439001074688e+00
-1.289600108710977411e+00 -9.713785324180578273e-01 -1.150419672904469337e+00 -1.319816041664092943e+00
-1.223308013116820581e+00 -8.803801670942000834e-01 -1.287234985490296690e+00 -1.319002486650475259e+00
-1.256083741333518411e+00 -1.120150073140579350e+00 -1.298350374073884428e+00 -1.348203636476239753e+00
-1.330288251169740921e+00 -1.250579384295224195e+00 -1.350162994537598138e+00 -1.343325159900732535e+00
-1.348525947936871860e+00 -1.354063290887494775e+00 -1.538232645953963251e+00 -1.789211047432665458e+00
-1.071664472800966550e+00 -1.040414592151585271e+00 -1.045986102499987025e+00 -3.970544339526754563e+00
-2.438731869126157026e+00 -4.887358002275304258e+00 -2.268241470372440727e+00 -2.266973058289011522e+00
-2.462497924691291917e+00 -2.293553333573650210e+00 -2.258585271030385755e+00 -2.263552712572300951e+00
-2.231969175011558448e+00 -2.219641361503846166e+00 -2.219847313258487720e+00 -2.219397277519358447e+00
-2.175250633111374121e+00 -2.170648867507586122e+00 -2.154370108039954435e+00 -2.167822387954904340e+00
-2.115126191802174205e+00 -2.123831362483348251e+00 -2.048691394535663512e+00 -2.148674212278192108e+00
-2.076269036874305307e+00 -2.028632971543550489e+00 -1.923961148673043908e+00 -2.098251498502113233e+00
-1.936975187300132184e+00 -1.929054014511608628e+00 -1.815321699931363275e+00 -2.072091239190828382e+00
-1.907865956105869509e+00 -1.877944791645855371e+00 -1.704362121762434068e+00 -1.873079405633137462e+00
-1.807234493265327702e+00 -1.766805594495823639e+00 -1.605116658910801020e+00 -1.835725779221425880e+00
-1.753913565358576676e+00 -1.698413159674005080e+00 -1.525993208816627700e+00 -1.750855294187058986e+00
-1.674477462119532412e+00 -1.664982685123000072e+00 -1.396332702771675427e+00 -1.653527398561779771e+00
-1.584036964780404899e+00 -1.612300015422922117e+00 -1.226018902409953260e+00 -1.603461562161772491e+00
-1.434423394307997368e+00 -1.793345605387432817e+00 -1.075721128232096868e+00 -1.440835389237717035e+00
-1.390719806527861646e+00 -1.307544775917337976e+00 -9.740882456622282914e-01 -1.314611689134745909e+00
-1.159749691533633387e+00 -1.060373953435008731e+00 -8.687535773257238914e-01 -1.166622480051223709e+00
-1.031805614308521912e+00 -7.416300162427896803e-01 -1.077508949106004144e+00 -1.064720932283873767e+00
-9.349443326674732324e-01 -1.168396671685407728e+00 -1.239936186415476982e+00 -1.241496061764378878e+00
-1.064453540438690782e+00 -1.261079616404669146e+00 -1.291502504675168028e+00 -1.295816258533364573e+00
-1.282165859597868884e+00 -1.421127467749005779e+00 -1.496146527901770495e+00 -1.319764306576377333e+00
-1.173201762475699850e+00 -4.073489905574079195e+00 -1.353752755996126211e+00 -1.138169481356207324e+00
0.000000000000000000e+00 0.000000000000000000e+00 0.000000000000000000e+00 0.000000000000000000e+00
-4.964651747549244654e+00 -2.058873725632439644e+00 -2.067685257083766714e+00 -2.068595124004978025e+00
-2.314190209993112202e+00 -2.176093200952277318e+00 -2.173690154517259998e+00 -2.176552976669875683e+00
-2.153784306159702400e+00 -2.154552644093646663e+00 -2.155225711966737734e+00 -2.154906678487860550e+00
-2.134659782522952742e+00 -2.133420218728578011e+00 -2.125504728327574977e+00 -2.134751980802020110e+00
-2.043812092483015874e+00 -2.353273718719945951e+00 -2.159627467961471758e+00 -2.031735865263617935e+00
-1.845784460119992865e+00 -4.845484228086837319e+00 -1.824400204067909703e+00 -1.820064959004590088e+00
-1.823515595210394524e+00 -2.290534713575919312e+00 -1.790069656168925993e+00 -1.787576546576381098e+00
-1.737069892842733720e+00 -1.730679405694859341e+00 -1.733295243946933128e+00 -1.724574903628038225e+00
-1.689898238609473191e+00 -1.682063286060973217e+00 -1.677294084851281841e+00 -1.692809866429403565e+00
-1.636641764228277118e+00 -1.634112800042891500e+00 -1.622601836102625761e+00 -1.561118241243851124e+00
-1.564848637902417128e+00 -1.587278886816878787e+00 -1.655078699337598769e+00 -1.498306706196468552e+00
-1.305497514341151799e+00 -4.738326183486319287e+00 -1.218996555037201945e+00 -1.318436131257735733e+00
-1.470986949280746581e+00 -1.373977897690202843e+00 -1.015741057093867195e+00 -1.232650967133676057e+00
-1.256116116513497305e+00 -1.136814355096590345e+00 -7.333965586104734813e-01 -1.194189680616330573e+00
-1.052645694595585102e+00 -5.157807598567342167e-01 -1.063023456790296972e+00 -9.495927846294786034e-01
-1.058013941636322786e+00 -8.737752770677880143e-01 -1.207914109512480572e+00 -1.197089280558324198e+00
-1.176638041967057458e+00 -1.614866155869772779e+00 -1.436358551134493844e+00 -1.210222208140933065e+00
-1.027505198177302237e+00 -3.856160377251949711e+00 -3.430947019550000032e+00 -1.022469064611574607e+00
0.000000000000000000e+00 0.000000000000000000e+00 0.000000000000000000e+00 0.000000000000000000e+00
-2.024149997030885384e+00 -2.018505354528083551e+00 -2.029825939405764501e+00 -4.709251314984799208e+00
-2.158309890062812375e+00 -2.113119589424318878e+00 -2.109824702249478712e+00 -2.157610402303125952e+00
-2.149361951521031600e+00 -2.152136942941766939e+00 -2.148684460791433271e+00 -2.149363269379671593e+00
-2.144820736781078097e+00 -2.165884767261180954e+00 -2.150862479567241969e+00 -2.145385075098194427e+00
-2.131610540553983579e+00 -2.122377914219288453e+00 -2.243756197357861470e+00 -2.138502620592074521e+00
-1.928261063411387921e+00 -1.965572073803464548e+00 -4.898622202047773655e+00 -1.903289329840179844e+00
0.000000000000000000e+00 0.000000000000000000e+00 0.000000000000000000e+00 0.000000000000000000e+00
-4.874842224750338460e+00 -1.504083236769133913e+00 -1.513800144775886425e+00 -1.550899164840114253e+00
-1.735969844168623766e+00 -1.651276326437328912e+00 -1.661466904073331641e+00 -1.664462358209789716e+00
-1.626983980267406427e+00 -1.769686219702438779e+00 -1.808659124670895624e+00 -1.624813612127492091e+00
-1.543768533699007239e+00 -4.324574141163504137e+00 -1.528821164922479214e+00 -1.525328377856690398e+00
-1.572826055949301916e+00 -1.655761735557778280e+00 -4.166140915016670832e+00 -1.575353918322308200e+00
0.000000000000000000e+00 0.000000000000000000e+00 0.000000000000000000e+00 0.000000000000000000e+00
-4.507614548908194685e+00 -9.703040834493161793e-01 -9.515963022563426188e-01 -1.021993162639438957e+00
-1.322424588506208698e+00 -7.815114159446733266e-01 -9.612182142842352617e-01 -1.091109955566439860e+00
-9.183462730117382122e-01 -3.683511034875032175e-01 -8.456422265090174362e-01 -7.609985361066056164e-01
-6.766140850757861314e-01 -9.934725352721386349e-01 -1.235219795585446478e+00 -1.090226172432550822e+00
-9.263586677579399575e-01 -3.970544339526754563e+00 -3.256607799500000233e+00 -9.832126033396186848e-01
0.000000000000000000e+00 0.000000000000000000e+00 0.000000000000000000e+00 0.000000000000000000e+00
-9.499999999999999556e-01 -1.484233205915686804e-01 -1.521266411694135734e-01 -1.354999999999999982e+00
-2.067656261945821861e+00 -2.212597970849324192e+00 -2.071473086768533367e+00 -2.065040557476806704e+00
-2.087203109056147809e+00 -2.086805784115733697e+00 -2.093005606781191741e+00 -2.092361470977976534e+00
-2.084399632543755043e+00 -2.416788049426978002e+00 -2.085485142754005761e+00 -2.096396732072818736e+00
-2.051978583398057498e+00 -4.917883983658696501e+00 -2.054826577088226802e+00 -2.056310178734984007e+00
-2.218984535797367652e+00 -1.981816397111892947e+00 -2.134892096262845929e+00 -2.127628281118199904e+00
-1.787704912302253479e+00 -4.324574141163504137e+00 -1.769951363392150423e+00 -1.873592422501088262e+00
-1.456777076812683758e+00 -1.438915355983157562e+00 -1.443433880320829754e+00 -4.601167784615637579e+00
-1.747954393906639980e+00 -1.542483001425124511e+00 -1.547807036413751947e+00 -1.729832188714149455e+00
-1.588392434953374011e+00 -1.572410855918232597e+00 -1.828760460601833504e+00 -1.591646860608427527e+00
-1.399762961078718781e+00 -1.684222046610869050e+00 -4.556853094017375483e+00 -1.375862164721924463e+00
0.000000000000000000e+00 0.000000000000000000e+00 0.000000000000000000e+00 0.000000000000000000e+00
-3.587852317594999896e+00 -3.256607799500000233e+00 -8.112340257568819712e-01 -9.961410243174170231e-01
-9.969058943788748905e-01 -2.608515500000000209e+00 -9.281813864775104728e-01 -2.847663950000000277e+00
-9.910909911880607659e-01 -1.469003991154018696e+00 -8.787392226072303636e-01 -1.150033812718101345e+00
-1.046622766563300777e+00 -8.743163646777649678e-01 -4.382422279297482626e-01 -9.682141673238987556e-01
-7.219922904628716109e-01 -2.818328050048626854e-01 -1.028444931627342962e+00 -6.927417323140520056e-01
-5.702112744621398166e-01 -6.805246889603411287e-01 -4.249526823515004104e+00 -9.237786196685217055e-01
0.000000000000000000e+00 0.000000000000000000e+00 0.000000000000000000e+00 0.000000000000000000e+00
-9.499999999999999556e-01 -1.682223827536327709e-01 -1.621061577276683985e-01 -1.354999999999999982e+00
-1.665799157815426035e-01 -1.637035636779334280e-01 -1.613745057086457546e-01 -2.311231172593398997e-01
-2.152350653878315700e+00 -4.738326183486319287e+00 -1.968474685879711306e+00 -1.956195526938367513e+00
-2.326707630429502238e+00 -2.119126929321449637e+00 -2.307973340643830973e+00 -2.063738843408802648e+00
-1.997374695601592753e+00 -2.007151389540325681e+00 -4.788044208623919218e+00 -2.010868108477177785e+00
0.000000000000000000e+00 0.000000000000000000e+00 0.000000000000000000e+00 0.000000000000000000e+00
-4.073489905574079195e+00 -1.605390647824019856e+00 -4.166140915016670832e+00 -1.972750575697925335e+00
0.000000000000000000e+00 0.000000000000000000e+00 0.000000000000000000e+00 0.000000000000000000e+00
-4.073489905574079195e+00 -1.512036255355280190e+00 -1.458110529438960912e+00 -1.531737789516500747e+00
-1.530565336276956234e+00 -1.494745438938895665e+00 -1.493985640884168742e+00 -1.511179032168492364e+00
-1.465540975527267697e+00 -1.448886399210983278e+00 -1.771621209378418271e+00 -1.477441984446100864e+00
-1.346441020952282130e+00 -1.324591947529369262e+00 -4.601167784615637579e+00 -1.343593953525821894e+00
0.000000000000000000e+00 0.000000000000000000e+00 0.000000000000000000e+00 0.000000000000000000e+00
0.000000000000000000e+00 0.000000000000000000e+00 0.000000000000000000e+00 0.000000000000000000e+00
0.000000000000000000e+00 0.000000000000000000e+00 0.000000000000000000e+00 0.000000000000000000e+00
-4.166140915016670832e+00 -9.119973242100614108e-01 -8.682377272546997204e-01 -8.996941363298273098e-01
-9.146507010125624060e-01 -8.154247763083750655e-01 -3.634528844175970441e-01 -9.047626340089577335e-01
-5.421564442724988719e-01 -1.637500898110724468e-01 -3.139876617594942187e-01 -5.320599526243336985e-01
-5.937168832575446809e-01 -7.239560475571944764e-02 -3.970544339526754563e+00 -1.151888255683316542e+00
0.000000000000000000e+00 0.000000000000000000e+00 0.000000000000000000e+00 0.000000000000000000e+00
-1.719500000000000028e+00 -1.642944502091351899e-01 -1.607721362681708843e-01 -1.590442941139407207e-01
-2.807664947074770545e-01 -1.133674360915097046e-01 -1.756308261438961904e-01 -1.670808322727450057e-01
0.000000000000000000e+00 0.000000000000000000e+00 0.000000000000000000e+00 0.000000000000000000e+00
-4.641051006154073733e+00 -1.870279351859237549e+00 -1.768907835079839064e+00 -1.851052712320750526e+00
-1.975134234952238277e+00 -1.699639747827021097e+00 -4.324574141163504137e+00 -2.053075492199910812e+00
0.000000000000000000e+00 0.000000000000000000e+00 0.000000000000000000e+00 0.000000000000000000e+00
-4.392116727047153724e+00 -1.536642845347400144e+00 -1.289908172601179848e+00 -1.279985217686035570e+00
-1.503853080671831988e+00 -1.106253851061162141e+00 -1.385416019672629506e+00 -3.970544339526754563e+00
-1.419171317605987470e+00 -4.073489905574079195e+00 -1.339940281599977911e+00 -1.331077244493467537e+00
-1.467405630825430185e+00 -1.953360276624978908e+00 -1.441423874989971488e+00 -1.446928868728401207e+00
-1.431919379750723031e+00 -1.394962882738023602e+00 -1.350710839061884050e+00 -1.392029715491940545e+00
-1.351340838301956948e+00 -1.315637635592938892e+00 -1.235073143263013984e+00 -1.330266628857264655e+00
-1.182998194473932507e+00 -1.167738463842817875e+00 -1.124404533482972646e+00 -4.324574141163504137e+00
-1.036598631227108491e+00 -1.042977862399040223e+00 -1.036922370596635279e+00 -3.856160377251949711e+00
-1.123133539953146354e+00 -1.021965039952903220e+00 -1.020884481788038478e+00 -3.856160377251949711e+00
-1.029373531093625838e+00 -1.210591839818381033e+00 -9.031997188612101990e-01 -1.090425388954235242e+00
-8.215708788212986446e-01 -4.249526823515004104e+00 -2.622176327349391989e-01 -6.571794709884030139e-01
-4.383736651514644755e-01 -4.606404421311265929e-01 -3.495274532350874791e-02 -3.893410877560172789e-01
-2.556901265198648354e-01 5.940499752635418351e-02 -1.367903944414347248e-02 -3.316873884918530302e-01
-3.011062513919411932e-01 2.015960584555243074e-01 -2.323781359835673799e-01 -4.073489905574079195e+00
-3.356386098215416447e-01 2.871061667472734613e-01 -1.468933598169774035e-01 -1.968377259508905242e-01
-8.409306576959271751e-02 4.319720193924030949e-01 -1.516976513720901254e-01 -1.674218513131956187e-01
-1.534633851408337524e+00 -1.787233490354859233e+00 -1.570375940063208464e+00 -4.324574141163504137e+00
-1.770662178972557621e+00 -4.324574141163504137e+00 -1.492331806182756848e+00 -1.664412023681480779e+00
-1.747355144390848380e+00 -1.574829350112305626e+00 -4.452905054342438440e+00 -1.715922006117166276e+00
0.000000000000000000e+00 0.000000000000000000e+00 0.000000000000000000e+00 0.000000000000000000e+00
-4.249526823515004104e+00 -1.210661623234530193e+00 -1.246158490635206118e+00 -1.232259834527460685e+00
-1.276506905100037725e+00 -1.119680637695188441e+00 -3.729067085835499729e+00 -1.109829921325576230e+00
0.000000000000000000e+00 0.000000000000000000e+00 0.000000000000000000e+00 0.000000000000000000e+00
-4.676945905538666182e+00 -1.098396464510822623e+00 -1.111749143933709494e+00 -1.084222786898831004e+00
-1.829712071415644292e+00 -1.293403707735600872e+00 -1.292688779548984090e+00 -1.305827569389649279e+00
-1.259419159644228348e+00 -1.261260182748080716e+00 -1.261149561594505197e+00 -1.259799480435643160e+00
-1.232340219015370053e+00 -1.216313870106921158e+00 -1.201691864928421616e+00 -1.339192438526495499e+00
-1.192334114862263261e+00 -1.211390786246357099e+00 -1.081807299145905343e+00 -1.235534494857978727e+00
-1.114021046327731801e+00 -9.523540827919486640e-01 -1.057436397826970742e+00 -1.420683501082159461e+00
-9.053542517143291501e-01 -9.744878509427800095e-01 -4.073489905574079195e+00 -9.076906428438731300e-01
0.000000000000000000e+00 0.000000000000000000e+00 0.000000000000000000e+00 0.000000000000000000e+00
-3.587852317594999896e+00 -2.608515500000000209e+00 1.622014958664531187e-03 -4.623029523250097861e-01
-1.662673874213947689e-01 -4.216115010778077044e-01 2.085859361898968201e-01 -9.942052478682286698e-02
-5.713943047698233357e-03 2.030772304414936447e-01 2.949054137784779539e-01 -3.275949780432518138e-02
1.336123274226095059e-01 4.025886143145827600e-01 4.537523369177607346e-01 3.241926419202725840e-02
2.601487962272525656e-01 5.846256694281002364e-01 4.312442492997641263e-01 1.528890681813719898e-01
-1.574915906477395655e+00 -1.581858875176455959e+00 -4.249526823515004104e+00 -1.577290256754884323e+00
0.000000000000000000e+00 0.000000000000000000e+00 0.000000000000000000e+00 0.000000000000000000e+00
-3.970544339526754563e+00 -1.347801974329345454e+00 -1.310314916640935134e+00 -1.346527819188284569e+00
-1.236355471248949289e+00 -1.236512047363379274e+00 -1.240168917359717238e+00 -3.970544339526754563e+00
-1.248159605769259217e+00 -1.255544288762451721e+00 -1.254863674453175149e+00 -1.348336447021555529e+00
-1.238020174818955654e+00 -1.234834659721842032e+00 -1.236380030558255072e+00 -1.599130851889764005e+00
-1.192279815681709154e+00 -1.183293244326771854e+00 -1.199612878990877762e+00 -4.324574141163504137e+00
-1.264863248944240848e+00 -1.238963845246253914e+00 -1.245214149141725457e+00 -1.379051948943429640e+00
-1.234275420641143262e+00 -1.205668176163356753e+00 -1.234759043873349116e+00 -1.244154698204606779e+00
-1.246803606986006230e+00 -1.351318132111355430e+00 -1.245455065159849051e+00 -1.241400208915950376e+00
-1.234105547930558489e+00 -1.238534025045576303e+00 -1.323930011432057796e+00 -1.224097876722760381e+00
-9.651950621861133950e-01 -4.249526823515004104e+00 -9.298523597678121089e-01 -9.932465330920288160e-01
-1.345199306013975749e+00 -7.826868459162308334e-01 -1.069975765194590700e+00 -1.038812906126421742e+00
-8.226257131394806299e-01 -2.847663950000000277e+00 -2.608515500000000209e+00 -9.259706958590665504e-01
0.000000000000000000e+00 0.000000000000000000e+00 0.000000000000000000e+00 0.000000000000000000e+00
0.000000000000000000e+00 0.000000000000000000e+00 0.000000000000000000e+00 0.000000000000000000e+00
-3.856160377251949711e+00 -1.594776264922228570e-01 1.183511468065534533e-01 -1.602828117004446717e-01
-3.401625365286352620e-01 4.207699364686814381e-01 -1.104616410376183661e-02 -8.528757307180559466e-02
-3.097264624511504583e-02 5.514216103255110690e-01 2.587469893203602975e-02 7.538250283904038285e-02
2.663130911074857443e-01 7.321338250105581258e-01 5.562895132048633062e-01 4.390165157915221772e-01
-1.583100295803460567e+00 -1.737440883345516607e+00 -1.584747652421060415e+00 -1.575447319928619416e+00
-1.369465538958934303e+00 -3.430947019550000032e+00 -1.347060001365057769e+00 -3.430947019550000032e+00
-1.326153969704241264e+00 -1.352715972709482406e+00 -1.331740935791986047e+00 -1.331651992575002330e+00
-1.307401508710632987e+00 -1.302973453971599804e+00 -1.299803669234519621e+00 -1.470164113150668417e+00
-1.275329315814437647e+00 -1.254590552012197824e+00 -1.253324592502925938e+00 -1.268469498833872500e+00
-1.223530379270923341e+00 -1.348626219464589049e+00 -1.217230608579223938e+00 -1.222625150249884607e+00
-1.196805230578532164e+00 -1.193962896320242439e+00 -1.194967236896733231e+00 -1.190711474970758577e+00
-1.190254899813412814e+00 -1.191867927431855323e+00 -1.142324855672335326e+00 -1.197181467889174566e+00
-1.170008032906666218e+00 -1.029293076190650913e+00 -1.433872426527478261e+00 -1.203435634119013109e+00
-1.179420055585775007e+00 -4.073489905574079195e+00 -1.202548056804680243e+00 -1.192751560034472691e+00
-9.121541084518609566e-01 -7.311202703681716208e-01 -4.073489905574079195e+00 -9.409852361200816695e-01
0.000000000000000000e+00 0.000000000000000000e+00 0.000000000000000000e+00 0.000000000000000000e+00
-2.847663950000000277e+00 -6.813526053742426924e-01 -3.729067085835499729e+00 -7.206866618247512735e-01
0.000000000000000000e+00 0.000000000000000000e+00 0.000000000000000000e+00 0.000000000000000000e+00
-9.499999999999999556e-01 -1.579142928166213378e-01 -1.560282224711322108e-01 -2.047550000000000203e+00
-1.751189376444554080e-01 -1.423412022348475026e-01 -1.003632190615012382e-01 -2.047550000000000203e+00
-1.490987399425862114e-01 -1.302090220344164495e-01 1.727860045882620155e-01 -3.134549166629570505e-01
-6.507346144492545670e-02 9.047887827263079163e-02 6.168242278421416369e-01 -1.215354441923310325e-01
1.515118204342658370e-01 4.338186215044725347e-01 7.304612935530300222e-01 2.700914553950851116e-01
5.563524242270714293e-01 8.667638773268898644e-01 6.699595470305337308e-01 5.778385569641019126e-01
-1.440235718747320481e+00 -1.336154715762563727e+00 -4.073489905574079195e+00 -1.359958199898059439e+00
0.000000000000000000e+00 0.000000000000000000e+00 0.000000000000000000e+00 0.000000000000000000e+00
-4.073489905574079195e+00 -1.176617909403536721e+00 -1.179295805111824746e+00 -1.177982451684183918e+00
-1.473098875691219556e+00 -1.282969146642495950e+00 -1.284618085749906102e+00 -1.289403378727806082e+00
-1.245609460909506527e+00 -1.258388257460683279e+00 -1.360628289815755787e+00 -1.243230154459193715e+00
-1.124083583832118149e+00 -4.166140915016670832e+00 -1.122514401213361879e+00 -1.111486036205832972e+00
-1.402348099405022586e+00 -1.320978393526914596e+00 -1.223160490662623889e+00 -1.201829702931119570e+00
-1.015428748945210291e+00 -3.970544339526754563e+00 -1.005516944882074881e+00 -1.036534744767905192e+00
-1.013937983428658818e+00 -1.007927434004889600e+00 -3.587852317594999896e+00 -9.953354864772805399e-01
0.000000000000000000e+00 0.000000000000000000e+00 0.000000000000000000e+00 0.000000000000000000e+00
-3.587852317594999896e+00 -5.117370114163358741e-01 -5.040250797976703057e-01 -7.629468362874060050e-01
-7.113668704296578493e-01 -4.956328604068076515e-01 -4.953097118312752012e-01 -2.847663950000000277e+00
-7.036167243349312761e-01 -5.799812939731195938e-01 -7.738957911453616667e-01 -7.335688208806054877e-01
-3.963735059284074214e-01 -3.692494124793035959e-01 -3.405758568914629136e-01 -2.608515500000000209e+00
-3.020771462543477281e-01 -2.877890662853198056e-01 -1.197234795833105186e-01 -4.648942571508594135e-01
-2.694450874843590249e-01 -2.218940384506218610e-01 1.342282118327397245e-01 -4.677833886969056110e-01
-1.405718131573493734e-01 -1.423319570170782367e-01 2.619815341612285464e-01 -1.683698029376345662e-01
-7.614860042119288297e-02 -2.047550000000000203e+00 5.980864562087148117e-01 -2.766473051880476153e-02
1.231973982523805466e-01 -7.225110910000000219e-02 8.797610492345038224e-01 2.485242055174350095e-01
6.995641745915066601e-01 9.999999999999995559e-01 8.547254379256730150e-01 6.681934844065748891e-01
-1.370916951272954432e+00 -1.369597657390628775e+00 -1.450348629616491802e+00 -1.364558531655051254e+00
-1.169873410551015125e+00 -1.177463252308538877e+00 -1.181965203198986014e+00 -4.166140915016670832e+00
-1.301716746449270268e+00 -1.299743443160732870e+00 -1.292366033983897156e+00 -1.388490835993031247e+00
-1.295493051415443464e+00 -1.294768792425427861e+00 -1.506536495556447086e+00 -1.289752409686828916e+00
-1.215370612167169018e+00 -1.462649697486742006e+00 -4.073489905574079195e+00 -1.209129451446106840e+00
0.000000000000000000e+00 0.000000000000000000e+00 0.000000000000000000e+00 0.000000000000000000e+00
-3.729067085835499729e+00 -1.059682226557735474e+00 -1.354999999999999982e+00 -1.066995924237411852e+00
0.000000000000000000e+00 0.000000000000000000e+00 0.000000000000000000e+00 0.000000000000000000e+00
-3.062897555000000160e+00 -1.076074135000437249e+00 -9.969135074010120334e-01 -1.185554092328776621e+00
-6.356658341362788622e-01 -7.502437503573399225e-01 -5.946991949926835330e-01 -3.430947019550000032e+00
-7.732761382006556605e-01 -6.113698184535560909e-01 -5.883509762007517185e-01 -6.470756625278205609e-01
-5.601479897290668752e-01 -5.610832319826898340e-01 -5.557519081956270313e-01 -6.355496820083414988e-01
-5.109440733287594627e-01 -5.081869253254035490e-01 -5.049325024554488506e-01 -5.093692776553893076e-01
-4.500528184199635295e-01 -4.193585641142552056e-01 -4.063410485917657855e-01 -4.147855204214712099e-01
-3.517660281631956876e-01 -3.412235383206453920e-01 -2.712393629043545196e-01 -3.248012387046161908e-01
-2.678033333597684140e-01 -2.705131014639414189e-01 -3.445405339338456496e-01 -7.048084820208606882e-02
-1.777664220613688895e-01 -1.887920912735845114e-01 -1.719500000000000028e+00 -9.167702900066322658e-02
0.000000000000000000e+00 0.000000000000000000e+00 0.000000000000000000e+00 0.000000000000000000e+00
-1.354999999999999982e+00 -5.949999999999999734e-02 3.439000000000000390e-01 7.549357636066043875e-02
0.000000000000000000e+00 0.000000000000000000e+00 0.000000000000000000e+00 0.000000000000000000e+00
