-5.383235130069099483e-01 -4.614192397763630660e-01 -4.613930910005516473e-01 -5.383234394320519645e-01
-5.383234473832612110e-01 -3.804291438922690061e-01 -3.804137731522743149e-01 -4.613931434868012715e-01
-4.613937490115677664e-01 -2.951948862312349653e-01 -2.951708207625396985e-01 -3.804137718435723903e-01
-3.804148796727265247e-01 -2.054515327246003997e-01 -2.054422742055047602e-01 -2.951704539512315373e-01
-2.951784838112592735e-01 -1.109908264208450263e-01 -1.109888600184552182e-01 -2.054422808359177566e-01
-2.054404785758472129e-01 -1.156636506148167771e-02 -1.161228104288858365e-02 -1.109907376248795152e-01
-1.110009496516898286e-01 9.308441356941249412e-02 9.305775524946834076e-02 -1.170506505961587188e-02
-1.158514343493623720e-02 2.032504257693687200e-01 9.308346352568733217e-02 9.307829344535628602e-02
-4.614500468867833161e-01 -4.084363502070950114e-01 -3.804300143115301736e-01 -5.383250995162778274e-01
-4.614682241586759437e-01 -3.246690541810830499e-01 -2.951785547569496515e-01 -4.613931485281983491e-01
-3.804255337649606328e-01 -2.365160546688819532e-01 -2.054502349141824613e-01 -3.804142072110729411e-01
-2.951937081991889977e-01 -5.000000000000000000e+00 -1.109958809545393416e-01 -2.951790077223080955e-01
-2.055680269148984218e-01 -1.161208938871739413e-02 -1.156774294170246145e-02 -2.054551289981934314e-01
-1.109900830636538910e-01 9.306846158898642030e-02 9.308833059827890943e-02 -1.109955071459157311e-01
-1.157396777386708424e-02 2.032515961701225338e-01 2.032514440058628968e-01 -1.162133973421792740e-02
9.302147868533827690e-02 3.192178792113175567e-01 2.032499885718837551e-01 9.308273560676215419e-02
-4.084609294040133509e-01 -3.246891512589294981e-01 -3.246687732771813550e-01 -4.615231902303634781e-01
-4.084357951610797510e-01 -2.364983812224809023e-01 -2.364906471833348178e-01 -3.804279279246324252e-01
-3.246748487103018332e-01 -1.436720148935586860e-01 -5.000000000000000000e+00 -2.952427832134824626e-01
0.000000000000000000e+00 0.000000000000000000e+00 0.000000000000000000e+00 0.000000000000000000e+00
-5.000000000000000000e+00 5.327486008173659693e-02 9.304418889223194100e-02 -1.110049020840088302e-01
-1.169791809056010094e-02 -5.000000000000000000e+00 2.032490453175011813e-01 -1.157708740358520845e-02
9.304467858330876806e-02 3.191936206955257593e-01 3.192139071074210910e-01 9.307982884785663547e-02
2.032514613621313471e-01 4.412842801943514526e-01 3.191791550983575920e-01 2.032417117152205965e-01
-3.248087157200930664e-01 -4.087004531591412748e-01 -2.365039332083143375e-01 -4.084484257423430242e-01
-3.247806437918471234e-01 -3.249139150209507942e-01 -1.436804944221076741e-01 -3.246697994690721512e-01
-2.366022942084255454e-01 -2.366267581694994626e-01 -4.597003629396529539e-02 -2.365132824616191232e-01
-1.448417943625645854e-01 -5.000000000000000000e+00 5.697134030296681362e-02 -5.000000000000000000e+00
-4.618155595606258240e-02 1.652770168349748658e-01 -5.000000000000000000e+00 -1.627492227448230216e-02
0.000000000000000000e+00 0.000000000000000000e+00 0.000000000000000000e+00 0.000000000000000000e+00
-5.000000000000000000e+00 4.371095556325475529e-01 4.412796105198849572e-01 2.031848359605198939e-01
3.191916594115057348e-01 5.697743215487488522e-01 4.412808483372925306e-01 3.192186954652320163e-01
-4.089438231093957543e-01 -4.886316381217509774e-01 -3.249259173411006008e-01 -3.247696064215381817e-01
-4.086721288406311436e-01 -5.000000000000000000e+00 -2.368286000999448027e-01 -2.367511449331918261e-01
-3.252835164128152767e-01 -5.000000000000000000e+00 -5.000000000000000000e+00 -1.436883762422569155e-01
0.000000000000000000e+00 0.000000000000000000e+00 0.000000000000000000e+00 0.000000000000000000e+00
-4.999901584999999926e+00 3.305918269362956297e-02 2.982782912247360918e-01 5.198182286054885831e-02
1.573219721126968007e-01 1.174158841630134620e-01 4.370460916336385560e-01 -4.999970475499999623e+00
3.103383560288529019e-01 -4.999999928255465242e+00 5.663047065384012591e-01 3.182068087670117951e-01
4.334764055331428723e-01 7.050266767950784663e-01 5.697635469051945956e-01 4.412835410236176648e-01
-4.931617489632083573e-01 -4.269727786950288650e-01 -5.000000000000000000e+00 -4.089750911576729986e-01
0.000000000000000000e+00 0.000000000000000000e+00 0.000000000000000000e+00 0.000000000000000000e+00
0.000000000000000000e+00 0.000000000000000000e+00 0.000000000000000000e+00 0.000000000000000000e+00
-3.500000000000000000e+00 0.000000000000000000e+00 2.532088017355804688e-02 -3.500000000000000000e+00
-9.729999999999999760e-02 -4.865000000000000213e+00 -1.064230727698839418e-02 1.433396694339218735e-01
-2.444565482644195376e-02 -9.729999999999999760e-02 -4.999671949999999754e+00 2.923118197051702283e-01
0.000000000000000000e+00 0.000000000000000000e+00 0.000000000000000000e+00 0.000000000000000000e+00
-4.999999928255465242e+00 8.476030194528231254e-01 7.048523136663961131e-01 5.695470738668810817e-01
-4.262390839737563719e-01 -3.447600748792589154e-01 -4.999999999999872990e+00 -4.933025571753354432e-01
0.000000000000000000e+00 0.000000000000000000e+00 0.000000000000000000e+00 0.000000000000000000e+00
-3.500000000000000000e+00 0.000000000000000000e+00 0.000000000000000000e+00 -3.500000000000000000e+00
0.000000000000000000e+00 0.000000000000000000e+00 0.000000000000000000e+00 0.000000000000000000e+00
0.000000000000000000e+00 0.000000000000000000e+00 0.000000000000000000e+00 0.000000000000000000e+00
-3.500000000000000000e+00 -9.099999999999999756e-02 0.000000000000000000e+00 0.000000000000000000e+00
0.000000000000000000e+00 0.000000000000000000e+00 0.000000000000000000e+00 0.000000000000000000e+00
-4.998906500000000364e+00 9.975699999999999568e-01 6.893949999999999800e-01 6.934409238055802005e-01
-3.445813407095354997e-01 -3.447547264090366492e-01 -2.576546047353057700e-01 -4.273832564550104629e-01
-3.412276514411665129e-01 -2.544550210404999957e-01 -1.663364366999999788e-01 -4.999901584999999926e+00
-2.525141704960000011e-01 -1.375499999999999778e-01 -4.865000000000000213e+00 -9.099999999999999756e-02
0.000000000000000000e+00 0.000000000000000000e+00 0.000000000000000000e+00 0.000000000000000000e+00
0.000000000000000000e+00 0.000000000000000000e+00 0.000000000000000000e+00 0.000000000000000000e+00
0.000000000000000000e+00 -9.729999999999999760e-02 3.744999999999998885e-01 0.000000000000000000e+00
0.000000000000000000e+00 0.000000000000000000e+00 9.099999999999999201e-01 0.000000000000000000e+00
0.000000000000000000e+00 0.000000000000000000e+00 0.000000000000000000e+00 0.000000000000000000e+00
