-5.598924697482335899e-01 -4.840569506475084216e-01 -4.840632883668420927e-01 -5.598550661837266018e-01
-5.600270452276903121e-01 -4.042725311817433886e-01 -4.042733115367446173e-01 -4.840960151312090343e-01
-4.840771450707395673e-01 -3.202836010563144264e-01 -3.203322123858620696e-01 -4.043038744605430002e-01
-4.043608239466114362e-01 -2.318824222365376553e-01 -2.319841750310706330e-01 -3.206047778699339657e-01
-3.203408192696997059e-01 -1.388296728631660260e-01 -1.393089195383773182e-01 -2.321575697584989662e-01
-2.321267379569960654e-01 -4.084802147567449804e-02 -4.091310549905560756e-02 -1.388433022550735474e-01
-1.388252869991474792e-01 6.255779477943193556e-02 6.243545378793270706e-02 -4.067932770908081613e-02
-4.059409239709370343e-02 1.710717355778022253e-01 6.240252877435082529e-02 6.247819658204053356e-02
-4.840598765453431040e-01 -5.598546399289384690e-01 -4.042702257582634906e-01 -5.599962939080325164e-01
-4.840585396043154964e-01 -4.840852277475291010e-01 -3.202829082094829083e-01 -4.840881315808961971e-01
-4.042723207695946286e-01 -4.042763294121027862e-01 -2.318764232483832843e-01 -4.042955037241620087e-01
-3.202854205678707933e-01 -5.000000000000000000e+00 -1.388171837832355149e-01 -3.203021946244170026e-01
-2.319003253863040070e-01 -4.132196155964242695e-02 -4.084786892212577403e-02 -2.320968035677397068e-01
-1.388580039952213574e-01 6.232889651520129304e-02 6.225590271945285331e-02 -1.388349309983752944e-01
-4.085717830552311469e-02 1.707334365506614215e-01 1.711206388132788248e-01 -4.089191399043642927e-02
6.249599414835959460e-02 2.853907542372635109e-01 1.710661618837153730e-01 6.251478045683360463e-02
-5.599028970749269085e-01 -4.867717049319991718e-01 -4.840765164374879470e-01 -4.840570315843159555e-01
-5.598874900129480192e-01 -4.064265592460002963e-01 -4.042847716368134781e-01 -4.043196209733743163e-01
-4.841433221870953818e-01 -3.223874365151250809e-01 -5.000000000000000000e+00 -3.202868672487602097e-01
0.000000000000000000e+00 0.000000000000000000e+00 0.000000000000000000e+00 0.000000000000000000e+00
-5.000000000000000000e+00 -1.415743994875920397e-01 6.201734613485085368e-02 -1.393510667455369334e-01
-4.149112451953803488e-02 -5.000000000000000000e+00 1.708991557172880593e-01 -4.186973219211919534e-02
6.199741611316032103e-02 2.852554275552930951e-01 2.852528404187601452e-01 6.239055809949749232e-02
1.708654974761542045e-01 4.056746018960652456e-01 2.853578513303121622e-01 1.711193419346672129e-01
-4.870516530511459496e-01 -5.672021709187351490e-01 -4.064141849119952687e-01 -5.598775586823826478e-01
-4.864735587265915928e-01 -4.890797336039623966e-01 -3.216614136839330840e-01 -4.840894266426061243e-01
-4.066951717385072773e-01 -4.072699978088067940e-01 -2.327209002559855189e-01 -4.044438476281589367e-01
-3.228199390288722936e-01 -5.000000000000000000e+00 -1.392833091467088613e-01 -5.000000000000000000e+00
-2.343730998444896185e-01 -1.727314666442328617e-01 -5.000000000000000000e+00 -4.112389182374211888e-02
0.000000000000000000e+00 0.000000000000000000e+00 0.000000000000000000e+00 0.000000000000000000e+00
-5.000000000000000000e+00 4.046889829222158896e-01 4.055650280707819300e-01 1.707756136053048546e-01
2.850516667749667388e-01 5.323000332097078680e-01 4.056782140611954190e-01 2.853274095502990604e-01
-5.690796092351907420e-01 -5.296187614907832408e-01 -4.880929658911317692e-01 -4.915108401414561845e-01
-5.772267063015691368e-01 -5.000000000000000000e+00 -4.081740815715626525e-01 -4.074243218856305471e-01
-4.895990945339742106e-01 -5.000000000000000000e+00 -5.000000000000000000e+00 -3.218057035729928184e-01
0.000000000000000000e+00 0.000000000000000000e+00 0.000000000000000000e+00 0.000000000000000000e+00
-4.999999202838499635e+00 -1.883051728529999969e-01 7.003069233964206997e-02 -2.820627747352395520e-01
-2.089447287461937697e-01 -9.291502092976720861e-02 3.556413923551485223e-01 -4.987849999999999895e+00
1.238007640241743368e-01 -4.999999999418869301e+00 5.320718581177217299e-01 2.812057688518767584e-01
4.016958230548095532e-01 6.655934044379044900e-01 5.323008909889719309e-01 4.056527617219753412e-01
-5.295187739940508953e-01 -4.522315657534705657e-01 -5.000000000000000000e+00 -6.030168981438119857e-01
0.000000000000000000e+00 0.000000000000000000e+00 0.000000000000000000e+00 0.000000000000000000e+00
0.000000000000000000e+00 0.000000000000000000e+00 0.000000000000000000e+00 0.000000000000000000e+00
0.000000000000000000e+00 -6.999999999999999278e-02 0.000000000000000000e+00 -4.549999999999999822e+00
-9.729999999999999760e-02 -4.865000000000000213e+00 -1.597049999999999859e-01 -1.874953500000000051e-01
-1.801589999999999858e-01 -9.729999999999999760e-02 -4.549999999999999822e+00 3.792121664696662675e-02
0.000000000000000000e+00 0.000000000000000000e+00 0.000000000000000000e+00 0.000000000000000000e+00
-4.999991142649999887e+00 8.313826908855999065e-01 6.654487150368380011e-01 5.291543470849603414e-01
-4.518967840906861211e-01 -3.708420589469024198e-01 -5.000000000000000000e+00 -5.295241004961533937e-01
0.000000000000000000e+00 0.000000000000000000e+00 0.000000000000000000e+00 0.000000000000000000e+00
-4.865000000000000213e+00 -1.363384049999999958e-01 0.000000000000000000e+00 -4.959500000000000242e+00
-6.999999999999999278e-02 0.000000000000000000e+00 0.000000000000000000e+00 0.000000000000000000e+00
0.000000000000000000e+00 0.000000000000000000e+00 0.000000000000000000e+00 0.000000000000000000e+00
-3.500000000000000000e+00 -6.999999999999999278e-02 0.000000000000000000e+00 -6.999999999999999278e-02
0.000000000000000000e+00 0.000000000000000000e+00 0.000000000000000000e+00 0.000000000000000000e+00
-4.998906500000000364e+00 9.975699999999999568e-01 3.954999999999999627e-01 0.000000000000000000e+00
-3.708244035723502474e-01 -3.708411798963744954e-01 -2.851292073225727974e-01 -4.518873147501612508e-01
-3.700494075122361948e-01 -2.851026592168764418e-01 -1.949259146565777978e-01 -4.999901584999999926e+00
-2.801733825096449082e-01 -1.948429672035000282e-01 -4.996355000000000324e+00 -9.997812999999999839e-02
0.000000000000000000e+00 0.000000000000000000e+00 0.000000000000000000e+00 0.000000000000000000e+00
0.000000000000000000e+00 0.000000000000000000e+00 0.000000000000000000e+00 0.000000000000000000e+00
0.000000000000000000e+00 0.000000000000000000e+00 -6.999999999999999278e-02 0.000000000000000000e+00
0.000000000000000000e+00 0.000000000000000000e+00 6.999999999999999556e-01 0.000000000000000000e+00
0.000000000000000000e+00 0.000000000000000000e+00 0.000000000000000000e+00 0.000000000000000000e+00
