5.756651673078264780e-02 7.112264919031853483e-02 7.112264919028521426e-02 5.756651673076385034e-02
5.756651673074811293e-02 8.539226230555573005e-02 8.539226230557141195e-02 7.112264919018532194e-02
7.112264919018569664e-02 1.004129076900902723e-01 1.004129076889386657e-01 8.539226230558071007e-02
8.539226230545660101e-02 1.162241133569218571e-01 1.162241133440432422e-01 1.004129076887247674e-01
1.004129073954091594e-01 1.328674877400124466e-01 1.328674868402300591e-01 1.162241127197652935e-01
1.162241023355796016e-01 1.503868286706598056e-01 -5.000000000000000000e+00 1.328674820593806205e-01
0.000000000000000000e+00 0.000000000000000000e+00 0.000000000000000000e+00 0.000000000000000000e+00
-5.000000000000000000e+00 1.814333744286616423e-01 -1.700554601107495678e-02 -9.587230614750685831e-02
-9.568778998807854486e-02 5.901867936768243061e-02 -8.573723634255539516e-02 -8.833702296496101503e-02
-8.992962765765684374e-02 -8.061386847500078001e-02 -8.044052162392245631e-02 -8.487366630247324129e-02
-8.328396562190042152e-02 -7.436584632573409182e-02 -7.450872907510326659e-02 -7.866587012688468217e-02
-8.022438502087549106e-02 -6.805202445920428833e-02 -7.392525645760883446e-02 -7.445252015169198656e-02
-7.375072687741351940e-02 -6.808297037965423126e-02 -7.196241504772500630e-02 -6.942295897263624227e-02
-6.936147767666159258e-02 -6.907387393805700104e-02 -6.878931518937711487e-02 -6.744436130207019653e-02
-7.260692057781767406e-02 -6.826378277096446789e-02 -6.751350637157592371e-02 -7.242488997991869404e-02
-6.970597233170064411e-02 -6.210850666982359325e-02 -6.394282138741397281e-02 -6.422844941985687839e-02
7.112264918944380399e-02 8.539226230560410802e-02 8.539226230543060792e-02 5.756651673078631154e-02
7.112264919024487153e-02 1.004129076900695944e-01 1.004129076900902307e-01 7.112264919026210774e-02
8.539226230557553365e-02 1.162241133579904745e-01 1.162241133568406998e-01 8.539226230558254194e-02
1.004129076900632106e-01 1.328674877442278801e-01 1.328674877413286437e-01 1.004129076889572758e-01
1.162241133567037676e-01 1.503868292014447494e-01 1.503868290728823387e-01 1.162241133429685741e-01
1.328674838091102595e-01 1.688282412624294015e-01 1.688109424010032777e-01 1.328674805335932352e-01
1.503861355414851664e-01 1.882387128746736138e-01 1.879573444020845863e-01 -5.000000000000000000e+00
1.653090765883346580e-01 2.086048325826391769e-01 1.309035503420801216e-01 1.536674901461611564e-01
1.558189448043538483e-01 -5.000000000000000000e+00 2.801751032194013669e-02 -9.065396104803113975e-02
5.902304051603788487e-02 -5.000000000000000000e+00 -7.704184935382513144e-02 -8.545999903228389261e-02
-7.976903321374927136e-02 -7.314448090867639585e-02 -7.521175758728781968e-02 -7.615484039000899874e-02
-7.073343680672795897e-02 -7.100439664422762698e-02 -7.025307800639866984e-02 -7.456209978472705391e-02
-6.726160873917290395e-02 -6.856520079093955666e-02 -6.931563453738263936e-02 -7.105929927088991405e-02
-7.263214867127459895e-02 -6.302997785660215124e-02 -6.874422758626004548e-02 -6.738105629395171881e-02
-6.783908304887203977e-02 -6.242862186347019476e-02 -6.821917944775296450e-02 -6.920999879335879013e-02
-6.702809454073974105e-02 -6.172981469876591409e-02 -6.577174474742762678e-02 -6.791081840823730287e-02
8.539226230558573383e-02 1.004129076897785217e-01 1.004129076901113943e-01 7.112264919010893860e-02
8.539226230553642605e-02 1.162241133580263625e-01 1.162241133579895863e-01 8.539226230557322994e-02
1.004129076900811407e-01 1.328674877452536707e-01 1.328674877441670676e-01 1.004129076900835277e-01
1.162241133374930097e-01 -5.000000000000000000e+00 1.503868292044787669e-01 1.162241133565104223e-01
1.328674877435525592e-01 1.688282412679059374e-01 1.688282412642804209e-01 1.328674877342873317e-01
1.503868291950204161e-01 1.882402539640160577e-01 1.882402520958539882e-01 1.503868289322247698e-01
1.688240707046600453e-01 2.086739514728389588e-01 2.086737135677180777e-01 1.688191820073516314e-01
1.882343166851861982e-01 2.301830223428293076e-01 -5.000000000000000000e+00 1.873804810433401802e-01
0.000000000000000000e+00 0.000000000000000000e+00 0.000000000000000000e+00 0.000000000000000000e+00
0.000000000000000000e+00 0.000000000000000000e+00 0.000000000000000000e+00 0.000000000000000000e+00
-4.999999999947698726e+00 -6.875120630356730544e-02 -7.180180570583530320e-02 -7.387281413848582889e-02
-7.311963178741026637e-02 -6.785046362690774768e-02 -6.543808835696929282e-02 -7.282309880181651873e-02
-6.638762740946248242e-02 -4.211157705266059537e-02 -6.682576881196974905e-02 -7.297785200141451711e-02
-6.970962147904438688e-02 -6.031888008929938566e-02 -6.319285602011895375e-02 -6.123002120203042270e-02
-6.490331669748367061e-02 -5.648277674725771247e-02 -6.352578181334161966e-02 -6.622784539778825419e-02
-6.305537928168744588e-02 -5.226479185576125147e-02 -6.118978193000304544e-02 -6.060023405546620390e-02
1.004129076865202808e-01 1.162241133490293371e-01 1.162241133578841429e-01 8.539226230506920257e-02
1.004129076896737444e-01 1.328674877454614212e-01 1.328674877453970005e-01 1.004129076899782924e-01
1.162241133580242947e-01 1.503868292057260470e-01 -5.000000000000000000e+00 1.162241133579749314e-01
0.000000000000000000e+00 0.000000000000000000e+00 0.000000000000000000e+00 0.000000000000000000e+00
-5.000000000000000000e+00 1.882402539664959629e-01 1.882402539650519513e-01 1.503868292035374366e-01
1.688282412663564824e-01 2.086739515427609160e-01 2.086739514874606516e-01 1.688282411755805124e-01
1.882402428340467226e-01 2.301831068522063595e-01 2.301831011833309071e-01 1.882402496073869447e-01
2.086739346040055176e-01 2.528243217615228633e-01 2.528017073063157372e-01 2.086556422005056421e-01
2.301734923038597225e-01 2.766555670828325098e-01 2.102173009359053490e-01 -5.000000000000000000e+00
2.318259038797267357e-01 -5.000000000000000000e+00 -1.369892684862208942e-02 -5.000000000000000000e+00
-7.410923681159262144e-02 2.169354534069294349e-01 -1.579606260691295352e-02 -7.411603640098185508e-02
8.085199956586481412e-03 6.555483951560779621e-02 -6.337158469650085169e-02 -7.082777042650424681e-02
-8.908597981665419829e-03 -5.634124516519223996e-02 -6.061967044645504704e-02 -6.882750860788867941e-02
-6.296074315112060171e-02 -5.391608815064951460e-02 -5.645305981087724023e-02 -6.396039041377714340e-02
-5.900973398554240634e-02 -4.893355506139587807e-02 -6.080331634134753666e-02 -6.360841013448498282e-02
-5.647581206107354923e-02 -4.083328204896718994e-02 -5.086389021626402940e-02 -6.580209293704475382e-02
1.162241133537088855e-01 1.328674877412612254e-01 1.328674877439891266e-01 1.004129076786689778e-01
1.162241133564564932e-01 1.503868292057071454e-01 1.503868292058619105e-01 1.162241133579052649e-01
1.328674877454385783e-01 1.688282412693442591e-01 1.688282412693693502e-01 1.328674877452453440e-01
1.503868292053061606e-01 1.882402539678874609e-01 1.882402539660193996e-01 -5.000000000000000000e+00
1.688282412592414239e-01 2.086739515446942028e-01 2.086739515426949132e-01 1.688282412676783972e-01
1.882402539659996099e-01 2.301831068882154163e-01 2.301831035021155714e-01 1.882402539647518580e-01
2.086739503530398165e-01 2.528243225995606136e-01 2.528243230118342177e-01 2.086738090387197375e-01
2.301830908640905837e-01 2.766571821417264099e-01 2.766571571196591028e-01 2.301781888237928453e-01
2.528193757623181659e-01 3.017444007094694514e-01 -5.000000000000000000e+00 2.528179457114857476e-01
0.000000000000000000e+00 0.000000000000000000e+00 0.000000000000000000e+00 0.000000000000000000e+00
-4.999970475499999623e+00 3.271457845848489976e-01 -6.130918921591372445e-02 -6.665982975136612587e-02
-6.376107549005582964e-02 -4.999991142649999887e+00 1.277324634323321884e-01 -2.356433514403356161e-02
-6.240637480272258342e-02 3.442146940346711981e-01 1.507033640453685763e-01 -6.074404591299786826e-02
2.611129498267151794e-01 1.508733656277073121e-01 -5.677007791142479193e-02 -6.072177483443556845e-02
6.466931541548479045e-02 -5.058309344775778482e-02 -5.738897167261521048e-02 -5.630208902076258570e-02
-5.580629295646542809e-02 -2.510698302555514419e-02 -5.788156255783157011e-02 -5.207258034053179052e-02
1.328674876136047844e-01 -5.000000000000000000e+00 1.503868292054320599e-01 1.162241132244287434e-01
1.328674877421189837e-01 1.688282412664198207e-01 1.688282412694663837e-01 1.328674877437402146e-01
1.503868292056362299e-01 1.882402539677074937e-01 1.882402539678911801e-01 1.503868292058001821e-01
1.688282412661923637e-01 2.086739515452694371e-01 2.086739515450246329e-01 1.688282412692617973e-01
1.882402539674925823e-01 2.301831068895536236e-01 2.301831068881304565e-01 1.882402539663208807e-01
2.086739515431281500e-01 2.528243230406712616e-01 2.528243230166548616e-01 2.086739515426401237e-01
2.301831068713484085e-01 2.766571820752279920e-01 2.766571821450546365e-01 2.301831034503276918e-01
2.528243224742873774e-01 3.017444022597553510e-01 3.017444022338686693e-01 2.528241111204537761e-01
2.766569677757358958e-01 3.281520023818508269e-01 -5.000000000000000000e+00 2.766568078602436587e-01
0.000000000000000000e+00 0.000000000000000000e+00 0.000000000000000000e+00 0.000000000000000000e+00
-4.999999202838499635e+00 3.848776587406659844e-01 -4.998906500000000364e+00 1.514153381645939600e-01
0.000000000000000000e+00 0.000000000000000000e+00 0.000000000000000000e+00 0.000000000000000000e+00
-4.999970475499999623e+00 4.482427924724656232e-01 2.204533489312748284e-01 -5.535190873719954274e-02
4.002008637945110303e-01 -4.628088319657479993e-02 7.558546291934883921e-02 1.860253854171598775e-01
-4.978996672135926893e-02 1.449943163566389248e-01 -5.122546420731126371e-02 1.881863142376059145e-02
8.833040342267250988e-02 -4.535441169238035863e-02 -4.883802068291143855e-02 -4.746799846687804053e-02
0.000000000000000000e+00 0.000000000000000000e+00 0.000000000000000000e+00 0.000000000000000000e+00
-5.000000000000000000e+00 1.882402252973636447e-01 1.882402539666668539e-01 1.503868111397729523e-01
1.688282412677307998e-01 2.086739515438840731e-01 2.086739515451133675e-01 1.688282412691314571e-01
1.882402539674816189e-01 2.301831068897896293e-01 2.301831068891578846e-01 1.882402539675058495e-01
2.086739515446714155e-01 2.528243230418451004e-01 2.528243230387998142e-01 2.086739515431763614e-01
2.301831068847261796e-01 2.766571821487343597e-01 2.766571821419046007e-01 2.301831068826602211e-01
2.528243230336125191e-01 3.017444022627190359e-01 3.017444016971870813e-01 2.528243211862457596e-01
2.766571821057534630e-01 3.281520023717210410e-01 3.281520023817521281e-01 2.766571821304124046e-01
3.017444022568006590e-01 3.559494761914827610e-01 3.559494761649714678e-01 3.017444022351482569e-01
3.281520023669624031e-01 3.852099749263231399e-01 3.851981130912749962e-01 -5.000000000000000000e+00
3.559472931074786906e-01 4.160104990535564151e-01 4.160050009032213447e-01 3.555311736561547753e-01
3.851761876185584854e-01 4.484321024560839475e-01 4.481727886640995417e-01 -4.999999999995292654e+00
4.155604807785257537e-01 4.825597891650977300e-01 4.801741755089574126e-01 4.113788780399103007e-01
4.482346792425426218e-01 5.183938581785955124e-01 4.327251285963319982e-01 3.433065207642628791e-01
4.696313671280417101e-01 5.393226772474537523e-01 6.211133648751643310e-04 -5.241931182533481060e-02
-4.224271825742590553e-02 3.626251001044412670e-01 -4.645186455249306068e-02 -5.060644994310529998e-02
1.379596824159536606e-01 1.181791620607517551e-01 1.882324599469945015e-01 -5.000000000000000000e+00
1.683555703818212512e-01 2.079438661566716251e-01 2.086739515245649157e-01 1.688282229850574245e-01
1.882402469448966331e-01 2.301830991158689832e-01 2.301831068895043297e-01 1.882402539669434105e-01
2.086739515313664473e-01 2.528243230412809406e-01 2.528243230419014442e-01 2.086739515443958304e-01
2.301831068884441223e-01 2.766571821493895023e-01 2.766571821474572701e-01 2.301831068889455545e-01
2.528243230408000475e-01 3.017444022617939980e-01 3.017444022627517319e-01 2.528243230332988256e-01
2.766571821469592796e-01 3.281520023815486797e-01 3.281520023818766396e-01 2.766571821245675800e-01
3.017444022625920264e-01 3.559494761858832401e-01 3.559494761914503980e-01 3.017444022619559241e-01
3.281520023782947826e-01 3.852099749384164107e-01 3.852099749332618672e-01 3.281520023818889076e-01
3.559494755653600517e-01 4.160104999220481936e-01 4.160104999343825494e-01 3.559494760004535130e-01
3.852099749266030826e-01 4.484321051947627312e-01 4.484321047320694587e-01 3.852099717706111703e-01
4.160104140897528113e-01 4.825584550511052284e-01 4.825601106011636610e-01 4.160104783755220748e-01
4.484303899898356982e-01 5.184843270718597630e-01 5.184843230330385966e-01 4.484305621486951998e-01
4.824942628244597298e-01 5.562992915050948284e-01 5.468926437560465148e-01 4.821784263739032905e-01
5.182140278409620437e-01 5.952569605075167525e-01 4.924110883894416979e-01 4.558617246448766203e-01
5.438080512748654227e-01 1.719576475876857455e-02 -3.624928560259765148e-02 -4.668656211336843359e-02
1.459997205991318270e-01 9.602700499276162205e-02 1.626742055035554080e-01 1.678502154881785779e-01
1.463130085715924622e-01 -8.259098301254670649e-02 2.301432171897750401e-01 1.881676951763849859e-01
2.085871695996184549e-01 -5.000000000000000000e+00 2.528243229445469864e-01 2.086734554628169036e-01
2.301831046792484348e-01 2.766571304531768583e-01 2.766571821494986927e-01 2.301831065750232219e-01
2.528243230413515508e-01 3.017444022611335264e-01 3.017444022627264744e-01 2.528243230364433658e-01
2.766571821494159811e-01 3.281520023816740239e-01 3.281520023818625398e-01 2.766571821493828409e-01
3.017444022626399880e-01 3.559494761912713745e-01 3.559494761914448469e-01 3.017444022483806165e-01
3.281520023817163234e-01 3.852099749384255145e-01 3.852099749383710581e-01 3.281520023818454979e-01
3.559494761908094107e-01 4.160104999351826871e-01 4.160104999348244736e-01 3.559494761914830940e-01
3.852099749384011451e-01 4.484321051947398606e-01 4.484321051846459349e-01 3.852099746359740062e-01
4.160104999333631981e-01 4.825601107314863025e-01 4.825601107261673350e-01 4.160104999314888641e-01
4.484321051928047419e-01 5.184843270810753912e-01 5.184843270671805060e-01 4.484321046605808658e-01
4.825601106224173820e-01 5.562992916629843076e-01 5.562992913919185822e-01 4.825601091356682137e-01
5.184843196498502005e-01 5.961045175405946805e-01 5.947551889186996066e-01 5.184842533979286960e-01
5.562973816104741509e-01 6.373370085456374623e-01 5.088993384628721639e-01 5.527903250072863095e-01
5.792544974259098423e-01 -4.999970475499999623e+00 3.292144651838326275e-01 3.364636532594392909e-02
-8.714504546296954202e-02 -8.210483571810997527e-02 -8.252853882208180392e-02 1.378742872111296258e-01
-8.465007195337444224e-02 -7.642284552248923557e-02 -5.000000000000000000e+00 -8.823233068828427450e-02
0.000000000000000000e+00 0.000000000000000000e+00 0.000000000000000000e+00 0.000000000000000000e+00
-5.000000000000000000e+00 3.014965642160097881e-01 3.017444004610561614e-01 2.528238064324347389e-01
2.766569908306089065e-01 3.281500928336251732e-01 3.281520023816907883e-01 2.766571806984731152e-01
3.017444005852770172e-01 3.559494761495649584e-01 3.559494761913916672e-01 3.017444022622668975e-01
3.281520023817499632e-01 3.852099749381345806e-01 3.852099749384496619e-01 3.281520023817375287e-01
3.559494761914763217e-01 4.160104999350623944e-01 4.160104999352209343e-01 3.559494761914513972e-01
3.852099749383614546e-01 4.484321051950072023e-01 4.484321051947796066e-01 3.852099749384135796e-01
4.160104999351567079e-01 4.825601107316298544e-01 4.825601107314747562e-01 4.160104999290896166e-01
4.484321051947293135e-01 5.184843270859701425e-01 5.184843270858265907e-01 4.484321051939458291e-01
4.825601107314419491e-01 5.562992916694138312e-01 5.562992916683242584e-01 4.825601107257280198e-01
5.184843270856318576e-01 5.961045175426167297e-01 5.961045175464266821e-01 5.184843270788886960e-01
5.562992916664097898e-01 6.380047553123473492e-01 6.380047553080722134e-01 5.562992915689664031e-01
5.961025982576171334e-01 6.821102687496548578e-01 -4.999999999947698726e+00 5.944198193359189197e-01
0.000000000000000000e+00 0.000000000000000000e+00 0.000000000000000000e+00 0.000000000000000000e+00
-8.151697477134266234e-02 -7.592620153752899226e-02 -7.643045285187491378e-02 4.387203308433082483e-02
-8.208995139036749655e-02 -7.003818113722064254e-02 -7.228699733723271958e-02 -8.250598605482958869e-02
-7.588524570317733975e-02 5.994228786466818115e-02 2.589681874087662594e-01 -5.000000000000000000e+00
2.070264282586787852e-01 2.737441657423964614e-01 3.281270218343216860e-01 2.766441398264794516e-01
3.012884722839902496e-01 3.549588804134601316e-01 3.559484420431047735e-01 3.017440674675759826e-01
3.281495879384016545e-01 3.852033458169356606e-01 3.852099749346240554e-01 3.281519982266129509e-01
3.559494761210390545e-01 4.160096474088690877e-01 4.160104999350918153e-01 3.559494761893558512e-01
3.852099749313270816e-01 4.484321021472810753e-01 4.484321051948508274e-01 3.852099749383636751e-01
4.160104999349727994e-01 4.825601106816775343e-01 4.825601107316366267e-01 4.160104999351219579e-01
4.484321051950329040e-01 5.184843126517857392e-01 5.184843270859746944e-01 4.484321051949762271e-01
4.825601107314302918e-01 5.562992913604544176e-01 5.562992916694637913e-01 4.825601107315815597e-01
5.184843270859156306e-01 5.961045175454997569e-01 5.961045175468157042e-01 5.184843270858667807e-01
5.562992916687897749e-01 6.380047553124409410e-01 6.380047553122412118e-01 5.562992916689311063e-01
5.961045175467050150e-01 6.821102687499478456e-01 6.821102687497511141e-01 5.961045175461363588e-01
6.380047547619496218e-01 7.285371249999226251e-01 7.285371249959136097e-01 6.380047552961922719e-01
6.821100667111672511e-01 7.774074999991168466e-01 7.285360132008934508e-01 -4.999999999998587796e+00
-7.329931054955320102e-02 -6.939742750024770201e-02 -6.993698278654955636e-02 -8.202151148909460343e-02
-7.552345186248159148e-02 -6.971294112763772033e-02 -7.603842984460910948e-02 -7.650414855649899371e-02
-6.989720323744298691e-02 -6.982705397295786709e-02 1.531636737972608131e-01 1.880751058673952314e-01
1.577780122983514777e-01 -3.478656051181869963e-02 2.355775637666241429e-01 3.015404053043713173e-01
2.741823601350157347e-01 2.212782310840960553e-01 3.845032411805382466e-01 3.280309491980656356e-01
3.533592741403328574e-01 3.558577847506212977e-01 4.160101286463795400e-01 3.559231953434149331e-01
3.852046998431222780e-01 3.851900311157075429e-01 4.484320983011789163e-01 3.852099733594763209e-01
4.160103095969723830e-01 4.160104351467129313e-01 4.825601105921580314e-01 4.160104997272680571e-01
4.484318346158898683e-01 -5.000000000000000000e+00 5.184843270558556760e-01 4.484321051895052701e-01
4.825599589715173221e-01 5.562964991750366517e-01 5.562992916404907451e-01 4.825601107307121995e-01
5.184843040450296536e-01 5.961040364444113449e-01 5.961045175467710733e-01 5.184843047133999017e-01
5.562992874537605603e-01 6.380047550731191564e-01 6.380047553124285065e-01 5.562992916553600731e-01
5.961045175130551543e-01 6.821102652464952065e-01 6.821102687499683848e-01 5.961045175460411016e-01
6.380047553121306336e-01 7.285371249554682960e-01 7.285371249999802457e-01 6.380047553114995829e-01
6.821102687498050710e-01 7.774074999999359692e-01 7.774074999999847080e-01 6.821102687493121319e-01
7.285371249999801346e-01 8.288499999999842105e-01 7.774074999982122369e-01 7.285371249980576724e-01
-6.951076451226534392e-02 -6.268206768419251618e-02 -6.317107464153698393e-02 -7.488022815683259559e-02
-6.869574748548609722e-02 -6.352966008278804200e-02 -6.973966729231972916e-02 -7.533838639773046686e-02
-6.819802290952571566e-02 -6.302769406103958527e-02 -6.339072933275202715e-02 -7.599030801611687813e-02
-6.954780703105831186e-02 -4.714206873245793683e-02 2.133314615845338380e-01 1.859385021166170548e-01
1.820841645991763957e-01 1.223114273011019215e-01 3.279854266252271722e-01 2.356292151399407286e-01
2.318612147034385118e-01 2.745402107593818419e-01 3.851778228289479689e-01 3.847800910994821910e-01
3.553965821434092454e-01 3.555588455265630832e-01 4.159935848859727114e-01 4.160095890204883462e-01
3.824682238586815664e-01 3.468128045886582078e-01 -4.999999999947698726e+00 4.484320764558455963e-01
0.000000000000000000e+00 0.000000000000000000e+00 0.000000000000000000e+00 0.000000000000000000e+00
-4.999999999998587796e+00 5.120990118802835056e-01 5.961044528604879655e-01 5.180022016135027441e-01
5.562926462109754056e-01 5.561527532137287011e-01 6.380047511696030904e-01 5.562563213967887110e-01
5.961016832001440058e-01 -5.000000000000000000e+00 6.821102686489421973e-01 5.961043817338531614e-01
6.380045840697529114e-01 7.263880178174827451e-01 7.285371249894259105e-01 6.379984570918016962e-01
6.821073463143421112e-01 7.774038998119068289e-01 7.774074999998654700e-01 6.821078532599271771e-01
7.285371157572774203e-01 8.288499999995793122e-01 8.288499999999983103e-01 7.285371249963450424e-01
7.774074999995118640e-01 8.829999999999997851e-01 8.288499999994551892e-01 7.774074999992243162e-01
-6.096586227154519866e-02 -5.568743710684539994e-02 -5.604167682855613203e-02 -6.931450214696031897e-02
-6.278172862684928968e-02 -6.067288525250506132e-02 -6.280407728940601286e-02 -6.313078965902074735e-02
-5.604176302964176265e-02 -4.999999999947698726e+00 -4.688151523582406721e-02 -6.941308191593632826e-02
-6.296929182484936605e-02 -4.935598766984510000e-02 -2.064521234202587596e-02 -3.478901243634786866e-02
-5.147478232807059517e-02 -5.467565839550796863e-02 2.838814670743392554e-01 -6.524864260102984648e-02
-1.184165166889285421e-02 -3.772761247324932232e-02 3.557503685990426878e-01 -5.836492182703087450e-02
2.967270831738329506e-01 2.702732423827857722e-01 2.435986950397001360e-01 3.851970892464156582e-01
3.195224335478542566e-01 1.507134456694996516e-01 -3.220145547010880294e-02 3.801444125617869374e-01
-4.003043754184369002e-02 -4.999970475499999623e+00 3.427967419440428043e-01 -4.999997342794999966e+00
2.113702970918599489e-01 2.217351925070439322e-01 5.512467187218903497e-01 5.544750461821762455e-01
5.128983998910111586e-01 5.175265719509375417e-01 -4.999970475499999623e+00 5.960367457756946541e-01
0.000000000000000000e+00 0.000000000000000000e+00 0.000000000000000000e+00 0.000000000000000000e+00
-4.999671949999999754e+00 5.718300183918608726e-01 7.762875412365939365e-01 6.821058985000787445e-01
7.127055441332584840e-01 6.793434693875528563e-01 8.288490015160125957e-01 7.285364295112608524e-01
7.627249159745407292e-01 -4.999999978476639129e+00 8.829999999999936788e-01 7.774027793608715431e-01
8.288499999986576050e-01 9.399999999999999467e-01 8.829999999999832427e-01 8.288499999999248136e-01
-5.569556798941780601e-02 -5.363860514048034156e-02 -5.858756107421331238e-02 -6.252655023636499720e-02
-5.581922807444429646e-02 -5.637786546944476007e-02 -4.999999999825661234e+00 -6.180907878953275508e-02
0.000000000000000000e+00 0.000000000000000000e+00 0.000000000000000000e+00 0.000000000000000000e+00
-4.999999993542991739e+00 -4.863746899003006802e-02 -5.553015958620131226e-02 -5.660137420608705311e-02
-4.935702915684233444e-02 -4.862056982410500189e-02 -5.311467726264107458e-02 -5.695904381315672338e-02
-5.572796622086277629e-02 -4.270340369930564900e-02 -4.622107345598905348e-02 2.225678606690553452e-01
-3.306057573540067268e-02 1.347087698597907168e-01 -3.168700306838007075e-02 3.479650527506757962e-01
2.284553138925555227e-01 -3.837806104688466780e-02 -4.999901584999999926e+00 -3.886294543288678488e-02
0.000000000000000000e+00 0.000000000000000000e+00 0.000000000000000000e+00 0.000000000000000000e+00
-4.865000000000000213e+00 -2.108091999999999605e-02 5.036517435574138224e-01 3.505074187449491174e-01
3.739582237351304350e-01 -4.549999999999999822e+00 4.747367240361514695e-01 5.558301894930836040e-01
5.166843878096551990e-01 -9.919000000000000733e-03 3.730531150129522966e-01 -4.549999999999999822e+00
3.790156138058737301e-01 -1.464770999999999782e-02 6.471394438482398481e-01 4.279949864719524433e-01
5.129550123988462218e-01 7.917669737727398571e-01 -4.987849999999999895e+00 4.289002881057818461e-01
0.000000000000000000e+00 0.000000000000000000e+00 0.000000000000000000e+00 0.000000000000000000e+00
-4.999991142649999887e+00 1.000000000000000000e+00 9.399997331181570992e-01 8.829997974454792953e-01
-5.365636396808388942e-02 -5.362191744881936173e-02 -5.641146882847514199e-02 -5.599783510417391530e-02
-6.048511117767059464e-02 -5.508214119025638122e-02 -4.918935465192152828e-02 -6.036350362679761272e-02
-5.588804622591991150e-02 -4.660493399757278249e-02 -4.694026542317503853e-02 -4.999671949999999754e+00
-5.116153187716663414e-02 -5.127837987894099531e-02 -4.922258403323241660e-02 -4.939181200658175619e-02
-4.146601697158907446e-02 -4.927852275421892858e-02 -4.650255480353388676e-02 -5.402747083625828589e-02
-4.157889065855857602e-02 -4.430989777779652944e-02 1.889649341985997766e-01 -5.238249318940684657e-02
1.199705891309646721e-01 -3.339258102545269308e-02 -3.829262769520891396e-02 2.805926886764816275e-01
9.309262278507876576e-02 -3.708826394993414155e-02 -2.996761643296535355e-02 -4.600035960068851043e-02
-3.449078421724776494e-02 -2.574624048692499695e-02 -2.113996454499999719e-02 -4.999901584999999926e+00
-2.869198155442499731e-02 -2.246624799999999769e-02 -4.996355000000000324e+00 -1.375499999999999813e-02
0.000000000000000000e+00 0.000000000000000000e+00 0.000000000000000000e+00 0.000000000000000000e+00
-4.959500000000000242e+00 -9.100000000000000450e-03 -6.999999999999999278e-03 2.613439430952140263e-01
3.792515722030319336e-02 -1.375499999999999813e-02 -1.457399999999999841e-02 -1.438499999999999848e-02
-9.730000000000000801e-03 6.609534998499997371e-01 9.145317369999999002e-01 6.491077900541497581e-01
-1.165499999999999869e-02 0.000000000000000000e+00 9.975699999999999568e-01 -3.500000000000000000e+00
0.000000000000000000e+00 0.000000000000000000e+00 0.000000000000000000e+00 0.000000000000000000e+00
