-4.091283603529518587e+00 -3.986666532446900391e+00 -4.135504480265967509e+00 -4.144146751020797659e+00
-4.005401237238716661e+00 -4.999999950862941134e+00 -3.702946913378901694e+00 -4.010069181106837632e+00
-3.996437494414832869e+00 -3.403664256665667409e+00 -3.828905987730292004e+00 -3.704155018706306368e+00
-3.290750141723634670e+00 -4.983093040432386545e+00 -3.204805511337243562e+00 -3.546779884554325246e+00
-3.825413980457494922e+00 -3.713723291941137372e+00 -4.999993744619644076e+00 -4.079607600885577945e+00
0.000000000000000000e+00 0.000000000000000000e+00 0.000000000000000000e+00 0.000000000000000000e+00
-4.908759981842996112e+00 -1.869033143069121827e+00 -4.860935805278153943e+00 -3.060864904412627041e+00
0.000000000000000000e+00 0.000000000000000000e+00 0.000000000000000000e+00 0.000000000000000000e+00
-3.297458894905655136e+00 -4.995224975246016719e+00 -2.388115511102077537e+00 -4.046989546248700442e+00
-2.896782041078638237e+00 -1.528892726223479048e+00 -1.683017440578171264e+00 -4.764493565137687625e+00
-2.267123164201651164e+00 9.423621435451540185e-02 -4.676945905538666182e+00 -2.331009595080289376e+00
0.000000000000000000e+00 0.000000000000000000e+00 0.000000000000000000e+00 0.000000000000000000e+00
0.000000000000000000e+00 0.000000000000000000e+00 0.000000000000000000e+00 0.000000000000000000e+00
-4.249526823515004104e+00 -7.198047404951100070e-01 -8.825115973153886684e-02 -1.167128245294484667e+00
-1.078920607625050154e+00 1.456486963236848231e-01 9.618479575523054548e-01 -1.073602113812529790e+00
0.000000000000000000e+00 0.000000000000000000e+00 0.000000000000000000e+00 0.000000000000000000e+00
