-3.021476227978788565e+00 -3.138971064604408223e+00 -3.014965266421131496e+00 -3.028076865156592135e+00
-3.043560051966368363e+00 -3.085194745760533319e+00 -2.927595508344286390e+00 -2.947752531506399709e+00
-2.948299801374035134e+00 -2.856080810776320700e+00 -2.855840405610905908e+00 -2.885606046740216701e+00
-2.855745263114596533e+00 -2.785648541187064176e+00 -2.794470685289224932e+00 -2.801824886167612050e+00
-2.732988317736765538e+00 -2.704226747661422348e+00 -2.833887768980539068e+00 -2.717495961500511203e+00
-2.641694667896427262e+00 -2.633577584627714518e+00 -4.999477521618341136e+00 -2.869766888899691892e+00
0.000000000000000000e+00 0.000000000000000000e+00 0.000000000000000000e+00 0.000000000000000000e+00
-4.898622202047773655e+00 -2.166096758994641380e+00 -2.157225962816300857e+00 -2.153183645842635219e+00
-2.274752587215231436e+00 -2.223370893326719333e+00 -2.223648450114204866e+00 -2.223292696158766457e+00
-2.188598977585715755e+00 -2.191708878515194581e+00 -2.188001186477596338e+00 -2.188143021423629264e+00
-2.141217342655637346e+00 -2.142753900851917859e+00 -2.141234868176301376e+00 -2.148904657150893183e+00
-2.084260523571944912e+00 -2.104338639134711197e+00 -2.077950617771615605e+00 -2.077458610607756384e+00
-2.045688772731028671e+00 -2.015150325068227222e+00 -2.017063941606268784e+00 -2.014988881048605851e+00
-1.972326219418608639e+00 -1.964410042519862953e+00 -1.962228808250627621e+00 -1.971023086223900656e+00
-1.913150742223069356e+00 -1.918297126593423663e+00 -1.916045682453859422e+00 -1.918779943029969237e+00
-1.885812686110667880e+00 -1.870275645518413299e+00 -1.873332053059374447e+00 -1.869047044813686442e+00
-1.837088175926254952e+00 -1.842677313771740488e+00 -1.836869764473578304e+00 -1.849608106696730703e+00
-1.805806699332151988e+00 -1.810914755819710509e+00 -1.808758310993821006e+00 -1.811904287641974420e+00
-1.794208644935355590e+00 -1.786129093091970432e+00 -1.782123653240780037e+00 -1.782464957479426237e+00
-1.782054864884834000e+00 -1.765340934746845836e+00 -1.775410417988598555e+00 -1.769206503173150535e+00
-2.934186255313654623e+00 -4.999988229398264927e+00 -3.426172296073497048e+00 -2.860246290607854291e+00
-2.845312606536774869e+00 -4.999999999942065898e+00 -2.845862070821394862e+00 -2.859882997224866941e+00
-2.835257685235882175e+00 -2.826056150218744900e+00 -2.785416507431167421e+00 -2.827593369629886499e+00
-2.789602147875245297e+00 -2.720271409070689206e+00 -2.707317870746579480e+00 -2.799234419250868466e+00
-2.676483702349672367e+00 -2.630951234307847830e+00 -2.645658449990957894e+00 -2.707093630612332547e+00
-2.576518287547570729e+00 -2.547908577402751895e+00 -2.826746932462503636e+00 -2.696572870162117663e+00
-2.365325346612671797e+00 -2.367041200844398396e+00 -2.366869803727240651e+00 -4.994104907711131247e+00
-2.528246970057584697e+00 -2.315319370935512211e+00 -2.315464346451277411e+00 -2.441043541777863979e+00
-2.270644664413259406e+00 -2.263934768326707925e+00 -2.259486895918715099e+00 -2.257339884964538967e+00
-2.220840727790386104e+00 -2.225597672325359433e+00 -2.212454580818213223e+00 -2.214613693624756685e+00
-2.182297858051656103e+00 -2.338759781597992582e+00 -2.318168183676986072e+00 -2.175888467096574796e+00
-2.055193826612233376e+00 -4.828315808985374602e+00 -2.023588862042681846e+00 -2.033683219869574010e+00
-1.984320858445121738e+00 -1.986216181453953178e+00 -1.984831504928062484e+00 -1.991183843083219163e+00
-1.948779262491819875e+00 -2.005704618484362101e+00 -1.945742141479276377e+00 -1.948929691845404877e+00
-1.908192568453813465e+00 -1.901866401188288647e+00 -1.900766330380015079e+00 -1.899445601238136883e+00
-1.870510361650008058e+00 -1.866436840595103508e+00 -1.861204542144206497e+00 -1.863489681595234426e+00
-1.834364882023059140e+00 -1.835604878834862230e+00 -1.832096588698844952e+00 -1.834164549204937655e+00
-1.823658503255690677e+00 -1.793396271589414059e+00 -1.794730038052012366e+00 -1.790571309999303029e+00
-1.769396081835042711e+00 -1.773515052360124189e+00 -1.772433217013259510e+00 -1.768774862588676555e+00
-1.765265054466082617e+00 -1.758113648766760573e+00 -1.770799532254094144e+00 -1.762171165779353066e+00
0.000000000000000000e+00 0.000000000000000000e+00 0.000000000000000000e+00 0.000000000000000000e+00
0.000000000000000000e+00 0.000000000000000000e+00 0.000000000000000000e+00 0.000000000000000000e+00
-4.999989406458438701e+00 -2.589940380946776255e+00 -2.596667958298664036e+00 -2.614576445249973347e+00
-2.887812481662634490e+00 -2.618081482433606055e+00 -2.628087569522890465e+00 -2.637921058173534394e+00
-2.644511773797463494e+00 -2.558150947539310049e+00 -2.563583125774206550e+00 -2.605430411559984449e+00
-2.552529929692057387e+00 -2.476442843811844430e+00 -2.474628784659115510e+00 -2.517090200445678327e+00
-2.427338777639547196e+00 -2.400985690675053075e+00 -2.406063151080730211e+00 -2.414713296809565701e+00
-2.396432465183887750e+00 -2.330272434656343705e+00 -2.335650108607731035e+00 -2.333175194053388690e+00
-2.287986667922186079e+00 -2.283841700942552677e+00 -2.283758763979336415e+00 -2.281499391904979746e+00
-2.247340539612853405e+00 -2.505774789442277051e+00 -2.256886682746366279e+00 -2.241306300628794990e+00
-2.025979521703847208e+00 -2.003383737803076770e+00 -4.860935805278153943e+00 -2.026193006255559759e+00
0.000000000000000000e+00 0.000000000000000000e+00 0.000000000000000000e+00 0.000000000000000000e+00
-4.324574141163504137e+00 -1.885180171094023471e+00 -1.862488557737138173e+00 -1.876285697071964353e+00
-1.829976434975159938e+00 -4.676945905538666182e+00 -1.838998503623687331e+00 -1.842261079025525827e+00
-2.126250379621964726e+00 -1.943335076883859092e+00 -1.875448648375384497e+00 -1.872068008749478762e+00
-1.850257526080670623e+00 -1.852315094596921119e+00 -1.845135355357943485e+00 -1.855374503714298573e+00
-1.811901360145498519e+00 -2.054170558963404059e+00 -1.813448271390521116e+00 -1.817355630679884815e+00
-1.781162366636832584e+00 -1.781852048882276884e+00 -1.775717454115207872e+00 -1.780503261044517727e+00
-1.749098173961436853e+00 -1.741687259879103111e+00 -1.743670156023127582e+00 -1.739299884389225337e+00
-1.723947572528154337e+00 -1.726623181793023099e+00 -1.735305969050970232e+00 -1.747844205081139135e+00
-2.660088456882816921e+00 -2.465794443266661418e+00 -2.532333930512451037e+00 -4.788044208623919218e+00
-2.483940305791255909e+00 -2.487257590976726274e+00 -2.486958279880151057e+00 -4.971367915514887770e+00
-2.529408757746173020e+00 -2.529917535152660601e+00 -2.533315805857685454e+00 -2.602866091206100130e+00
-2.549495788121816986e+00 -2.544370322594652123e+00 -2.546217111127133670e+00 -2.583928347684356641e+00
-2.509396873621955848e+00 -2.489401676746890058e+00 -2.481858237837530901e+00 -2.520599931106189739e+00
-2.453437056659672155e+00 -2.404774801401818873e+00 -2.403089723044312898e+00 -2.444459411860985476e+00
-2.360518217402921781e+00 -2.331764835414731785e+00 -2.313378570946548862e+00 -2.363401931958752478e+00
-2.331738191120807713e+00 -2.220968973899949628e+00 -2.280021626886586272e+00 -2.344850678749943018e+00
-2.268177652907866992e+00 -2.498237491430826740e+00 -2.341386590941085366e+00 -2.275257069767423701e+00
-2.021760504083073506e+00 -4.926095585292826762e+00 -1.955606353832525901e+00 -2.015302695135663846e+00
-2.266031401694625913e+00 -1.905703637958349184e+00 -2.096196980454144931e+00 -2.191644558336642845e+00
-1.817861353919916434e+00 -4.249526823515004104e+00 -1.824048336551038485e+00 -3.856160377251949711e+00
-2.049591890142538730e+00 -1.861930830922533087e+00 -4.392116727047153724e+00 -1.829736714034805978e+00
0.000000000000000000e+00 0.000000000000000000e+00 0.000000000000000000e+00 0.000000000000000000e+00
-4.676945905538666182e+00 -1.606144415821415095e+00 -1.613993306491350532e+00 -1.620835051782075098e+00
-1.876367005936665944e+00 -1.882303948732546806e+00 -1.993787583725598278e+00 -1.868635206847883978e+00
-1.677520554325788726e+00 -4.788044208623919218e+00 -1.630072069956158609e+00 -1.640298779611367941e+00
-1.836215764247714599e+00 -1.870198683605384993e+00 -1.726928097042196741e+00 -1.741920643643089184e+00
-1.695130214408670177e+00 -1.694508093126800841e+00 -1.697972416814017560e+00 -1.700889222720137761e+00
-1.697304081652908359e+00 -1.692877619028256397e+00 -1.700283871252817880e+00 -1.693679758124305934e+00
-2.454886900403446592e+00 -2.443990781200386042e+00 -2.440770821372660215e+00 -2.444898249160409431e+00
-2.455797787414124578e+00 -2.449748001154342880e+00 -2.454428734779674937e+00 -2.451022358165954262e+00
-2.473902175246272872e+00 -2.468613401723905199e+00 -2.475095430154349074e+00 -2.477034226720156163e+00
-2.484546203627660432e+00 -2.472098022378498960e+00 -2.472492455242829124e+00 -2.501556661776699109e+00
-2.439745878835879012e+00 -2.409146961381027463e+00 -2.409069090735009855e+00 -2.480538009633374230e+00
-2.363280517383548052e+00 -2.331813377520972175e+00 -2.336004734216015066e+00 -2.368075999007212662e+00
-2.284606377373690655e+00 -2.266405139861027873e+00 -2.240174955427935100e+00 -2.336569366448831175e+00
-2.261241858114904968e+00 -2.128866099947532398e+00 -2.167941169343141183e+00 -2.266549228016838669e+00
-2.087549054850822650e+00 -2.054779670964487881e+00 -4.964651747549244654e+00 -2.112177859395284685e+00
0.000000000000000000e+00 0.000000000000000000e+00 0.000000000000000000e+00 0.000000000000000000e+00
-4.073489905574079195e+00 -1.792231445288452241e+00 -4.249526823515004104e+00 -1.800823666227298059e+00
0.000000000000000000e+00 0.000000000000000000e+00 0.000000000000000000e+00 0.000000000000000000e+00
-4.556853094017375483e+00 -1.530462241485947450e+00 -1.529615542847603260e+00 -1.740555417236572922e+00
-1.626208254653828789e+00 -1.498563962088735879e+00 -1.486217454491947088e+00 -4.324574141163504137e+00
-1.558618845177533574e+00 -1.547140776351114910e+00 -1.547173809252481380e+00 -1.862754592380209795e+00
-1.509634301056755445e+00 -1.490348613433546632e+00 -4.676945905538666182e+00 -1.516557084052202020e+00
0.000000000000000000e+00 0.000000000000000000e+00 0.000000000000000000e+00 0.000000000000000000e+00
-4.641051006154073733e+00 -1.547940481822070558e+00 -1.552736637770129269e+00 -1.553789187255067539e+00
-1.903545471770705655e+00 -1.637875361368204219e+00 -1.641534222547430533e+00 -1.636334456928548287e+00
-1.651417832708272027e+00 -1.652123958678299198e+00 -1.664912022693496141e+00 -1.661533545069901363e+00
-2.412205975522667245e+00 -2.403830650458309570e+00 -2.405727502489475977e+00 -2.416584341012468329e+00
-2.406676127488259986e+00 -2.403495831258656956e+00 -2.410450021503115270e+00 -2.412487530588362183e+00
-2.406563159939823837e+00 -2.407458531111557942e+00 -2.409090177476942429e+00 -2.423380498144193318e+00
-2.402311495007844577e+00 -2.400103733864450639e+00 -2.401305113720957785e+00 -2.438336337061838055e+00
-2.362084306575750414e+00 -2.339313898580539064e+00 -2.332810914817871506e+00 -2.357531725704756553e+00
-2.315382688501938624e+00 -2.280799626962138671e+00 -2.242970209371335066e+00 -2.319885869327324546e+00
-2.261454871284111601e+00 -2.333410769393501116e+00 -2.148816491137232720e+00 -2.246289156122716069e+00
-2.234830722104750755e+00 -2.039110486994323068e+00 -2.088060382133703818e+00 -2.201306805297057245e+00
-2.067299346925964176e+00 -1.950734690495132817e+00 -2.111029111690321258e+00 -2.181221462470856576e+00
-1.844181259082106950e+00 -1.848659652848011481e+00 -1.845010474755565344e+00 -4.933486026763544530e+00
-1.801900518468271262e+00 -1.790335265689753763e+00 -1.865182816438668345e+00 -1.864902442812095718e+00
-1.538951331335378647e+00 -1.533102542712521998e+00 -1.524842888151571874e+00 -4.738326183486319287e+00
-1.643862604805876204e+00 -1.574882251162600388e+00 -1.574860564619021908e+00 -1.580867119423611244e+00
-1.541918865591273002e+00 -1.532462132421774204e+00 -1.532421973946616056e+00 -1.643489380030938918e+00
-1.494748792347318167e+00 -1.484370244492767110e+00 -1.482763809686376888e+00 -1.484904170279605529e+00
-1.444773644355895392e+00 -1.388978297500010006e+00 -1.521162294912270507e+00 -1.753935636454047708e+00
-1.474193378819548705e+00 -1.427744990169943717e+00 -1.451343048507245159e+00 -4.392116727047153724e+00
-1.499143498430838939e+00 -1.500008354190499826e+00 -1.501353356567198816e+00 -1.814082847707152890e+00
-1.582982936162363519e+00 -1.581441757389008940e+00 -1.587293808058497513e+00 -1.584697314282234037e+00
-1.615562517515878760e+00 -1.869153150441921873e+00 -1.622369774946741616e+00 -1.610860087906353710e+00
-2.372616725290698891e+00 -2.361273366359122328e+00 -2.366430857226334616e+00 -2.369766901710397722e+00
-2.359402104548817825e+00 -2.354109774788643694e+00 -2.355116842840640601e+00 -2.371646856141811366e+00
-2.352588268738293298e+00 -2.343461640422918713e+00 -2.351411137235972504e+00 -2.351114581973226425e+00
-2.332806785106971592e+00 -2.330856118156413359e+00 -2.331691862102204471e+00 -2.354029439643359645e+00
-2.283749970647768635e+00 -2.278389723115667120e+00 -2.277956752095975368e+00 -2.296944482617981009e+00
-2.281199616803145425e+00 -2.215012793098974253e+00 -2.261287583611161889e+00 -2.265427098090292635e+00
-2.071896813563523843e+00 -4.960724163943605269e+00 -2.053025616069659165e+00 -2.072116632330644581e+00
-2.183519698019270372e+00 -2.024465429766090896e+00 -1.961369251237478295e+00 -2.081661175648115147e+00
-2.032781957960344332e+00 -1.857155127995115063e+00 -1.881937341123719687e+00 -2.064728092930844472e+00
-1.884458911794235414e+00 -1.774499190212995403e+00 -1.819677057255048247e+00 -2.241776374037908859e+00
-1.853405039517989517e+00 -1.728678369970742645e+00 -1.706322128889722123e+00 -1.754360568704351531e+00
-1.702773281674224259e+00 -1.654210054996884116e+00 -1.613641470375412057e+00 -1.692307353950918358e+00
-1.660661217736211226e+00 -1.510597037020208866e+00 -1.556365650282210522e+00 -1.571344535617207328e+00
-1.519094368154924046e+00 -1.441279367096218289e+00 -1.480194894159684971e+00 -1.503567747893423956e+00
-1.423096591532847510e+00 -1.400525901942856422e+00 -1.417168421305638137e+00 -1.433587752472280652e+00
-1.407762486742199837e+00 -1.270825928210447264e+00 -1.370359620354929531e+00 -1.405315091244265790e+00
-1.364428273563250027e+00 -1.317374198288076670e+00 -1.371645790992727765e+00 -1.526351430821461408e+00
-1.423854328771888333e+00 -1.454411039192772925e+00 -1.456184169179763011e+00 -1.462330683383289642e+00
-1.510976919359843018e+00 -1.576963195654331740e+00 -1.786246779284519359e+00 -1.529338845726494034e+00
-1.424589967061911988e+00 -4.392116727047153724e+00 -1.522625749058743372e+00 -1.437300208222419773e+00
-2.331903946891582979e+00 -2.323869343928428588e+00 -2.328111097544130370e+00 -2.327559637601372522e+00
-2.311316837350243070e+00 -2.304079083971887876e+00 -2.302166277743485701e+00 -2.311891515654251883e+00
-2.284220851232143801e+00 -2.283936038491959586e+00 -2.285405224942824720e+00 -2.283950701691848106e+00
-2.269923663449410434e+00 -2.263530092580433362e+00 -2.262445065680255052e+00 -2.293527140575817747e+00
-2.216284601773731211e+00 -2.210827594704328991e+00 -2.295155695441927435e+00 -2.212045309405306526e+00
-2.088088149653998471e+00 -2.069634261831415412e+00 -4.964651747549244654e+00 -2.088089575529457509e+00
0.000000000000000000e+00 0.000000000000000000e+00 0.000000000000000000e+00 0.000000000000000000e+00
-4.940137424087190254e+00 -1.877249341362885460e+00 -1.880857914010285681e+00 -1.882770471892725839e+00
-2.273765172381007282e+00 -1.807931372737563214e+00 -1.756825724723333648e+00 -1.956428040120208989e+00
-1.828364325754254782e+00 -1.639884776840199399e+00 -1.730171150532741065e+00 -1.846395592699827226e+00
-1.737928225581931940e+00 -1.656611691307824596e+00 -1.613308654643645923e+00 -1.747740158572542724e+00
-1.681437074327040149e+00 -1.575336633526460695e+00 -1.487708703101506158e+00 -1.629202025431889522e+00
-1.562972514078691422e+00 -1.447023598475505546e+00 -1.355852727959160342e+00 -1.556939446012558292e+00
-1.474085240178768075e+00 -1.209382402984308102e+00 -1.399656044689426837e+00 -1.499482697826190369e+00
-1.371345445732947699e+00 -1.267034296502585811e+00 -1.339052931974543670e+00 -1.358236599522061994e+00
-1.336008801759185349e+00 -1.113868540635897242e+00 -1.283444430721973450e+00 -1.309117977928264231e+00
-1.282450107577174148e+00 -1.196742253802646205e+00 -1.341862487646381830e+00 -1.311243484739378351e+00
-1.336126223741528563e+00 -1.337207823918511229e+00 -1.540050544266019950e+00 -1.341581897148579339e+00
-1.363223262473731712e+00 -1.329675742649997661e+00 -4.452905054342438440e+00 -1.348370538645923045e+00
0.000000000000000000e+00 0.000000000000000000e+00 0.000000000000000000e+00 0.000000000000000000e+00
-2.289610378179208983e+00 -2.352388876277582419e+00 -2.281790289920226922e+00 -2.292750349322170145e+00
-2.255074453931369405e+00 -2.257466915208572900e+00 -2.254184581660862996e+00 -2.251725578421972518e+00
-2.229033594338573288e+00 -2.221414250415189251e+00 -2.220552779047004321e+00 -2.254445411007777622e+00
-2.207623076888065583e+00 -2.198601009124951489e+00 -2.198065812496159843e+00 -2.198258013904173858e+00
-2.148693293664147852e+00 -2.134698925099993261e+00 -2.141823168815697898e+00 -2.187087117225033683e+00
-2.076933944082966832e+00 -2.050062019233327426e+00 -2.158012116789703949e+00 -2.135033977887236034e+00
-1.798161389236312191e+00 -1.798572095028620810e+00 -1.793344299427980681e+00 -4.860935805278153943e+00
-1.932383438226892958e+00 -1.810349324510159175e+00 -1.795294511548234606e+00 -1.815070820847774602e+00
-1.757068369930932850e+00 -1.749571606372762655e+00 -1.674803987530340654e+00 -1.772334163573308974e+00
-1.738438337692977509e+00 -1.615289797589871235e+00 -1.521780449993179740e+00 -1.752475346580902205e+00
-1.655231276066750468e+00 -1.533850187570280799e+00 -1.448788558297636753e+00 -1.647180672071170582e+00
-1.589202308878689962e+00 -1.486389325588930221e+00 -1.337202315055575630e+00 -1.613624632994486552e+00
-1.487331676867432506e+00 -1.359499127631372373e+00 -1.195764064836605023e+00 -1.500662091860855529e+00
-1.399388657623237497e+00 -1.072415320736535227e+00 -1.207304062893160834e+00 -1.408304126314164684e+00
-1.306612823420044256e+00 -1.245359985900578392e+00 -1.048199730678495811e+00 -1.322594765645748183e+00
-1.250184846752206536e+00 -9.225521477621868582e-01 -1.241625949697488185e+00 -1.218664817731417438e+00
-1.240497536470638096e+00 -1.032885012365160282e+00 -1.245583925295703054e+00 -1.258495916576415574e+00
-1.253524776773240479e+00 -1.268386383794765315e+00 -1.277950569732559494e+00 -1.289897162519913154e+00
-1.292186693044320656e+00 -1.292931071041261148e+00 -1.382761171307344217e+00 -1.304121646326223516e+00
-1.220598949909722286e+00 -1.477534028616805495e+00 -1.268663403414819202e+00 -3.587852317594999896e+00
-2.037754814254561619e+00 -4.908759981842996112e+00 -1.993688013860644315e+00 -1.964333560608928053e+00
-2.296344150379675320e+00 -2.263259791570449764e+00 -2.209268603223881300e+00 -2.208815019681011016e+00
-2.171913728579395020e+00 -2.157159357490858742e+00 -2.157136827152100533e+00 -2.167362887620045697e+00
-2.131874672234785884e+00 -2.131905201587521059e+00 -2.132129160314168992e+00 -2.154743418494282636e+00
-2.095268045666883960e+00 -2.073434722816427378e+00 -2.046599390815425412e+00 -2.087267100904846462e+00
-2.042032302904920549e+00 -2.034055666850463684e+00 -1.934198572464838950e+00 -2.028386848596736680e+00
-1.921540591319950808e+00 -2.148670601036277716e+00 -1.818699491520515243e+00 -1.916589593255052959e+00
-1.881786479761353936e+00 -1.824223225659138858e+00 -1.717638835352528259e+00 -1.815807481005940360e+00
-1.751882375943451420e+00 -1.727154766402577257e+00 -1.599634372390400072e+00 -1.721880899989143510e+00
-1.688154269582969214e+00 -1.666036519944144700e+00 -1.475996237463582217e+00 -1.646578491149350398e+00
-1.602200300789217824e+00 -1.579531877430449427e+00 -1.375672534737368169e+00 -1.562817684379130823e+00
-1.519549092896290921e+00 -1.464439587398476128e+00 -1.246433961163115001e+00 -1.534354493799289010e+00
-1.438065010056819304e+00 -1.703768563992253071e+00 -1.091567518420115235e+00 -1.402429766218320717e+00
-1.296566619670335596e+00 -1.191055340305197996e+00 -9.330502851898438976e-01 -1.301613593376458544e+00
-1.204775588331716829e+00 -8.292525100356533674e-01 -9.975174035692899732e-01 -1.179458180557029667e+00
-1.127543421025317016e+00 -7.395896975521983885e-01 -1.120700383081565610e+00 -1.161850425563580647e+00
-8.594119295710974660e-01 -1.093117310988785951e+00 -1.192970668638398068e+00 -1.175908803452206497e+00
-1.164785645332806485e+00 -1.204250826579715605e+00 -1.213840346785081570e+00 -1.220729021799281000e+00
-1.251862194214502511e+00 -1.328047964857875129e+00 -1.412321411908146418e+00 -1.250150466046037412e+00
-1.068487591267875514e+00 -4.249526823515004104e+00 -1.107930508449153306e+00 -1.093181678528222678e+00
0.000000000000000000e+00 0.000000000000000000e+00 0.000000000000000000e+00 0.000000000000000000e+00
-4.908759981842996112e+00 -2.006851113357462246e+00 -2.032591652225826717e+00 -2.028188336934936054e+00
-2.084329118370995992e+00 -2.082430856327208257e+00 -2.099740620420506243e+00 -2.084388581487614189e+00
-2.086928817909983191e+00 -2.088620997630971310e+00 -2.090319564644187000e+00 -2.090861758371076462e+00
-2.062946979510878798e+00 -2.057036446664689766e+00 -2.058868009750012718e+00 -2.056606185964986899e+00
-2.014446733452956106e+00 -2.052259118004584160e+00 -2.182555388431188348e+00 -2.016675355901061284e+00
-1.856316987467555801e+00 -4.926095585292826762e+00 -1.840893124902366118e+00 -1.850204118902139205e+00
-2.062967907639559506e+00 -1.771770827372944446e+00 -1.761929464119357247e+00 -1.764676713297442578e+00
-1.696211389948181658e+00 -1.692912904059075130e+00 -1.696663728118096737e+00 -1.694875470356499436e+00
-1.656912772735148032e+00 -1.656371622548687972e+00 -1.672371606877938843e+00 -1.646285211415346561e+00
-1.562427750564314266e+00 -1.805084973027470285e+00 -1.472341053606055716e+00 -1.559869240202779173e+00
-1.509779019354865026e+00 -1.479613607818175858e+00 -1.259175008123361472e+00 -1.507941130485287884e+00
-1.265794209819912641e+00 -4.641051006154073733e+00 -1.051636760930209968e+00 -1.233737400284002472e+00
-1.584692972759393248e+00 -1.269772574685380517e+00 -8.436337626324252881e-01 -1.234249097619126490e+00
-1.137410722434254895e+00 -8.389568694008087135e-01 -7.469831438172466198e-01 -1.112252758531582897e+00
-9.203068052960443612e-01 -6.221934506515965912e-01 -9.987021912270026558e-01 -8.884305364133981975e-01
-8.332908260352572816e-01 -1.075728788608853348e+00 -1.108445480425849894e+00 -1.092238223170685751e+00
-1.128772502493388119e+00 -1.150815457124547914e+00 -1.459708875271207074e+00 -1.141257936453562438e+00
-8.907424406707589171e-01 -3.587852317594999896e+00 -3.256607799500000233e+00 -9.180483699277375287e-01
0.000000000000000000e+00 0.000000000000000000e+00 0.000000000000000000e+00 0.000000000000000000e+00
-2.212026965633188347e+00 -1.992238828750890534e+00 -1.947811353948873281e+00 -4.641051006154073733e+00
-1.977526796506142048e+00 -1.860950052950568923e+00 -1.977269544639929988e+00 -1.986076767133255983e+00
-1.989596280234130932e+00 -2.021806248726868205e+00 -2.027657789409608835e+00 -2.029687671824235817e+00
-2.051684438175893188e+00 -2.063963802352779098e+00 -2.060410902759220786e+00 -2.058963982571373474e+00
-2.034279806415986602e+00 -1.971928582146294406e+00 -2.143832888141616877e+00 -2.039301917419397814e+00
-1.945538466820638135e+00 -1.938778197782800916e+00 -4.764493565137687625e+00 -1.936983973246681812e+00
0.000000000000000000e+00 0.000000000000000000e+00 0.000000000000000000e+00 0.000000000000000000e+00
-4.641051006154073733e+00 -1.538078811591932160e+00 -1.542774872027048660e+00 -1.562173293634200988e+00
-1.794019179209395354e+00 -1.600742923375449545e+00 -1.677686827029147842e+00 -1.632889548023024551e+00
-1.634783475139518050e+00 -1.748324388249366645e+00 -1.888126288982176382e+00 -1.629457426528720054e+00
-1.405287739286170900e+00 -4.641051006154073733e+00 -1.513439982277781759e+00 -1.407009577106503873e+00
-1.130947027318255804e+00 -1.118994616942516895e+00 -4.392116727047153724e+00 -1.138800277559127938e+00
0.000000000000000000e+00 0.000000000000000000e+00 0.000000000000000000e+00 0.000000000000000000e+00
-4.452905054342438440e+00 -9.343262986004828852e-01 -8.863276834316653474e-01 -9.884305783303217741e-01
-1.096677709549924939e+00 -6.399416299432403310e-01 -8.284424641964556191e-01 -1.034517365314147508e+00
-8.403628332713719562e-01 -4.637177649966261472e-01 -8.711074394620639261e-01 -8.422122526743196502e-01
-6.473233800886484257e-01 -1.100301892032490736e+00 -1.498299232068829756e+00 -9.967958399470965292e-01
-8.938151910431302305e-01 -3.856160377251949711e+00 -2.608515500000000209e+00 -9.067802341454327397e-01
0.000000000000000000e+00 0.000000000000000000e+00 0.000000000000000000e+00 0.000000000000000000e+00
-9.499999999999999556e-01 -6.992103084548995096e-02 -5.838136258375142829e-02 -5.000000000000000000e-01
-1.976024887248427842e+00 -2.342516338128642239e+00 -1.959580559280445389e+00 -2.095464672548896790e+00
-1.962895097954783452e+00 -1.758431422938890432e+00 -1.954994856359554944e+00 -1.962658435152510261e+00
-1.949354401499172829e+00 -1.908405617331110138e+00 -1.960687738558219761e+00 -1.982162662467562564e+00
-1.908317299924611188e+00 -4.874842224750338460e+00 -1.881570950625717664e+00 -1.930476233523876761e+00
-2.175319133684867623e+00 -1.779080543342322684e+00 -2.102445084415699661e+00 -2.030966693474716589e+00
-1.902427002514722298e+00 -4.676945905538666182e+00 -2.034016615306019293e+00 -1.928923321080037834e+00
-1.779846564358452676e+00 -1.484074182561652133e+00 -1.494375475689845079e+00 -4.601167784615637579e+00
-1.668388300289515680e+00 -1.529750885101139435e+00 -1.527134285557251836e+00 -1.532360616312876012e+00
-1.526593237131679270e+00 -1.513451836112574389e+00 -1.589364715584711263e+00 -1.608357265614382969e+00
-1.432202282779943214e+00 -1.643486758108514412e+00 -4.641051006154073733e+00 -1.448770876199037216e+00
0.000000000000000000e+00 0.000000000000000000e+00 0.000000000000000000e+00 0.000000000000000000e+00
-2.342795000000000183e+00 -2.847663950000000277e+00 -1.112346088208364892e+00 -1.276446532489401431e+00
-9.972945813300772011e-01 -3.062897555000000160e+00 -9.552464190873701799e-01 -2.847663950000000277e+00
-9.476901522354695961e-01 -1.091983812723086755e+00 -7.418640989401513730e-01 -1.203094564605850181e+00
-9.261379280497565869e-01 -7.092751739685647649e-01 -4.703157149492160904e-01 -9.162958455395961987e-01
-6.598656296130063215e-01 -2.861646556205449388e-01 -7.393003967397218101e-01 -6.948711467734917102e-01
-5.131146145489556831e-01 -7.597552169894328244e-01 -4.073489905574079195e+00 -8.869775702682738405e-01
0.000000000000000000e+00 0.000000000000000000e+00 0.000000000000000000e+00 0.000000000000000000e+00
-1.354999999999999982e+00 -7.851123005162959079e-02 -8.234030862488203595e-02 -5.000000000000000000e-01
-1.597402934399621000e-01 -1.233448028101232774e-01 -1.146665281999987435e-01 -1.189020778457516442e-01
-2.162990826779545017e+00 -4.764493565137687625e+00 -1.853434430578321246e+00 -1.943955918291748075e+00
-1.907552359437296730e+00 -1.649522556473575152e+00 -1.918804663200216254e+00 -1.911285894773044669e+00
-1.753837228330959341e+00 -1.779154085373236382e+00 -4.809239787761526941e+00 -1.732103484109940084e+00
0.000000000000000000e+00 0.000000000000000000e+00 0.000000000000000000e+00 0.000000000000000000e+00
-4.073489905574079195e+00 -1.673095155708151704e+00 -4.392116727047153724e+00 -1.780724929053081995e+00
0.000000000000000000e+00 0.000000000000000000e+00 0.000000000000000000e+00 0.000000000000000000e+00
-3.856160377251949711e+00 -1.528215866765042730e+00 -1.517532232841448669e+00 -1.521856834447306017e+00
-1.494659771240528290e+00 -1.484890015314653811e+00 -1.486212199694677549e+00 -1.490003511395699531e+00
-1.458645859475134809e+00 -1.441411675052364227e+00 -1.731384826009713773e+00 -1.467827195931922679e+00
-1.362563414695962205e+00 -1.351700688959584618e+00 -4.507614548908194685e+00 -1.349755442708898467e+00
0.000000000000000000e+00 0.000000000000000000e+00 0.000000000000000000e+00 0.000000000000000000e+00
0.000000000000000000e+00 0.000000000000000000e+00 0.000000000000000000e+00 0.000000000000000000e+00
0.000000000000000000e+00 0.000000000000000000e+00 0.000000000000000000e+00 0.000000000000000000e+00
-4.249526823515004104e+00 -7.980560579703187551e-01 -6.316707182869625292e-01 -8.181563291185862674e-01
-1.194272413793492582e+00 -9.918515185876323192e-01 -4.012822051671757206e-01 -8.199570886593071650e-01
-6.210073918119221048e-01 -1.794365632177548353e-01 -3.691501347064629623e-01 -5.090539433110554679e-01
-5.371639023294273452e-01 -6.757088969857018290e-02 -4.249526823515004104e+00 -8.965457175512335786e-01
0.000000000000000000e+00 0.000000000000000000e+00 0.000000000000000000e+00 0.000000000000000000e+00
-1.354999999999999982e+00 -7.888221390680436040e-02 -1.397192099762872008e-01 -1.405785673785926448e-01
-1.202736471168368015e-01 -9.850407364630500706e-02 -1.263489771357615143e-01 -1.248660131009055041e-01
0.000000000000000000e+00 0.000000000000000000e+00 0.000000000000000000e+00 0.000000000000000000e+00
-4.709251314984799208e+00 -1.599781179793044572e+00 -1.731199834208084987e+00 -1.602909994680938865e+00
-1.681162827880065880e+00 -1.393279308296369701e+00 -4.452905054342438440e+00 -1.812321683088778057e+00
0.000000000000000000e+00 0.000000000000000000e+00 0.000000000000000000e+00 0.000000000000000000e+00
-4.073489905574079195e+00 -1.737879824721611399e+00 -1.499782273198835503e+00 -1.506179132114407127e+00
-1.647946399552892016e+00 -1.488091473317881608e+00 -1.485715328516273637e+00 -3.970544339526754563e+00
-1.584102681997683781e+00 -4.452905054342438440e+00 -1.459662256459711260e+00 -1.470560547606156510e+00
-1.871627839140370231e+00 -1.495989780965510052e+00 -1.440869661358344933e+00 -1.449394034771285922e+00
-1.426235433392851082e+00 -1.373182107123441575e+00 -1.366581616816559430e+00 -1.377697329228773082e+00
-1.325555661025328513e+00 -1.320158576035876719e+00 -1.243907542094073282e+00 -1.615790455664723346e+00
-1.111015440649975705e+00 -1.132985211115496549e+00 -1.115402136877272854e+00 -4.166140915016670832e+00
-1.144215496708498758e+00 -1.137952362618491309e+00 -1.216538878096232068e+00 -3.729067085835499729e+00
-9.947261696987038659e-01 -9.781584823528878259e-01 -9.606545416464020715e-01 -3.856160377251949711e+00
-9.702790791421309624e-01 -9.594705246167788415e-01 -9.855715389042062347e-01 -8.265912958438040858e-01
-7.573877498549450582e-01 -3.856160377251949711e+00 -2.757393298443936991e-01 -6.832679503829509615e-01
-5.240269594586060009e-01 -1.733125081828430780e-01 -8.948357810857356098e-02 -4.163061557605908791e-01
-2.642658599755874915e-01 6.789360249690223892e-02 -3.637957680688553297e-01 -2.883689014141720408e-01
-2.443340058350193522e-01 -1.499652455498591830e-01 1.121186746483269492e-01 -3.729067085835499729e+00
-2.711226974425680614e-01 2.949439995722651919e-01 -1.448364321857023851e-01 -2.461274831773062888e-01
-1.577799755140752991e-01 1.908164869985522205e-01 -1.395397607856785072e-01 -1.432245028353774929e-01
-1.721257511664676887e+00 -1.693522435621329647e+00 -1.456086271123013365e+00 -4.073489905574079195e+00
-1.517559449079123102e+00 -3.970544339526754563e+00 -1.960218189557013435e+00 -1.775024135473045606e+00
-1.437745877483215917e+00 -1.411427417128840345e+00 -4.392116727047153724e+00 -1.460644035573589683e+00
0.000000000000000000e+00 0.000000000000000000e+00 0.000000000000000000e+00 0.000000000000000000e+00
-4.452905054342438440e+00 -1.384767772157876831e+00 -1.393779561440179338e+00 -1.484980251616084379e+00
-1.396837424525530391e+00 -1.395449663078383695e+00 -3.856160377251949711e+00 -1.408310275651150079e+00
0.000000000000000000e+00 0.000000000000000000e+00 0.000000000000000000e+00 0.000000000000000000e+00
-4.452905054342438440e+00 -1.316687387465614423e+00 -1.313154569638876890e+00 -1.320888228540420872e+00
-1.413462652373561612e+00 -1.332958492526546745e+00 -1.328499310639804420e+00 -1.335855895084264944e+00
-1.292623073244127285e+00 -1.284381048109697776e+00 -1.301490546413418325e+00 -1.284075315441821852e+00
-1.211865350711607725e+00 -1.208930001052378467e+00 -1.201791534048235244e+00 -1.391305068036799097e+00
-1.162951200854639211e+00 -1.339827883833520694e+00 -1.155104424997908108e+00 -1.152888270641433177e+00
-1.117423699903199896e+00 -1.114703339789326897e+00 -1.190374134154211561e+00 -1.316077831846650614e+00
-8.870691249631790232e-01 -9.586490506632358022e-01 -3.970544339526754563e+00 -8.740764705719102912e-01
0.000000000000000000e+00 0.000000000000000000e+00 0.000000000000000000e+00 0.000000000000000000e+00
-4.073489905574079195e+00 -3.430947019550000032e+00 7.270308599822998541e-02 -4.614160386626822152e-01
-1.616845568635609798e-01 1.200448488160795885e-01 1.978480079942258607e-01 -1.510460814963495990e-01
-3.015601124171646968e-02 3.259725833951218066e-01 2.927426773165282547e-01 -8.561765618931659050e-02
2.830566681320201977e-02 4.746219246199155362e-01 2.407745004014888446e-01 -3.267078039169128006e-02
-9.324429774897489975e-02 5.679124227476382014e-01 -8.533956904800024668e-02 -1.081318895098288269e-01
-1.435281220170357752e+00 -1.447468895404295797e+00 -4.073489905574079195e+00 -1.432747140271317665e+00
0.000000000000000000e+00 0.000000000000000000e+00 0.000000000000000000e+00 0.000000000000000000e+00
-4.166140915016670832e+00 -1.407681944527646722e+00 -1.414392935922981653e+00 -1.458794325845564677e+00
-1.399229432073872514e+00 -1.391139768131628207e+00 -1.398585155867048124e+00 -4.166140915016670832e+00
-1.519983280135208004e+00 -1.392071842722586217e+00 -1.395166548751317848e+00 -1.572824138086873491e+00
-1.387789548295764952e+00 -1.369129747703428546e+00 -1.366890020568594988e+00 -1.373685067486080769e+00
-1.320426938355493185e+00 -1.317870028960563156e+00 -1.326658499040074490e+00 -4.392116727047153724e+00
-1.560333189868366111e+00 -1.340769977108784872e+00 -1.343138540874269315e+00 -1.342210627352450336e+00
-1.329775507235131826e+00 -1.321720740852519782e+00 -1.322397666884344014e+00 -1.326769064964258726e+00
-1.272030622613847806e+00 -1.385073205666513152e+00 -1.234597500304466244e+00 -1.263932209896679204e+00
-1.224861835013452360e+00 -1.076231930592027153e+00 -1.239032197908975563e+00 -1.199594140101368556e+00
-1.074175458253895599e+00 -4.166140915016670832e+00 -1.056157095319970152e+00 -1.072041959459925087e+00
-1.082783507970449532e+00 -1.158382450727738044e+00 -1.076966897133998735e+00 -1.080459002027447601e+00
-1.062140709208225786e+00 -2.342795000000000183e+00 -2.342795000000000183e+00 -1.260097314338101349e+00
0.000000000000000000e+00 0.000000000000000000e+00 0.000000000000000000e+00 0.000000000000000000e+00
0.000000000000000000e+00 0.000000000000000000e+00 0.000000000000000000e+00 0.000000000000000000e+00
-2.047550000000000203e+00 -1.439823641756605155e-01 3.415512088300889371e-01 -1.648863465073765744e-01
1.814745950222371174e-01 3.582959942520971830e-01 3.957803221061969579e-01 1.488493385494291943e-01
2.534675620533192730e-01 5.134323440543163697e-01 5.797553312880333598e-01 2.765462913475519868e-01
4.346624272154362978e-01 7.392594453191578818e-01 5.280793233343353821e-01 4.443697467446807714e-01
-1.403614339257521326e+00 -1.682312253075793018e+00 -1.580862088964344991e+00 -1.408524264411842530e+00
-1.341006613162418981e+00 -3.062897555000000160e+00 -1.332348848654751228e+00 -3.729067085835499729e+00
-1.346697102124545520e+00 -1.428741808223114029e+00 -1.371499487554762808e+00 -1.384128600140493326e+00
-1.376931980313864878e+00 -1.384256532439647414e+00 -1.380967778412284686e+00 -1.384971962061662065e+00
-1.379334693255680477e+00 -1.371006537714688278e+00 -1.373696407697209798e+00 -1.386798557567771928e+00
-1.365421869396016508e+00 -1.438353503424849578e+00 -1.356487173413657876e+00 -1.361315184671948453e+00
-1.345265289804361775e+00 -1.363250890866366527e+00 -1.338505192755381046e+00 -1.560402644031437802e+00
-1.351371981214775086e+00 -1.357582124379826727e+00 -1.346690899498957705e+00 -1.381429468303063901e+00
-1.350961579678101598e+00 -1.412431703242770231e+00 -1.482466240870557339e+00 -1.349528245414797878e+00
-1.213791067798873247e+00 -4.249526823515004104e+00 -1.243913844932249324e+00 -1.175131854579090529e+00
-1.155957959234179100e+00 -8.731440030347202841e-01 -3.856160377251949711e+00 -1.115189046707836917e+00
0.000000000000000000e+00 0.000000000000000000e+00 0.000000000000000000e+00 0.000000000000000000e+00
-2.342795000000000183e+00 -5.806183408857249484e-01 -3.587852317594999896e+00 -6.337797253402425168e-01
0.000000000000000000e+00 0.000000000000000000e+00 0.000000000000000000e+00 0.000000000000000000e+00
-2.047550000000000203e+00 -1.207926499432636497e-01 -1.317155171702670269e-01 -9.499999999999999556e-01
-1.348404852483056637e-01 -7.709732770980268213e-02 -1.341713609644225313e-01 -1.719500000000000028e+00
-2.901823036157278324e-01 -9.339360797369973544e-03 -1.214215625243046381e-01 -1.077735682917088794e-01
-9.838673760218594189e-02 -1.141938602203817765e-01 5.626467968229117433e-01 -4.276715013373930119e-02
-2.192519423960290204e-02 4.466627466703331217e-01 7.387879370835002124e-01 3.016694428588683752e-01
5.547636750568522013e-01 8.347324361901957701e-01 6.712888251525198635e-01 5.174859673191614107e-01
-1.516590477810160653e+00 -1.228538966948084843e+00 -4.166140915016670832e+00 -1.237973110555083300e+00
0.000000000000000000e+00 0.000000000000000000e+00 0.000000000000000000e+00 0.000000000000000000e+00
-4.452905054342438440e+00 -1.196022148280305730e+00 -1.236370663631238154e+00 -1.198590187534670060e+00
-1.569612665206144175e+00 -1.381342978682050138e+00 -1.383045995000402151e+00 -1.395941459217432179e+00
-1.379912096491029416e+00 -1.447700976478002222e+00 -1.541803112593996827e+00 -1.372097872267925567e+00
-1.253984367946449963e+00 -3.970544339526754563e+00 -1.248177786752654450e+00 -1.234537457917896930e+00
-1.317458586695573253e+00 -1.326440027690164447e+00 -1.501471034292186868e+00 -1.334213872890813501e+00
-1.195762380833437000e+00 -4.166140915016670832e+00 -1.203020733462749181e+00 -1.203988908492235721e+00
-1.257300214812368200e+00 -1.406754913750742242e+00 -3.856160377251949711e+00 -1.257101641062978947e+00
0.000000000000000000e+00 0.000000000000000000e+00 0.000000000000000000e+00 0.000000000000000000e+00
-3.856160377251949711e+00 -7.194572965048512403e-01 -8.694438990570569903e-01 -7.928021087536616385e-01
-6.334365710343158318e-01 -5.971118973132656382e-01 -5.999881077114334049e-01 -3.062897555000000160e+00
-5.584107538395076675e-01 -5.303494936395569681e-01 -5.355692845149205850e-01 -5.372952175777462314e-01
-3.598955446652570833e-01 -3.313823981524873785e-01 -2.348148889677678097e-01 -2.342795000000000183e+00
-3.043779367228856003e-01 -2.279965935775472574e-01 -5.323409298508266496e-02 -3.698635123743567177e-01
-1.831233798275553326e-01 -1.609029999330996163e-01 1.541768788292972349e-02 -1.899839394931703562e-01
-9.380702267617339885e-02 -1.387594356277366270e-01 2.471232858416040346e-01 -1.202230900542402559e-01
-5.895348649842365590e-02 -3.729067085835499729e+00 6.012136910089185271e-01 5.854922161458477048e-02
-2.214764328264006155e-01 -1.321757684563158175e-01 8.348952374003429933e-01 2.690820990145196823e-01
6.538426811233382097e-01 9.999999999999995559e-01 8.557804236860829805e-01 7.023747268039549629e-01
-1.276946257729935974e+00 -1.278862770233551993e+00 -1.564160086173579378e+00 -1.458430238368670917e+00
-1.216690679329870628e+00 -1.516533330782295019e+00 -1.226761660404927845e+00 -4.324574141163504137e+00
-1.519846724098968815e+00 -1.382351930509143401e+00 -1.376333384981633934e+00 -1.322315054824241720e+00
-1.375865279022066678e+00 -1.382236401927894098e+00 -1.535323140599984759e+00 -1.372074867834781164e+00
-1.231824097327386625e+00 -1.382584405312928144e+00 -4.166140915016670832e+00 -1.235620190644565852e+00
0.000000000000000000e+00 0.000000000000000000e+00 0.000000000000000000e+00 0.000000000000000000e+00
-2.342795000000000183e+00 -1.194338170844055691e+00 -3.430947019550000032e+00 -1.161295508257849329e+00
0.000000000000000000e+00 0.000000000000000000e+00 0.000000000000000000e+00 0.000000000000000000e+00
-3.970544339526754563e+00 -9.939720626774583012e-01 -6.905168045643321761e-01 -7.013463395277341750e-01
-1.007168768323862817e+00 -7.160452969818437152e-01 -7.018759665249844071e-01 -3.062897555000000160e+00
-8.121222271661200365e-01 -6.653741977231522053e-01 -6.226612200256678165e-01 -8.806355245834306400e-01
-5.835936476136607265e-01 -5.665369993111876168e-01 -5.099834567442980138e-01 -7.160993434734678198e-01
-5.362180531675082573e-01 -4.697156765710324700e-01 -3.934347520041847623e-01 -5.039724003105972017e-01
-4.239628061614451049e-01 -3.747409059597693881e-01 -2.577511052921845347e-01 -3.561164404323040600e-01
-3.120122374203297411e-01 -2.889417434002120588e-01 -2.700587229821850843e-01 -1.394110471945839147e-01
-2.211523711289944405e-01 -1.968372619372810439e-01 -3.045165594990395519e-01 -1.298177557409112837e-01
-1.552510079740592741e-01 -1.686810347175819458e-01 -1.719500000000000028e+00 -2.499187758615235150e-02
0.000000000000000000e+00 0.000000000000000000e+00 0.000000000000000000e+00 0.000000000000000000e+00
-1.354999999999999982e+00 7.848641871435829698e-03 0.000000000000000000e+00 3.196656861683816464e-01
0.000000000000000000e+00 0.000000000000000000e+00 0.000000000000000000e+00 0.000000000000000000e+00
