5.756567338837066672e-02 7.112163095294161963e-02 7.112180276350812957e-02 5.756569004635977982e-02
5.756523991287031128e-02 8.539137956748739378e-02 8.539120803375492563e-02 7.112158389981310114e-02
7.112147846070085433e-02 1.004119800809050167e-01 1.004082696136441855e-01 8.539119675489989514e-02
8.539005404024102575e-02 1.162208493531743936e-01 1.162191684786477164e-01 1.004074575666439872e-01
1.004027292384577635e-01 1.328655626760102404e-01 1.296370984959118455e-01 1.162177112148970182e-01
1.056341821096348083e-01 1.474783020754251439e-01 -5.000000000000000000e+00 9.671690606843678928e-02
0.000000000000000000e+00 0.000000000000000000e+00 0.000000000000000000e+00 0.000000000000000000e+00
-5.000000000000000000e+00 7.482258730073959585e-02 -9.990470309821697370e-02 -1.024676663099754054e-01
-1.041718381070764476e-01 -9.593102302040450169e-02 -9.491179008629327396e-02 -9.914012984709985599e-02
-9.977427610962191773e-02 -9.139162154004958072e-02 -8.938401336265515418e-02 -9.488055638268914904e-02
-9.457594887360956659e-02 -8.565061409734038567e-02 -8.435913201759015490e-02 -8.935225995258065657e-02
-8.765490460571276343e-02 -8.054855016655895761e-02 -8.082994001439629261e-02 -7.863216430390286560e-02
-8.302580489945970976e-02 -7.533475157948582579e-02 -7.669116860937250091e-02 -8.054597629652568425e-02
-7.997025630530937845e-02 -7.440153412106681463e-02 -7.625116118856574421e-02 -7.625127358229548402e-02
-7.611816911248958650e-02 -7.488824130268961765e-02 -7.563565478509132189e-02 -7.397679574466799191e-02
-7.621629675652358271e-02 -7.303582670242873831e-02 -7.593818433424408265e-02 -7.473240540815971611e-02
7.112171203775387307e-02 8.539100222121578931e-02 8.539136776091631187e-02 5.756563585363279334e-02
7.112175814076920899e-02 1.004119207091826033e-01 1.004119809973412214e-01 7.112155917696789953e-02
8.539136199231354973e-02 1.162231382155462511e-01 1.162222072102365028e-01 8.539134332371690894e-02
1.004109057132405725e-01 1.328659189426644738e-01 1.328656009147725081e-01 1.004093270430362894e-01
1.162221230918529108e-01 1.503857485835704555e-01 1.503349415246166276e-01 1.162192209766909068e-01
1.325751220157918020e-01 1.688169493993620929e-01 1.683985797457221711e-01 1.150681911647414707e-01
7.825832750170746976e-02 1.882314949718775221e-01 1.774408868263957773e-01 -5.000000000000000000e+00
1.437206326693712677e-01 2.027324327164719275e-01 -9.683450234830573433e-02 -1.046901311686377761e-01
9.593464365646210690e-02 -5.000000000000000000e+00 -9.140514812889700969e-02 -1.001261764367039481e-01
-9.644433868948645849e-02 -5.000000000000000000e+00 -8.570330616312102356e-02 -9.490103921582233870e-02
-9.138077187880599972e-02 -8.032752897160563843e-02 -8.066659492001768128e-02 -8.852069485612377997e-02
-8.558910747150154374e-02 -7.622254971316708150e-02 -7.542155034014735859e-02 -8.452422212193849704e-02
-8.042709422636640237e-02 -6.887255618692383896e-02 -7.364867400568367306e-02 -8.128315098754695933e-02
-7.501824951360781812e-02 -6.913262115312833467e-02 -7.356791744014408441e-02 -7.564111815868149180e-02
-7.478982861602587184e-02 -7.258714274411126599e-02 -7.513950637161266599e-02 -7.329152048089765392e-02
-7.381385030305943895e-02 -7.393977329222270467e-02 -7.370390919870624391e-02 -7.583470720065554893e-02
8.539012208151086636e-02 1.004105328932856644e-01 1.004118020916140303e-01 7.112049153172408933e-02
8.539080263308858332e-02 1.162217120564726369e-01 1.162231276345459807e-01 8.539134282637038387e-02
1.004119252230104148e-01 1.328649764564424074e-01 1.328664613581986009e-01 1.004119240708314376e-01
1.162226796004511287e-01 -5.000000000000000000e+00 1.503858226496055939e-01 1.162214045518891320e-01
1.328664865608189805e-01 1.688273283272957725e-01 1.688266169560465324e-01 1.328644899462486928e-01
1.503845295280430427e-01 1.882391808137311717e-01 1.882380144491128948e-01 1.503596869908665756e-01
1.688238564484248472e-01 2.086726821630195128e-01 2.067152462716554950e-01 1.687873243833936943e-01
1.882387989703247222e-01 2.296874388721587557e-01 -5.000000000000000000e+00 1.773571220951844496e-01
0.000000000000000000e+00 0.000000000000000000e+00 0.000000000000000000e+00 0.000000000000000000e+00
0.000000000000000000e+00 0.000000000000000000e+00 0.000000000000000000e+00 0.000000000000000000e+00
-4.999999999999988454e+00 -7.430893304780789022e-02 -7.800156792251974891e-02 -8.605319906354483295e-02
-8.018073196285180337e-02 -7.392472330971366912e-02 -7.418675169969059235e-02 -8.044903033664477232e-02
-7.775697436442022270e-02 -6.884487112314117974e-02 -6.913574545270100014e-02 -7.447749418184614056e-02
-7.080577592003606258e-02 -6.870849473966467169e-02 -6.650225542519168365e-02 -6.420690610409073018e-02
-6.861033286300881329e-02 -6.729850488905397832e-02 -7.530046613597053684e-02 -7.530167508589474812e-02
-6.932380567925425230e-02 -7.176704865776986630e-02 -7.008338839351641036e-02 -7.700811537066984402e-02
1.004068676246644143e-01 1.162109984827312814e-01 1.162217316415334045e-01 8.538945606328518512e-02
1.004094108220403708e-01 1.328650104460568637e-01 1.328649401605186686e-01 1.004115785628300200e-01
1.162216338464017590e-01 1.503843962261677270e-01 -5.000000000000000000e+00 1.162211025764188915e-01
0.000000000000000000e+00 0.000000000000000000e+00 0.000000000000000000e+00 0.000000000000000000e+00
-5.000000000000000000e+00 1.882393557691214858e-01 1.882391872633837615e-01 1.503852463895167246e-01
1.688266419391317441e-01 2.086729489980277408e-01 2.086726326160472933e-01 1.688269456021901926e-01
1.882389291743104542e-01 2.301819434871004988e-01 2.301630417846205756e-01 1.882338023919488401e-01
2.086716510263241231e-01 2.528153486578055276e-01 2.060602109925294134e-01 2.077878154211284800e-01
2.293796667522453592e-01 1.628607416558451038e-01 -8.572496584822031362e-02 -5.000000000000000000e+00
4.851248853913070480e-02 -5.000000000000000000e+00 -7.971865255408189244e-02 -5.000000000000000000e+00
-8.479740061288706943e-02 -7.544788086930963311e-02 -7.357181784268618241e-02 -7.590737040493515664e-02
-7.291125076426106799e-02 -7.063308865120355995e-02 -6.877263824084670074e-02 -7.404962437012081733e-02
-7.448354266256448919e-02 -6.234762100849687572e-02 -6.984887424649319221e-02 -6.787893707824964318e-02
-6.908944643050655976e-02 -6.579008762902624485e-02 -7.170698892425624027e-02 -6.528340356677805878e-02
-6.965709691511583201e-02 -6.564189812966794713e-02 -6.710011273574220669e-02 -7.196811929133782593e-02
-6.738042025061349860e-02 -6.529874170795274546e-02 -7.167593492099744168e-02 -7.439622686179515887e-02
1.161731673584048691e-01 1.328454717238557181e-01 1.328647348915039383e-01 1.002163851893876773e-01
1.162208152118565235e-01 1.503840156050860188e-01 1.503843685387080409e-01 1.162214689029227171e-01
1.328644976024121460e-01 1.688254516005020245e-01 1.688257726641395617e-01 1.328649675807529462e-01
1.503822136115092190e-01 1.882376814070722826e-01 1.882380759948863724e-01 -5.000000000000000000e+00
1.688239556203485203e-01 2.086722907353492085e-01 2.086730224907560882e-01 1.688272685181305688e-01
1.882388624401103716e-01 2.301821463639779630e-01 2.301819697180627067e-01 1.882383934677935855e-01
2.086729684635510451e-01 2.528231424182029730e-01 2.528233484994394376e-01 2.086721638841278759e-01
2.301800056110739345e-01 2.766564082577875894e-01 2.761542489876587791e-01 2.300475645946188086e-01
2.407201698595415051e-01 3.016776380333069385e-01 -5.000000000000000000e+00 1.592550285520497044e-01
0.000000000000000000e+00 0.000000000000000000e+00 0.000000000000000000e+00 0.000000000000000000e+00
-4.999999978476639129e+00 -7.511114566394665182e-02 -7.038140327629202608e-02 -7.275355003301225976e-02
-7.634719150147606381e-02 -4.999999999418869301e+00 -6.393170132511734327e-02 -7.236454396566997793e-02
-6.870664035265980352e-02 -6.329517436331846825e-02 -6.291399846406192653e-02 -6.625994011588126620e-02
-6.553360813237892046e-02 -5.897699302749803696e-02 -6.314189713507888102e-02 -7.081373721203160221e-02
-5.953619769861592803e-02 -5.896048417455194979e-02 -5.914091892687645124e-02 -6.986398347801543729e-02
-6.407420713438566340e-02 -6.084518365270353418e-02 -6.480050041230098201e-02 -7.198616944568481113e-02
1.327246785301144372e-01 -5.000000000000000000e+00 1.503803947920313022e-01 1.161456583897505362e-01
1.328449371396504264e-01 1.688143268677043951e-01 1.688254857249125718e-01 1.328639835639341682e-01
1.503821952588756394e-01 1.882279001753370817e-01 1.882380373214777580e-01 1.503841028647668610e-01
1.688254513037534543e-01 2.086712939047008220e-01 2.086718923383245883e-01 1.688256632174120198e-01
1.882365624116606184e-01 2.301806068607731015e-01 2.301821581003103689e-01 1.882369239263813054e-01
2.086714351113151955e-01 2.528234566429443664e-01 2.528234017481966744e-01 2.086729298560422163e-01
2.301817278568727421e-01 2.766562469213993403e-01 2.766557248941046154e-01 2.301819697809813769e-01
2.528212329644854983e-01 3.017437237514034032e-01 3.017120645852500171e-01 2.528231580104796095e-01
2.766523545585526378e-01 3.281334302420504390e-01 -5.000000000000000000e+00 2.754130315344198165e-01
0.000000000000000000e+00 0.000000000000000000e+00 0.000000000000000000e+00 0.000000000000000000e+00
-4.999999978476639129e+00 2.274802442409614711e-01 -4.999970475499999623e+00 -7.015464427426518212e-02
0.000000000000000000e+00 0.000000000000000000e+00 0.000000000000000000e+00 0.000000000000000000e+00
-4.999997342794999966e+00 2.055789754195916919e-01 -5.920074091997715171e-02 -6.424699352665307062e-02
-5.834019391703378077e-02 -4.670407795020342645e-04 -5.898087617464230908e-02 -6.098125335227847638e-02
-5.903414334303522942e-02 -5.159462428533299894e-02 -6.072631175366967338e-02 -6.079820799519083246e-02
-5.805288342148899605e-02 -4.534300707199637182e-02 -5.649099209813373407e-02 -6.522275860334192377e-02
0.000000000000000000e+00 0.000000000000000000e+00 0.000000000000000000e+00 0.000000000000000000e+00
-5.000000000000000000e+00 1.839362610275626086e-01 1.882295695456447648e-01 1.503822622271621390e-01
1.688071193637548928e-01 2.086633155228575787e-01 2.086693333286552821e-01 1.687451045893905988e-01
1.882132114606050455e-01 2.301789578542444425e-01 2.301804462881297253e-01 1.882363488542587449e-01
2.086704084284065619e-01 2.528216645701865106e-01 2.528229528441998109e-01 2.086719235456710453e-01
2.301805986957315420e-01 2.766546677916631447e-01 2.766564639202996334e-01 2.301819595129196705e-01
2.528231225137042015e-01 3.017422227960681602e-01 3.017437279761779889e-01 2.528232085155834308e-01
2.766564437343036476e-01 3.281513217331768484e-01 3.281509602735091513e-01 2.766561481833013647e-01
3.017431744927339121e-01 3.559485748826027862e-01 3.558984012611974279e-01 3.016871851494895562e-01
3.280077785032550208e-01 3.851811867244890331e-01 3.849171118877851017e-01 -5.000000000000000000e+00
3.557836848732038315e-01 4.159177518933209750e-01 3.330558535557999189e-01 1.230181140324621697e-01
3.812935611540581027e-01 2.452443349239561421e-01 1.278803732483279054e-01 -4.999999999947698726e+00
6.967613130519340059e-02 3.821754203912510750e-01 5.999547628184422055e-02 5.625463171413343233e-02
1.247030316386243398e-01 3.394095568437537069e-02 -2.736762619904357235e-02 -2.326052205144743534e-02
-5.410181625572060837e-02 1.159077254205117535e-01 -5.655835434422473718e-02 -5.839893504707785454e-02
2.544720906791846787e-02 -3.297937761060179551e-02 -5.063778710577718223e-02 -5.288821193987678498e-02
-1.052514034926836511e-01 -1.005890078651198033e-01 -1.020354614998896930e-01 -5.000000000000000000e+00
-1.052786453804848976e-01 1.603882100622515405e-01 2.086611570469662780e-01 1.503189965952788920e-01
1.882110410533868183e-01 2.167949399806224364e-01 2.301791537183990044e-01 1.881703588706836738e-01
2.086572408045594962e-01 2.526451697078079817e-01 2.528218883611571544e-01 2.086500978749191715e-01
2.301794368867234875e-01 2.766337616653413156e-01 2.766554720366546927e-01 2.301805065874843181e-01
2.528218197732319816e-01 3.017414699879393258e-01 3.017428454228081591e-01 2.528231297937657551e-01
2.766554510202600681e-01 3.281512765514014718e-01 3.281511961204349181e-01 2.766552054598308552e-01
3.017435543395119435e-01 3.559488741067469153e-01 3.559484456293834365e-01 3.017432884554781536e-01
3.281511362135351995e-01 3.852092779010594659e-01 3.851237863800922590e-01 3.281485293300938078e-01
3.559252615371747974e-01 4.160041448975347889e-01 4.158068781475829923e-01 3.558778137583387680e-01
3.848424455282243861e-01 4.483814432476541656e-01 4.481183541831870731e-01 3.805188335417564738e-01
4.147487762487927498e-01 4.825028909253555875e-01 4.030075930937086492e-01 2.300710820052494499e-01
4.032935672250831383e-01 4.461734881975546463e-01 1.534921597606271337e-01 3.260824179879444062e-01
3.178748908086937441e-01 3.782381124206062872e-01 -1.544755991468816855e-02 7.864896634708701262e-02
1.884375529162984203e-02 4.640704986314574398e-01 -4.377485291312926269e-02 -5.022209229657510765e-02
5.390297950755990053e-04 -2.532777143736848757e-02 -2.809127513343675012e-02 -5.492692102824498629e-02
-9.992642818885287548e-02 -9.626361135705041594e-02 9.522575511314804175e-02 -1.049911366292329562e-01
-1.004814876031178972e-01 -9.247449809851558677e-02 2.175881257378592393e-01 1.789273807592871302e-01
6.866740994828188227e-02 -5.000000000000000000e+00 2.485451623196318349e-01 2.052641734352055325e-01
2.123236524272251458e-01 2.663214718406084480e-01 2.765707142874702096e-01 2.301064546162772395e-01
2.526947270330529571e-01 3.015345154117111126e-01 3.017349143679937673e-01 2.528131409716739553e-01
2.766299417866000532e-01 3.281451340594334631e-01 3.281510219091214875e-01 2.766510709632304388e-01
3.017411732846769779e-01 3.559478937527786324e-01 3.559488613958900483e-01 3.017434687105433055e-01
3.281506499115363074e-01 3.852093524685674675e-01 3.852092070783676991e-01 3.281513765467942711e-01
3.559486960256346144e-01 4.160099637844940079e-01 4.160086528668830441e-01 3.559485881408801511e-01
3.852052586764471154e-01 4.484315912865670661e-01 4.484308815459769337e-01 3.851518624497806131e-01
4.160082235500143777e-01 4.825569886872514980e-01 4.825595331936153309e-01 4.158806650356332013e-01
4.483586042291669016e-01 5.184839114131153393e-01 4.483218816088275216e-01 4.479423823209760513e-01
4.825200615877522359e-01 5.464894466204602841e-01 4.822077380658661427e-01 4.021847559272516137e-01
4.204333300579718991e-01 5.904179261263062806e-01 4.599481084852571344e-01 2.197022006975728470e-01
5.441863947505831689e-01 4.890883971263018659e-01 -4.860767180171826629e-02 3.144240195998389553e-01
-4.107972312406134308e-02 -4.999991142649999887e+00 -2.839223220515796342e-02 -1.252693179696465035e-02
-9.532018886527297841e-02 -9.120079426214933171e-02 -9.360414804349041773e-02 -1.010904294437215550e-01
-9.475569045972381810e-02 -9.115556790589907088e-02 -5.000000000000000000e+00 -9.642799383472158703e-02
0.000000000000000000e+00 0.000000000000000000e+00 0.000000000000000000e+00 0.000000000000000000e+00
-5.000000000000000000e+00 9.585940788366908993e-02 2.928056693054321147e-01 2.474737200098955092e-01
2.409868281066699924e-01 2.975102346589104108e-01 3.281416003592489417e-01 2.725591709803088514e-01
3.016735614051183068e-01 3.559344385433096947e-01 3.559476525096379462e-01 3.017072546212854478e-01
3.281478807231986150e-01 3.852016084215015290e-01 3.852092348818054179e-01 3.281510404571836292e-01
3.559483386173061259e-01 4.160098522813724387e-01 4.160098227312990504e-01 3.559417615744601138e-01
3.852074575476875928e-01 4.484303419516051381e-01 4.484316403484177038e-01 3.852090391244925027e-01
4.160095495789744580e-01 4.825596576992494668e-01 4.825580767732918219e-01 4.160099205030658442e-01
4.484309716983268523e-01 5.184829315400009131e-01 5.184836959525435107e-01 4.484297462144493096e-01
4.825488014532740566e-01 5.562990461935054531e-01 5.562826270929249750e-01 4.825591901911894799e-01
5.184831022159123171e-01 5.960906850434051218e-01 5.919358828092015079e-01 4.745671991161912739e-01
5.457136915304822145e-01 6.364941951180794755e-01 5.621606931881585334e-01 5.123865162225986758e-01
5.868360695712930841e-01 6.750071833282578204e-01 -4.998906500000000364e+00 4.006226654744386440e-01
0.000000000000000000e+00 0.000000000000000000e+00 0.000000000000000000e+00 0.000000000000000000e+00
-9.035726488837429737e-02 -8.669628724388181440e-02 -8.616540289257441920e-02 -9.358390297443711092e-02
-8.961932183454149325e-02 -8.626689089728802051e-02 -8.754786050075957782e-02 -9.534223880002838658e-02
-8.597226012811075291e-02 -8.416168920691032007e-02 -8.312495643965400749e-02 -5.000000000000000000e+00
-8.826863444914484491e-02 -8.003978549916701546e-02 3.223928514523144440e-02 1.473504306544186626e-01
9.282140820191508990e-02 2.347464993030003999e-01 3.498505999709543568e-01 1.855924284729327245e-01
3.204458705829315024e-01 3.727309704841804128e-01 3.852002686634313777e-01 3.281408420258582481e-01
3.559333175145446559e-01 4.158664773300691508e-01 4.160091258298595496e-01 3.559431465299459085e-01
3.852041129730593427e-01 4.484222323508810781e-01 4.484315021319266736e-01 3.852077151362500729e-01
4.160095177693545199e-01 4.825593580602962063e-01 4.825595098693462592e-01 4.159743518614011926e-01
4.484306856607565561e-01 5.184837405662120480e-01 5.184839959720402014e-01 4.484313433760587775e-01
4.825591586972263758e-01 5.562979021769988153e-01 5.562990065972631681e-01 4.825592365206342604e-01
5.184831684318420564e-01 5.961043844426244798e-01 5.961030787978102152e-01 5.184836459229781314e-01
5.562989117472788569e-01 6.380043607289305196e-01 6.372110413833053100e-01 5.557283250270266262e-01
5.960790300200639047e-01 6.815565551067780392e-01 6.775092306559518107e-01 5.915838796296997160e-01
5.183773966880614870e-01 7.261197591815671259e-01 7.072676044510410875e-01 6.307654524925078166e-01
2.506835098508985449e-01 7.720466337695263137e-01 6.633406611374168538e-01 -4.959500000000000242e+00
-8.562077515942149997e-02 -8.252187661385715356e-02 -8.649701827193212456e-02 -8.838523321715131831e-02
-8.560630340383143522e-02 -8.124091107457240279e-02 -8.383677857395373245e-02 -9.054960899810160502e-02
-8.657758659609617047e-02 -7.917582440124504295e-02 -7.926005456108935199e-02 -8.781634533890442240e-02
-8.229121747453690960e-02 -5.478605077287601599e-02 -7.420304097699721713e-02 -8.377567879288458363e-02
-7.823080192688265655e-02 1.290461519108779820e-01 3.667813058463073594e-01 1.656610457012596127e-01
2.623665060053129716e-01 1.488596706705960782e-01 4.159288300794147242e-01 3.558544551411871315e-01
3.847176931140500189e-01 3.794284036159931706e-01 4.483867291973863689e-01 3.851996630056688242e-01
3.832611697671533535e-01 3.464242344598665313e-01 4.825589663329131196e-01 4.159698684084229270e-01
4.480770456395509194e-01 -5.000000000000000000e+00 5.184837372387921528e-01 4.483880896560522022e-01
4.825589621511837679e-01 5.562951004867657812e-01 5.562986885330887254e-01 4.825595671580290014e-01
5.184815451420752286e-01 5.960863361240593683e-01 5.961038883999941751e-01 5.184838540879682656e-01
5.562974894440861906e-01 6.380046700629281586e-01 6.380043959376351381e-01 5.562989182297790602e-01
5.961041413060285121e-01 6.821101043899289174e-01 6.821044200473066477e-01 5.960904665060936525e-01
6.379802087800072741e-01 7.285370762799502353e-01 7.284816841363118689e-01 6.374016530497833566e-01
6.725289936131818580e-01 7.774063950929800404e-01 7.751721660893009513e-01 6.706219605103209691e-01
7.108134607236846758e-01 8.288485745689810891e-01 7.756480870944375550e-01 5.018529736633604577e-01
-8.251065635271943866e-02 -7.692466572006240177e-02 -8.116192157146041863e-02 -8.703185394787893436e-02
-8.248776712663123678e-02 -7.835456508119842400e-02 -7.506765050011120211e-02 -8.382376461824668501e-02
-7.946684567669107246e-02 -7.620201055467321072e-02 -5.430706580466924949e-02 -7.805796538279347052e-02
-7.827436497485694422e-02 -7.172442133718048840e-02 5.602355920931756383e-02 -8.007558799413706796e-02
-7.468037385325004829e-02 -6.692588400793755832e-02 2.287984597149269883e-01 2.353300970684514271e-01
-6.808282816973212914e-02 -6.057750494933993729e-02 2.719125178031617796e-01 3.618856053363036507e-01
1.856557862598095521e-01 1.313075385897758407e-01 1.759018829189379907e-01 4.156794394523681824e-01
3.374487945587603122e-01 2.993638868876097314e-01 -4.999999999998587796e+00 4.026671971799302696e-01
0.000000000000000000e+00 0.000000000000000000e+00 0.000000000000000000e+00 0.000000000000000000e+00
-4.999999999947698726e+00 5.156478203187140341e-01 5.961033272626423685e-01 5.170582196416471099e-01
5.557232155554778785e-01 5.543080855308797350e-01 6.380042541875572404e-01 5.560702276338927996e-01
5.959992470040100798e-01 -4.999999998062897077e+00 6.821101955570841868e-01 5.960925886516186267e-01
6.380038532470946322e-01 7.285287096651441585e-01 7.285370850136915211e-01 6.380044785030611898e-01
6.821082883641254035e-01 7.774073882362979582e-01 7.774074703781866935e-01 6.821099779112703709e-01
7.284794692246169268e-01 8.288499709694785444e-01 8.288499320721143260e-01 7.285110388589394192e-01
7.768698414227057647e-01 8.829999977291949076e-01 8.280215747532371218e-01 7.771226930311707637e-01
-7.926658939790781622e-02 -7.695188518562079416e-02 -7.744674410283822197e-02 -8.151508642783496239e-02
-7.558619558294578378e-02 -7.556966950296967189e-02 -7.593442049284757078e-02 -7.518340465454245725e-02
-7.726329972626420906e-02 -4.999999999984309440e+00 -7.110790871264410784e-02 -7.871783162777376552e-02
-6.959210833248659356e-02 -6.651726614543451710e-02 -6.663807879419905711e-02 -7.433709372813196437e-02
-7.254379677255101688e-02 -6.479831124127279074e-02 -6.012991944878501999e-02 4.803542576698240085e-02
-6.120673973004654711e-02 -5.764003184843537880e-02 -5.467789798220148295e-02 -6.121053995147310994e-02
-5.718955184610775150e-02 -5.194171633526997733e-02 3.656778811221667036e-01 -5.895308028482899865e-02
5.791752710390216108e-02 2.447613007707039740e-02 4.553573982487307270e-01 2.447163674904053177e-01
3.528140136520863113e-01 -4.999999928255465242e+00 5.085226320036739800e-01 -4.999997342794999966e+00
4.579695088782484436e-01 4.608330904551962703e-01 5.118596141510931563e-01 5.560606088348208909e-01
5.163773178839325961e-01 2.673941154936673725e-01 -4.998906500000000364e+00 5.947018689008904957e-01
0.000000000000000000e+00 0.000000000000000000e+00 0.000000000000000000e+00 0.000000000000000000e+00
-4.999970475499999623e+00 1.601704670403249209e-01 7.774048959511417056e-01 6.472553503862197299e-01
7.265894867627462617e-01 7.271074187366642905e-01 8.288499868239451729e-01 7.284844776695545976e-01
7.774073367393938838e-01 -4.999999928255465242e+00 8.829999954173861632e-01 7.774074576758042143e-01
8.288278312603909459e-01 9.399999995070299486e-01 8.829998247110976139e-01 8.288075333928482946e-01
-7.829342112898103612e-02 -7.498763781509720783e-02 -7.729329817655940238e-02 -7.877792325021928943e-02
-7.846855475088937437e-02 -7.150961874593862733e-02 -4.999999760851549624e+00 -7.792331583888284507e-02
0.000000000000000000e+00 0.000000000000000000e+00 0.000000000000000000e+00 0.000000000000000000e+00
-4.999991142649999887e+00 -5.954346532715380086e-02 -6.444521244479535504e-02 -6.439707418280775364e-02
-6.598030358723060151e-02 -5.922403784346744887e-02 -5.786597109124367450e-02 -6.676474543072059842e-02
-6.357777636291757350e-02 -5.334032977173945589e-02 -5.307560409755197189e-02 -5.048485933290296906e-02
-5.527753505396529321e-02 -4.576784149803019702e-02 -4.549047109685094847e-02 -5.447032981740018709e-02
-5.008000680176107056e-02 -3.946729510986370093e-02 -4.999999978476639129e+00 6.864819669957841763e-02
0.000000000000000000e+00 0.000000000000000000e+00 0.000000000000000000e+00 0.000000000000000000e+00
-4.999671949999999754e+00 -1.959469750000000093e-02 -1.457399999999999841e-02 5.060642795512508840e-01
-1.347045000000000013e-02 -4.987849999999999895e+00 2.227112158935829478e-01 4.942682616374234339e-01
3.357541337565357331e-01 -9.919000000000000733e-03 4.772104722780071140e-01 -4.549999999999999822e+00
1.871758648495567071e-02 1.116175325402199159e-01 6.773041773725672066e-01 0.000000000000000000e+00
3.656149786753900566e-01 7.332519375999999589e-01 -4.865000000000000213e+00 7.771752250338274104e-01
0.000000000000000000e+00 0.000000000000000000e+00 0.000000000000000000e+00 0.000000000000000000e+00
-4.999970475499999623e+00 9.999999996125794599e-01 9.397233283947011850e-01 8.802501877301719402e-01
-7.334323390526072128e-02 -6.978415061186046819e-02 -7.070226676109105102e-02 -7.764061347271099256e-02
-7.236861979295965142e-02 -7.198828022098967272e-02 -6.543549648773162863e-02 -7.480683104949280293e-02
-6.927073380482372256e-02 -6.407988701920895591e-02 -5.922177563409390666e-02 -4.999999202838499635e+00
-6.615542063108882653e-02 -5.888015994509506607e-02 -5.215120424033191371e-02 -6.654722422104533686e-02
-5.936300861143999075e-02 -5.871408633730398896e-02 -5.313495948902915295e-02 -6.427912146940253924e-02
-5.892497718077369800e-02 -5.361703323427695345e-02 -4.653957360113858410e-02 -5.666663504110247551e-02
-5.368249867232860462e-02 -4.653989677417062765e-02 -3.873462073192936173e-02 -5.103158963190224801e-02
-4.316480188316031141e-02 -3.875766050778115673e-02 -3.114721277786027670e-02 -4.703198912492301959e-02
-3.884959506343243357e-02 -2.672909097250000116e-02 -2.227636484500000041e-02 -4.959500000000000242e+00
-1.305150000000000060e-02 -2.101503249999999920e-02 -4.959500000000000242e+00 -2.362757739999999870e-02
0.000000000000000000e+00 0.000000000000000000e+00 0.000000000000000000e+00 0.000000000000000000e+00
-3.500000000000000000e+00 0.000000000000000000e+00 -6.999999999999999278e-03 2.421497277646211255e-01
4.533622562495519953e-03 6.624936408763745788e-02 -6.999999999999999278e-03 1.493995087427499313e-01
-1.375499999999999813e-02 0.000000000000000000e+00 8.437512999999998708e-01 3.678441255999997939e-01
4.818215499999998763e-01 0.000000000000000000e+00 9.729999999999999760e-01 -3.500000000000000000e+00
0.000000000000000000e+00 0.000000000000000000e+00 0.000000000000000000e+00 0.000000000000000000e+00
