-6.063701524513150920e-01 -5.342692215447241155e-01 -5.325084990003353669e-01 -6.069640201086035081e-01
-6.068951086809276640e-01 -4.551720364238240335e-01 -4.552641019574251713e-01 -5.339907659444101951e-01
-5.333892649669548236e-01 -3.781212725331680735e-01 -3.725917506502429144e-01 -4.550086580056317276e-01
-4.573370712603282429e-01 -2.863786919500102557e-01 -2.891743071555063493e-01 -3.736952861448832319e-01
-3.730358478082715923e-01 -1.988976263999916727e-01 -1.954474874849407295e-01 -2.902126473164431952e-01
-2.861810023854432505e-01 -9.994339021576077731e-02 -1.204924844380462351e-01 -1.965319792752405204e-01
-1.975379405024574597e-01 -1.382619133968854318e-03 -8.979007720060411257e-03 -1.015116594613610090e-01
-1.025689419975461814e-01 9.936983138721021402e-02 -7.526695066492292488e-03 -8.697968600441897957e-03
-5.338683300305701041e-01 -6.086582906730610976e-01 -4.556204939956748357e-01 -6.066850174952884700e-01
-5.340418216480085079e-01 -5.333686192535131987e-01 -3.738318097155141628e-01 -5.349153389107492718e-01
-4.551996314160771662e-01 -4.555166376665548689e-01 -2.882423940093218895e-01 -4.564453528819912842e-01
-3.755689006203731806e-01 -5.000000000000000000e+00 -1.954670475424479248e-01 -3.804325474095138770e-01
-2.895605731247994363e-01 -1.025685356161697287e-01 -9.837118159971601494e-02 -2.881682890541664710e-01
-1.943736087711223637e-01 2.376879471437803436e-03 3.126548616908171076e-05 -1.953344504357359679e-01
-1.001541298594384594e-01 1.044380733296085134e-01 1.056671588300549525e-01 -1.099912943065435161e-01
-1.861954092108225860e-03 2.175742300084097247e-01 9.969348692915450116e-02 -5.725355834301522513e-03
-6.091182603564143649e-01 -5.964819215219732129e-01 -5.333344369213746106e-01 -5.336326762424170589e-01
-6.071430173585344869e-01 -4.967789504465291994e-01 -4.641110614460369210e-01 -4.559616316317688378e-01
-5.411156055785281138e-01 -4.104539567374062004e-01 -5.000000000000000000e+00 -3.738687221623180346e-01
0.000000000000000000e+00 0.000000000000000000e+00 0.000000000000000000e+00 0.000000000000000000e+00
-5.000000000000000000e+00 -2.005350096365065282e-01 -1.896473116050949315e-03 -1.962279774310725089e-01
-1.044957528037662037e-01 -5.000000000000000000e+00 1.088354157769498842e-01 -1.163780435090755322e-01
-9.834741407986685377e-04 1.586350417588222317e-01 2.202063926409056627e-01 -1.269326280110923306e-02
8.848195691881818870e-02 3.447434663334739691e-01 2.179763044772832226e-01 1.039941984496751404e-01
-5.966909366313477570e-01 -5.960763735251164430e-01 -4.953264331000605813e-01 -6.143675185748939116e-01
-5.793071505392439757e-01 -5.966084685643482377e-01 -4.111090585501013250e-01 -5.398673599018815050e-01
-5.226094223812569606e-01 -5.019937596310702910e-01 -3.155490408313006423e-01 -4.656844268349629168e-01
-4.206528357367758097e-01 -5.000000000000000000e+00 -2.219544327851893650e-01 -5.000000000000000000e+00
-3.754970962289832515e-01 -1.036147755978690382e-01 -5.000000000000000000e+00 -1.334237587828692451e-01
0.000000000000000000e+00 0.000000000000000000e+00 0.000000000000000000e+00 0.000000000000000000e+00
-5.000000000000000000e+00 2.724503683089478101e-01 2.623880006152317090e-01 3.730338084392692544e-02
1.541518613782457969e-01 5.076379065063104656e-01 2.908252375419541069e-01 1.763526285357152612e-01
-5.956303965210194562e-01 -5.221857164479950519e-01 -5.971620431411510665e-01 -5.984455813215708853e-01
-5.960531976413575572e-01 -5.000000000000000000e+00 -5.237157202975963877e-01 -5.226773184936825967e-01
-5.973751047591039365e-01 -5.000000000000000000e+00 -5.000000000000000000e+00 -4.208966714981694501e-01
0.000000000000000000e+00 0.000000000000000000e+00 0.000000000000000000e+00 0.000000000000000000e+00
-4.999671949999999754e+00 -1.664956365045327791e-01 3.304788655220998461e-02 -2.772676875055876122e-01
-1.854894263207276794e-01 -1.659607595099999722e-01 1.951134126926055146e-01 -4.998906500000000364e+00
8.070570653172644271e-02 -4.999991142649999887e+00 3.920787658314842661e-01 1.462096524563449296e-01
2.704740046077124260e-01 6.553689939577675982e-01 3.857036757610791122e-01 3.384979836616522908e-01
-5.221712786120485950e-01 -4.444060187115584371e-01 -5.000000000000000000e+00 -5.960746497853398607e-01
0.000000000000000000e+00 0.000000000000000000e+00 0.000000000000000000e+00 0.000000000000000000e+00
0.000000000000000000e+00 0.000000000000000000e+00 0.000000000000000000e+00 0.000000000000000000e+00
0.000000000000000000e+00 0.000000000000000000e+00 0.000000000000000000e+00 -4.549999999999999822e+00
-9.099999999999999756e-02 -4.999901584999999926e+00 -9.975699999999999845e-02 -1.916974033433760938e-01
-1.717799999999999883e-01 -9.099999999999999756e-02 -4.865000000000000213e+00 -1.101683607641514157e-01
0.000000000000000000e+00 0.000000000000000000e+00 0.000000000000000000e+00 0.000000000000000000e+00
-4.999997342794999966e+00 8.172040827999998980e-01 5.045462379999998692e-01 4.004258822473479862e-01
-4.435098982391090794e-01 -3.625705358003978307e-01 -4.999999999999999112e+00 -5.219454432714144554e-01
0.000000000000000000e+00 0.000000000000000000e+00 0.000000000000000000e+00 0.000000000000000000e+00
-3.500000000000000000e+00 -6.999999999999999278e-02 -6.999999999999999278e-02 0.000000000000000000e+00
-6.999999999999999278e-02 0.000000000000000000e+00 0.000000000000000000e+00 0.000000000000000000e+00
0.000000000000000000e+00 0.000000000000000000e+00 0.000000000000000000e+00 0.000000000000000000e+00
-3.500000000000000000e+00 0.000000000000000000e+00 -3.500000000000000000e+00 0.000000000000000000e+00
0.000000000000000000e+00 0.000000000000000000e+00 0.000000000000000000e+00 0.000000000000000000e+00
-4.959500000000000242e+00 9.729999999999999760e-01 5.141499999999999959e-01 5.919583268619998950e-01
-3.624426432627193551e-01 -3.623100547106419267e-01 -2.764043578025978110e-01 -4.444064436323285072e-01
-3.616157994872036263e-01 -2.559069341604999770e-01 -1.858609032000000105e-01 -4.998906500000000364e+00
-2.697276467199999916e-01 -1.778595000000000037e-01 -4.549999999999999822e+00 -9.099999999999999756e-02
0.000000000000000000e+00 0.000000000000000000e+00 0.000000000000000000e+00 0.000000000000000000e+00
0.000000000000000000e+00 0.000000000000000000e+00 0.000000000000000000e+00 0.000000000000000000e+00
0.000000000000000000e+00 0.000000000000000000e+00 0.000000000000000000e+00 0.000000000000000000e+00
0.000000000000000000e+00 0.000000000000000000e+00 0.000000000000000000e+00 0.000000000000000000e+00
0.000000000000000000e+00 0.000000000000000000e+00 0.000000000000000000e+00 0.000000000000000000e+00
