-3.476276557711690973e+00 -3.533788404187593102e+00 -3.046910865502583388e+00 -3.363825083519393466e+00
-3.251710397942856101e+00 -3.244201622210956870e+00 -2.682103403444337175e+00 -2.979350630819022960e+00
-3.071065390569348796e+00 -3.164205404966764057e+00 -2.465454044670136735e+00 -2.822286835199052213e+00
-2.851045345405755160e+00 -2.899504879522054601e+00 -2.307894908690571345e+00 -2.554689624265113146e+00
-2.669081069866519496e+00 -2.523727994430608579e+00 -2.171382971727473521e+00 -2.421621911401292682e+00
-2.489276480801403402e+00 -2.126265691152533499e+00 -2.047285838489145693e+00 -2.296522792824879478e+00
-2.394470839389242656e+00 -1.866034714806349859e+00 -1.957577220965965648e+00 -2.051993195757670030e+00
-2.515508075639848684e+00 -1.716839586356372127e+00 -2.446570353760137095e+00 -2.117779906329763318e+00
-3.484647560613201911e+00 -3.457649873261936513e+00 -3.416383569729966929e+00 -3.528810887956823628e+00
-3.524923132537955528e+00 -3.513655976196516484e+00 -3.412510885709671982e+00 -3.006249887312405722e+00
-3.433377238138974441e+00 -3.503923771780256047e+00 -3.055034811950252838e+00 -2.941311742070374269e+00
-3.279345740160859890e+00 -4.999999907539955046e+00 -2.482343808796328322e+00 -2.971586324902318221e+00
-3.032231861067638867e+00 -3.169328668354948864e+00 -2.159468337810964034e+00 -2.815558793635583701e+00
-2.630945558271530427e+00 -2.549392980956503241e+00 -1.911453827211236689e+00 -2.389450042547776043e+00
-2.173139394465605889e+00 -1.777492575096334182e+00 -1.734847054842392211e+00 -2.110722274281453537e+00
-1.868555073977965719e+00 -1.532809886833569779e+00 -1.749076320821337349e+00 -1.934035706766695117e+00
-3.420494424262317423e+00 -3.330043566516672549e+00 -3.480985413095116776e+00 -3.494772658411542832e+00
-3.449655019478413021e+00 -3.459519337185687604e+00 -3.579138647035603249e+00 -3.477946427959923703e+00
-3.405041586894502981e+00 -3.393812943073962085e+00 -4.999972656217565259e+00 -3.308587604037175112e+00
0.000000000000000000e+00 0.000000000000000000e+00 0.000000000000000000e+00 0.000000000000000000e+00
-4.995224975246016719e+00 -2.811671934091438008e+00 -2.427589677404125013e+00 -2.958971403127723221e+00
-2.838904607010210412e+00 -4.996132229949273196e+00 -2.051712622566905786e+00 -2.509258953646972046e+00
-2.521693765249762187e+00 -2.466816812572025341e+00 -1.515811366132844951e+00 -2.197732283437650036e+00
-1.812731860825406605e+00 -1.174421509650275031e+00 -1.587313602948969171e+00 -1.758769438173013455e+00
-3.418002907958712200e+00 -3.301591076771821509e+00 -3.423307370331456045e+00 -3.454275076503388053e+00
-3.376469475813137056e+00 -3.415752726995519239e+00 -3.436289956376781696e+00 -3.438984990183558743e+00
-3.409160467003613970e+00 -3.799177720054768503e+00 -3.437152327359803472e+00 -3.428867797930286621e+00
-2.705268400735899803e+00 -4.860935805278153943e+00 -2.432202722396415773e+00 -4.738326183486319287e+00
-2.689129576850055603e+00 -1.968431666578332795e+00 -4.887358002275304258e+00 -2.527348204682794197e+00
0.000000000000000000e+00 0.000000000000000000e+00 0.000000000000000000e+00 0.000000000000000000e+00
-4.999936478826262132e+00 -1.952713699110717238e+00 -1.369659807410999797e+00 -2.018164667555141012e+00
-2.050319508939943969e+00 -1.070057482273805594e+00 -1.366818055302373214e+00 -1.507264685516520375e+00
-3.281002625000158712e+00 -3.124604051929979143e+00 -3.391983036571242227e+00 -3.361536336696158145e+00
-3.197101701954293773e+00 -4.991913453650385080e+00 -3.297084493227330437e+00 -3.299166666076332799e+00
-3.146016067306399044e+00 -4.926095585292826762e+00 -4.926095585292826762e+00 -3.173022522559018288e+00
0.000000000000000000e+00 0.000000000000000000e+00 0.000000000000000000e+00 0.000000000000000000e+00
-4.507614548908194685e+00 -1.562535103421353266e+00 -1.746920426243825819e+00 -2.090917416234828519e+00
-1.449094256338092856e+00 -1.076082165979479921e+00 -1.535380000588397964e+00 -4.845484228086837319e+00
-1.473235645476092648e+00 -4.997180395633019856e+00 -1.071764832070098317e+00 -2.443517972931439353e+00
-1.821663535921022259e+00 -1.054130734296254257e+00 -1.262184416569275047e+00 -1.483059253830421254e+00
-3.090175940297261281e+00 -2.912804033249236202e+00 -4.999691481740414112e+00 -3.228553314247573525e+00
0.000000000000000000e+00 0.000000000000000000e+00 0.000000000000000000e+00 0.000000000000000000e+00
0.000000000000000000e+00 0.000000000000000000e+00 0.000000000000000000e+00 0.000000000000000000e+00
-3.430947019550000032e+00 -1.129159542029638752e+00 -1.218509999761287155e+00 -2.847663950000000277e+00
-1.054118212571486746e+00 -4.166140915016670832e+00 -1.109719519678849187e+00 -1.182491843036302281e+00
-9.118136633589521978e-01 -3.850945989332599795e-01 -4.166140915016670832e+00 -1.082443167261396111e+00
0.000000000000000000e+00 0.000000000000000000e+00 0.000000000000000000e+00 0.000000000000000000e+00
-4.999999999346338875e+00 4.200915047347715814e-01 -8.640562804408979947e-01 -1.010501297023386424e+00
-2.859389298565674586e+00 -2.839207091179098974e+00 -4.992722108285346572e+00 -3.077055449553144584e+00
0.000000000000000000e+00 0.000000000000000000e+00 0.000000000000000000e+00 0.000000000000000000e+00
-3.430947019550000032e+00 -1.645566697140848689e+00 -1.750247744667275951e+00 -4.452905054342438440e+00
-1.275100882254447621e+00 -3.256607799500000233e+00 -3.729067085835499729e+00 -1.495754419934601120e+00
0.000000000000000000e+00 0.000000000000000000e+00 0.000000000000000000e+00 0.000000000000000000e+00
-5.000000000000000000e-01 4.893927552776327489e-03 -3.587852317594999896e+00 -5.084028687418826742e-01
0.000000000000000000e+00 0.000000000000000000e+00 0.000000000000000000e+00 0.000000000000000000e+00
-4.999997307263870816e+00 9.999999999999995559e-01 5.101076751057370684e-01 -1.051089541953236894e+00
-3.035979173555649613e+00 -2.991803803254753813e+00 -2.792565475242040129e+00 -3.395924168288483092e+00
-2.513267473535917951e+00 -2.529927157411808736e+00 -2.532107150786389482e+00 -4.946123681678471051e+00
-2.770656920539296575e+00 -2.535688190745545079e+00 -4.764493565137687625e+00 -2.792107096758749574e+00
0.000000000000000000e+00 0.000000000000000000e+00 0.000000000000000000e+00 0.000000000000000000e+00
-1.354999999999999982e+00 -1.310230090000000236e-01 -7.235037680520950421e-02 -5.000000000000000000e-01
-9.699087455374647004e-02 -3.711658586544650668e-02 3.559089939350488230e-01 -2.846957393904127054e-01
-4.260593697855397100e-02 1.085755708593987012e-01 9.202335569231274714e-01 -1.354999999999999982e+00
0.000000000000000000e+00 0.000000000000000000e+00 0.000000000000000000e+00 0.000000000000000000e+00
