-4.016831558541834823e+00 -4.102859996217090632e+00 -4.007112271513290302e+00 -4.024738518920782049e+00
-3.980190521492162681e+00 -4.999999705363534552e+00 -3.500131242900120565e+00 -4.096861082201323612e+00
-4.311396227960021754e+00 -3.018702750288925429e+00 -3.569431739931113956e+00 -3.499771408436695097e+00
-3.296113841926584964e+00 -4.968186572794319744e+00 -3.190347050749203994e+00 -3.173022111983545557e+00
-4.039806618062370625e+00 -3.465541715872252126e+00 -4.999999550927503478e+00 -3.956721083786425730e+00
0.000000000000000000e+00 0.000000000000000000e+00 0.000000000000000000e+00 0.000000000000000000e+00
-4.764493565137687625e+00 -2.233010388865555917e+00 -4.887358002275304258e+00 -3.031361135710601395e+00
0.000000000000000000e+00 0.000000000000000000e+00 0.000000000000000000e+00 0.000000000000000000e+00
-3.109997031803830581e+00 -4.994104907711131247e+00 -2.518696277870560607e+00 -3.741367514807248273e+00
-2.910738576456569415e+00 -1.377652124500912567e+00 -2.751942611192074839e+00 -4.898622202047773655e+00
-1.728080839581012329e+00 -5.314752837844931993e-02 -4.601167784615637579e+00 -3.054488977901887559e+00
0.000000000000000000e+00 0.000000000000000000e+00 0.000000000000000000e+00 0.000000000000000000e+00
0.000000000000000000e+00 0.000000000000000000e+00 0.000000000000000000e+00 0.000000000000000000e+00
-4.249526823515004104e+00 -4.688761562056876775e-01 -1.437546695868769930e-01 -1.867610343594407807e+00
-7.029473480333229274e-01 -3.804923425459329211e-02 9.656631617970748982e-01 -1.196751650303895964e+00
0.000000000000000000e+00 0.000000000000000000e+00 0.000000000000000000e+00 0.000000000000000000e+00
