-3.541222693724163761e+00 -3.664857938416791416e+00 -2.988152603277345776e+00 -3.370243384643188289e+00
-3.252743170195482314e+00 -3.195473608527970910e+00 -2.777003418699139470e+00 -2.999243891985957422e+00
-2.956705587947722869e+00 -3.046619049101147780e+00 -2.552044801997913392e+00 -2.821928711252209787e+00
-2.818956327003309337e+00 -3.068726425232412236e+00 -2.307891413500406053e+00 -2.550220610957577794e+00
-2.512310731022115107e+00 -2.459690808964927200e+00 -2.157102351889975900e+00 -2.446414474226497937e+00
-2.363266736801959311e+00 -2.061234151959134842e+00 -2.024121546401376204e+00 -2.262717653193346834e+00
-2.342872903455356592e+00 -1.878263810531674238e+00 -2.043947654005923820e+00 -2.107752645437725114e+00
-2.296893511268209398e+00 -1.660969334166751965e+00 -2.016374959993485483e+00 -2.339723810879600574e+00
-3.660602280137676523e+00 -3.675761336894103781e+00 -3.409803742367356172e+00 -3.668744177956628327e+00
-3.650525234976905953e+00 -3.707654575113888296e+00 -3.295137541655424052e+00 -2.962672579400316142e+00
-3.444157858474912626e+00 -3.759416145823435862e+00 -3.255106596841676136e+00 -2.763602485803761777e+00
-3.365690300671873469e+00 -4.999999939336964516e+00 -2.540179659983806904e+00 -3.170529115150936050e+00
-3.303566709145719926e+00 -3.196336386583569666e+00 -2.066194663395746201e+00 -2.760939129208270337e+00
-2.617789066411912557e+00 -2.234944928896626770e+00 -1.736353283444679985e+00 -2.302427319964102104e+00
-2.074200834734761578e+00 -1.732463108536785201e+00 -1.583292739565322238e+00 -2.115482164433705847e+00
-1.855397355575844731e+00 -1.371319281096338161e+00 -1.648166410772659685e+00 -1.886356658646764162e+00
-3.676634880936114236e+00 -3.674654661488311103e+00 -3.657189388586528089e+00 -3.667899923919532679e+00
-3.683715988376297101e+00 -3.671754861912606138e+00 -3.761913068830580187e+00 -3.494401230812490322e+00
-3.615494492077541810e+00 -3.583716368802029706e+00 -4.999966242243907288e+00 -3.391491023960773177e+00
0.000000000000000000e+00 0.000000000000000000e+00 0.000000000000000000e+00 0.000000000000000000e+00
-4.994104907711131247e+00 -2.500885820295328799e+00 -3.430232480443440757e+00 -2.979251422807226213e+00
-3.086699614774272238e+00 -4.999477521618341136e+00 -1.786097694569461769e+00 -2.859027897266247731e+00
-2.554104509615425567e+00 -2.023014169118223293e+00 -1.198163611123521433e+00 -2.069975945214979518e+00
-1.615765108455144983e+00 -1.088142466718833079e+00 -1.550446586026100526e+00 -1.679136827315983238e+00
-3.673769317498755793e+00 -3.669324227188753618e+00 -3.666141858881344362e+00 -3.672682566508665314e+00
-3.661919967620936855e+00 -3.696962701004016694e+00 -3.693129603283958673e+00 -3.668447539108218525e+00
-3.556945701232990142e+00 -4.171494208555042604e+00 -3.518116976823120190e+00 -3.560151015316050938e+00
-3.241833274362087014e+00 -4.874842224750338460e+00 -3.263716511049679969e+00 -4.933486026763544530e+00
-2.953075443663423894e+00 -2.095802097810188780e+00 -4.926095585292826762e+00 -3.066322675748796911e+00
0.000000000000000000e+00 0.000000000000000000e+00 0.000000000000000000e+00 0.000000000000000000e+00
-4.999750100209735315e+00 -1.751346037532299560e+00 -1.233613615982866119e+00 -1.971913636881512666e+00
-2.352223450337118660e+00 -1.279624413531373239e+00 -1.286437215591087035e+00 -1.505902372886301466e+00
-3.666759979498055433e+00 -3.654130491925231095e+00 -3.715065876974022796e+00 -3.648715927601283049e+00
-3.610825224877731721e+00 -4.999283294401016597e+00 -3.819368580104486544e+00 -3.609277865529673335e+00
-3.366899082400265808e+00 -4.956360182159561312e+00 -4.887358002275304258e+00 -3.338802963263765466e+00
0.000000000000000000e+00 0.000000000000000000e+00 0.000000000000000000e+00 0.000000000000000000e+00
-4.860935805278153943e+00 -1.988164835003303654e+00 -2.220513405908529414e+00 -2.208806556610186878e+00
-2.205528966692077208e+00 -1.411512144881565511e+00 -2.027915771180786031e+00 -4.845484228086837319e+00
-2.400806242199543306e+00 -4.998907627497358064e+00 -1.059944208369671959e+00 -2.071219958590639010e+00
-1.792856386239223054e+00 -1.069188295410355982e+00 -1.371364561244198699e+00 -1.397500543893268832e+00
-3.343917120416752820e+00 -2.995968416017168678e+00 -4.999203660445574293e+00 -3.296266111319654524e+00
0.000000000000000000e+00 0.000000000000000000e+00 0.000000000000000000e+00 0.000000000000000000e+00
0.000000000000000000e+00 0.000000000000000000e+00 0.000000000000000000e+00 0.000000000000000000e+00
-2.342795000000000183e+00 -1.419238343368397270e+00 -1.517975245047142208e+00 -3.256607799500000233e+00
-1.544082196386052042e+00 -4.601167784615637579e+00 -1.265327722385927611e+00 -1.467697290533076737e+00
-1.470303534742035678e+00 -2.779951631919688193e-01 -4.709251314984799208e+00 -1.621122244126512513e+00
0.000000000000000000e+00 0.000000000000000000e+00 0.000000000000000000e+00 0.000000000000000000e+00
-4.999999998125320033e+00 7.438904717937662170e-01 -6.614462861057115450e-01 -9.605945322445880175e-01
-2.389759525416526031e+00 -2.114435697102863720e+00 -4.968186572794319744e+00 -2.987196689785155179e+00
0.000000000000000000e+00 0.000000000000000000e+00 0.000000000000000000e+00 0.000000000000000000e+00
-3.729067085835499729e+00 -9.708806026327652106e-01 -9.440745607815619334e-01 -2.342795000000000183e+00
-7.181453561656445661e-01 -2.847663950000000277e+00 -3.430947019550000032e+00 -7.732114090066724010e-01
0.000000000000000000e+00 0.000000000000000000e+00 0.000000000000000000e+00 0.000000000000000000e+00
-3.256607799500000233e+00 8.605080007289105104e-02 -3.256607799500000233e+00 -1.285783629802498718e+00
0.000000000000000000e+00 0.000000000000000000e+00 0.000000000000000000e+00 0.000000000000000000e+00
-4.999953693064344229e+00 9.999999999999995559e-01 -2.526304491247283179e-01 -7.747080673857262845e-01
-2.183343173759442646e+00 -2.210911244302432355e+00 -1.713035633257771417e+00 -2.551616767001926078e+00
-1.568221097841131062e+00 -2.244896582206462821e+00 -1.680106800858828908e+00 -4.908759981842996112e+00
-1.566982039723361808e+00 -1.625977229878282193e+00 -3.970544339526754563e+00 -1.404334006701930315e+00
0.000000000000000000e+00 0.000000000000000000e+00 0.000000000000000000e+00 0.000000000000000000e+00
-5.000000000000000000e-01 -6.850000000000000533e-02 1.051069864214045080e-02 -9.499999999999999556e-01
-4.263477512524705554e-02 1.088282218569588261e-02 4.216445158174456642e-01 -5.496676510555281725e-01
2.482836307673878112e-02 1.373380543125200248e-01 9.576088417247838880e-01 -1.354999999999999982e+00
0.000000000000000000e+00 0.000000000000000000e+00 0.000000000000000000e+00 0.000000000000000000e+00
