-5.373793039521463921e-01 -4.603993423471300361e-01 -4.603991218493094784e-01 -5.373793189650997171e-01
-5.373793206991872573e-01 -3.793674748765400451e-01 -3.793676297192304925e-01 -4.603992612135547335e-01
-4.603992581593727151e-01 -2.940711890491987113e-01 -2.940710832084622028e-01 -3.793676307641742351e-01
-3.793678457049631247e-01 -2.042850813399185450e-01 -2.042857608237074463e-01 -2.940711342035380316e-01
-2.940713867181758423e-01 -1.097738248530736732e-01 -1.097758751849732956e-01 -2.042861335828225766e-01
-2.042863969342818831e-01 -1.028781996842086446e-02 -1.028918424920736117e-02 -1.097747807486739169e-01
-1.097740483912340026e-01 9.443472684765258363e-02 9.437773234345517293e-02 -1.029158798758557716e-02
-1.030320419728872859e-02 2.046450400363133970e-01 9.411297898033818554e-02 9.441071167440126533e-02
-4.603994984514301336e-01 -4.004493491080897694e-01 -3.793676797820028646e-01 -5.373793202617240805e-01
-4.603993150354214192e-01 -3.113569372019138748e-01 -2.940710034281825425e-01 -4.603992936828221749e-01
-3.793675157051037417e-01 -2.229895019735975981e-01 -2.042851791382915005e-01 -3.793676803429833488e-01
-2.940710179729024154e-01 -5.000000000000000000e+00 -1.097736867408052319e-01 -2.940713553226833032e-01
-2.042872725335868611e-01 -1.034235154828204786e-02 -1.028784582582861935e-02 -2.042856683383033334e-01
-1.097740754291395560e-01 9.441964501977195834e-02 9.443392535814913724e-02 -1.097735528423788437e-01
-1.028777259242632039e-02 2.046660533663941239e-01 2.046690285624013506e-01 -1.029186276498201408e-02
9.443229215999345005e-02 3.207044215860344605e-01 2.046678838022450153e-01 9.439159054025145212e-02
-3.997382941879564777e-01 -3.147919057346025284e-01 -3.142439341943844000e-01 -4.603993614994575934e-01
-4.006771256196419162e-01 -2.231015876276596643e-01 -2.219612360123769113e-01 -3.793678508312344766e-01
-3.148471464899353367e-01 -1.283413137145199834e-01 -5.000000000000000000e+00 -2.940715228437989492e-01
0.000000000000000000e+00 0.000000000000000000e+00 0.000000000000000000e+00 0.000000000000000000e+00
-5.000000000000000000e+00 7.509528262740673699e-02 9.440748309167010244e-02 -1.097752108172428687e-01
-1.032935805495891965e-02 -5.000000000000000000e+00 2.046522906907663475e-01 -1.028816263744057428e-02
9.441193120450819265e-02 3.204572448887095804e-01 3.207046310716045734e-01 9.438407566642115221e-02
2.046602155772223874e-01 4.428477691920463810e-01 3.207012888391200800e-01 2.046573731391493067e-01
-3.146739164609960726e-01 -4.023396999710882604e-01 -2.236634585143411347e-01 -4.020976406831355821e-01
-3.139748555865566337e-01 -3.180148105494244870e-01 -1.291376404652823662e-01 -3.120405421848566063e-01
-2.250810520197946696e-01 -2.431311018295997939e-01 -2.934824050967949419e-02 -2.428699089611290884e-01
-1.428719614215469558e-01 -5.000000000000000000e+00 7.460512407847656735e-02 -5.000000000000000000e+00
-1.030462269877462367e-01 1.932152742170710757e-01 -5.000000000000000000e+00 -1.043289099580711581e-02
0.000000000000000000e+00 0.000000000000000000e+00 0.000000000000000000e+00 0.000000000000000000e+00
-4.999999999999988454e+00 4.424433552499142941e-01 4.425869719440859718e-01 2.046655816032154629e-01
3.204349785996988276e-01 5.714194957232574534e-01 4.428272342466515465e-01 3.207031368045492048e-01
-4.178286121013327636e-01 -4.523754540746626196e-01 -3.199101679858499248e-01 -3.175414486562915251e-01
-4.156616234824213052e-01 -5.000000000000000000e+00 -2.431225393520268230e-01 -2.278058107100419671e-01
-3.233153360909746810e-01 -5.000000000000000000e+00 -5.000000000000000000e+00 -1.506297239403180666e-01
0.000000000000000000e+00 0.000000000000000000e+00 0.000000000000000000e+00 0.000000000000000000e+00
-4.999999978476639129e+00 2.087255930398736192e-02 3.114553643359955215e-01 6.799442759031197603e-02
1.345450052494493731e-01 1.480007035698955864e-01 4.372990621100098507e-01 -4.999997342794999966e+00
3.144181947948310740e-01 -4.999999998062897077e+00 5.713446233010507358e-01 3.203194120220671515e-01
4.408118410637537621e-01 7.067578008188087901e-01 5.714171422721707749e-01 4.428279576537231810e-01
-4.523746384608207105e-01 -3.709215306091656617e-01 -5.000000000000000000e+00 -4.120637400888789159e-01
0.000000000000000000e+00 0.000000000000000000e+00 0.000000000000000000e+00 0.000000000000000000e+00
0.000000000000000000e+00 0.000000000000000000e+00 0.000000000000000000e+00 0.000000000000000000e+00
-3.500000000000000000e+00 0.000000000000000000e+00 1.849581787249372777e-02 -3.500000000000000000e+00
-9.919000000000000039e-02 -4.998906500000000364e+00 1.856553652217950712e-01 -1.812427892973451637e-01
1.395461023080452057e-02 -1.464770999999999712e-01 -4.549999999999999822e+00 3.136620545742663246e-01
0.000000000000000000e+00 0.000000000000000000e+00 0.000000000000000000e+00 0.000000000000000000e+00
-4.999901584999999926e+00 8.496201974505491750e-01 7.037280437686764811e-01 5.630936313766469192e-01
-3.709209005748357879e-01 -2.851808341973847138e-01 -4.999999999999996447e+00 -4.523726452481398597e-01
0.000000000000000000e+00 0.000000000000000000e+00 0.000000000000000000e+00 0.000000000000000000e+00
-3.500000000000000000e+00 -6.999999999999999278e-02 -6.999999999999999278e-02 -4.549999999999999822e+00
0.000000000000000000e+00 0.000000000000000000e+00 -3.500000000000000000e+00 0.000000000000000000e+00
0.000000000000000000e+00 0.000000000000000000e+00 0.000000000000000000e+00 0.000000000000000000e+00
-4.549999999999999822e+00 -6.999999999999999278e-02 -3.500000000000000000e+00 -1.569613499999999995e-01
0.000000000000000000e+00 0.000000000000000000e+00 0.000000000000000000e+00 0.000000000000000000e+00
-4.987849999999999895e+00 9.997812999999999839e-01 8.171057649999999839e-01 6.830817649040913375e-01
-2.851253355044255366e-01 -2.841765958558396532e-01 -1.949282547829106482e-01 -3.708772268496060565e-01
-2.775586867217851861e-01 -1.949275704273450149e-01 -9.992710000000000481e-02 -4.999901584999999926e+00
0.000000000000000000e+00 -9.992710000000000481e-02 -4.549999999999999822e+00 -9.975699999999999845e-02
0.000000000000000000e+00 0.000000000000000000e+00 0.000000000000000000e+00 0.000000000000000000e+00
0.000000000000000000e+00 0.000000000000000000e+00 0.000000000000000000e+00 -3.500000000000000000e+00
-6.999999999999999278e-02 0.000000000000000000e+00 0.000000000000000000e+00 0.000000000000000000e+00
0.000000000000000000e+00 0.000000000000000000e+00 0.000000000000000000e+00 0.000000000000000000e+00
0.000000000000000000e+00 0.000000000000000000e+00 0.000000000000000000e+00 0.000000000000000000e+00
