-3.571792041335375423e+00 -3.623555480890315206e+00 -2.934850785737786349e+00 -3.530059265462218931e+00
-3.291569719032385155e+00 -3.393214071937192156e+00 -2.791251683499468061e+00 -3.083113004592728856e+00
-3.162483149567017371e+00 -3.365393628490099598e+00 -2.563611287991582000e+00 -3.012747076428525350e+00
-2.902962109977942351e+00 -3.183985450760786318e+00 -2.421959272163573651e+00 -2.908222613297075654e+00
-2.848510895558781897e+00 -2.686568825521273851e+00 -2.178176721616019051e+00 -2.553521971901361098e+00
-2.649301742462743636e+00 -2.545326685482013573e+00 -2.012872694011011987e+00 -2.405542044530501578e+00
-2.492378216695087634e+00 -2.012162722905112666e+00 -1.886312371445612479e+00 -2.320307820378664676e+00
-2.241859387116128310e+00 -1.832411676976945181e+00 -1.937820743243257926e+00 -2.002550112852102160e+00
-3.594329390132850577e+00 -3.587680130810814383e+00 -3.607504790806489670e+00 -3.606792673414975336e+00
-3.625872993549853263e+00 -3.559902528904756114e+00 -3.550355524314535050e+00 -3.100326615645287553e+00
-3.501517662049169477e+00 -3.775156056187233489e+00 -3.738807845040055255e+00 -3.035278182446464079e+00
-3.461967884536000462e+00 -4.999999932596627339e+00 -2.736053362905573216e+00 -2.972373652166375724e+00
-3.289375319351168780e+00 -3.335925644615365560e+00 -2.375275278326310691e+00 -2.748625199904264349e+00
-2.929016961450102041e+00 -3.294505175141033249e+00 -1.852178931303092524e+00 -2.655984880907394263e+00
-2.454671825818429465e+00 -2.243970894857823417e+00 -1.696161243944751984e+00 -2.425020927637054236e+00
-1.988031180077687532e+00 -1.745163668557568881e+00 -1.812778925618890646e+00 -2.045852742029117266e+00
-3.562254620592670840e+00 -3.505438424722556956e+00 -3.586308776748118543e+00 -3.583216419629542848e+00
-3.518937728054492453e+00 -3.432615519209338384e+00 -3.750096737195222296e+00 -3.534354736296343003e+00
-3.547041584526883451e+00 -3.459608135410422669e+00 -4.999958323757909717e+00 -3.528490882017072394e+00
0.000000000000000000e+00 0.000000000000000000e+00 0.000000000000000000e+00 0.000000000000000000e+00
-4.993449897456812003e+00 -2.915423778693335244e+00 -3.204379460005648550e+00 -3.028942840092553546e+00
-3.180358374235183749e+00 -4.998501546635607085e+00 -2.190985660757815534e+00 -2.777872853661425889e+00
-2.791597078358188710e+00 -2.247549411184880164e+00 -1.575404610107058678e+00 -2.450836797573241910e+00
-1.727864071261440815e+00 -1.504075158710991067e+00 -1.732278221613900104e+00 -1.754917118254943675e+00
-3.510643642538472164e+00 -3.525865508131382331e+00 -3.400808976562208485e+00 -3.550599096744942340e+00
-3.519117309735553700e+00 -3.624010730142818382e+00 -3.289973562717346756e+00 -3.505101381758535251e+00
-3.476264170419326227e+00 -3.847172800618399613e+00 -3.171952088399592640e+00 -3.679951041269081458e+00
-3.118051296348139712e+00 -4.917883983658696501e+00 -2.689747814386503677e+00 -4.874842224750338460e+00
-3.053692989329912066e+00 -2.570859561333266541e+00 -4.908759981842996112e+00 -2.986882475558882977e+00
0.000000000000000000e+00 0.000000000000000000e+00 0.000000000000000000e+00 0.000000000000000000e+00
-4.999912865330949252e+00 -2.765129848754630082e+00 -1.592893584685654007e+00 -2.102471926941900549e+00
-2.062164210599994441e+00 -1.124060777088758956e+00 -1.696535962411100718e+00 -1.704967088978318612e+00
-3.491194759351434751e+00 -3.507607082091350748e+00 -3.563772092015692561e+00 -3.495614403596746467e+00
-3.396229708168092998e+00 -4.999283294401016597e+00 -3.353410273459489943e+00 -3.402929529713699441e+00
-3.284975536483714986e+00 -4.979127210410353221e+00 -4.738326183486319287e+00 -3.163672266964668189e+00
0.000000000000000000e+00 0.000000000000000000e+00 0.000000000000000000e+00 0.000000000000000000e+00
-4.940137424087190254e+00 -1.934183571730352602e+00 -2.090978728306808421e+00 -2.432620801857013237e+00
-1.854426439401682725e+00 -1.400469011853273438e+00 -2.448546005177168361e+00 -4.917883983658696501e+00
-2.525118793935503092e+00 -4.999283294401016597e+00 -1.498246212981442893e+00 -2.481308796325083055e+00
-1.673448084630603239e+00 -4.174930775288291374e-01 -1.426239776996649944e+00 -1.612487516462808523e+00
-3.413754023008181537e+00 -3.391865371856724209e+00 -4.997944508416471088e+00 -3.356749331569420125e+00
0.000000000000000000e+00 0.000000000000000000e+00 0.000000000000000000e+00 0.000000000000000000e+00
0.000000000000000000e+00 0.000000000000000000e+00 0.000000000000000000e+00 0.000000000000000000e+00
-3.587852317594999896e+00 -1.937936907733547764e+00 -1.706301064854797156e+00 -3.430947019550000032e+00
-1.927548670400315078e+00 -4.601167784615637579e+00 -1.805037659028168706e+00 -1.955699026673704433e+00
-1.566524367887398128e+00 -1.072800551662770996e+00 -4.507614548908194685e+00 -1.940551204649145101e+00
0.000000000000000000e+00 0.000000000000000000e+00 0.000000000000000000e+00 0.000000000000000000e+00
-4.999999993362312267e+00 3.825912254779783583e-01 -1.202198276131520416e+00 -1.076362983934013418e+00
-2.961318471381207740e+00 -2.782615952011312732e+00 -4.997180395633019856e+00 -3.312728568185182798e+00
0.000000000000000000e+00 0.000000000000000000e+00 0.000000000000000000e+00 0.000000000000000000e+00
-4.249526823515004104e+00 -1.705245083305653830e+00 -1.462810434142040483e+00 -3.430947019550000032e+00
-1.540240869396959367e+00 -3.856160377251949711e+00 -3.587852317594999896e+00 -1.555569148562986559e+00
0.000000000000000000e+00 0.000000000000000000e+00 0.000000000000000000e+00 0.000000000000000000e+00
-3.729067085835499729e+00 2.316288934553725753e-02 -4.249526823515004104e+00 -1.357475010787581926e+00
0.000000000000000000e+00 0.000000000000000000e+00 0.000000000000000000e+00 0.000000000000000000e+00
-4.999995895844948635e+00 9.999999999999995559e-01 3.733735800548800832e-01 -7.749247703983102031e-01
-2.751732881886471027e+00 -2.805506939105894215e+00 -2.731485774123768806e+00 -3.199364284986742746e+00
-2.682541335580147734e+00 -2.843582043219640809e+00 -2.603279678463938041e+00 -4.940137424087190254e+00
-2.451851369840708728e+00 -2.295797130878970194e+00 -4.676945905538666182e+00 -2.061574724806154890e+00
0.000000000000000000e+00 0.000000000000000000e+00 0.000000000000000000e+00 0.000000000000000000e+00
-9.499999999999999556e-01 -5.404026568665037944e-02 9.176044405430583417e-02 -1.719500000000000028e+00
-2.135462128891295053e-01 -8.380259184039551279e-02 2.059159280622598620e-01 -5.957384620473873404e-01
-7.582438856754452478e-03 2.992164700463379456e-01 9.817519963685992224e-01 -2.342795000000000183e+00
0.000000000000000000e+00 0.000000000000000000e+00 0.000000000000000000e+00 0.000000000000000000e+00
