-3.536567421983570547e+00 -3.626346352820000618e+00 -3.077235591011353133e+00 -3.535002669386945406e+00
-3.326271925185899647e+00 -3.394508077754371911e+00 -2.909989315863184878e+00 -3.205081215717273668e+00
-3.205390909988923731e+00 -3.189970989357174602e+00 -2.813054358586178694e+00 -3.057181929470615511e+00
-3.104367437242771199e+00 -3.129504980572640704e+00 -2.636028119742344966e+00 -2.934469843362415009e+00
-2.810045607747231777e+00 -2.750681928091686324e+00 -2.477284525897414547e+00 -2.668092418944829625e+00
-2.692762482814230474e+00 -2.521902400965085445e+00 -2.353192346595728957e+00 -2.511421060784802872e+00
-2.584343887788682181e+00 -2.236279343471300418e+00 -2.191879783568197126e+00 -2.379065428506859092e+00
-2.383177231962043230e+00 -1.964581004067388115e+00 -2.155436906537987252e+00 -2.170065522034875460e+00
-3.586043541415840252e+00 -3.577192558380285270e+00 -3.540743855056119216e+00 -3.600937507174527763e+00
-3.618837500002666463e+00 -3.607197799604683564e+00 -3.182016464619540130e+00 -3.500123038330920533e+00
-3.434768411834370649e+00 -3.612242170516385187e+00 -2.858406909746028290e+00 -3.236123353291347371e+00
-3.352124217485325186e+00 -4.999999982866966342e+00 -2.654724529367414654e+00 -3.146322664510219358e+00
-3.074072624220567373e+00 -2.950286407039763859e+00 -2.438580132911507992e+00 -2.805564950658844481e+00
-2.793723285517560662e+00 -2.763989350376180543e+00 -2.267853878900326858e+00 -2.584560632660642732e+00
-2.527282807077533278e+00 -2.378589833730092806e+00 -1.970041706779042112e+00 -2.401871263891268260e+00
-2.190185078349192516e+00 -1.554028814485471699e+00 -2.085708014015059231e+00 -2.192675243344471614e+00
-3.555684506184472848e+00 -3.540141178433366509e+00 -3.569186798628329438e+00 -3.562452087013335600e+00
-3.561013170831994756e+00 -3.538012766652084640e+00 -3.546640244089227068e+00 -3.572473468304115496e+00
-3.545517474344309861e+00 -3.434742913839645695e+00 -4.999958323757909717e+00 -3.510926740234178389e+00
0.000000000000000000e+00 0.000000000000000000e+00 0.000000000000000000e+00 0.000000000000000000e+00
-4.992722108285346572e+00 -2.965963836100098394e+00 -2.827721602840520987e+00 -2.878791264653960624e+00
-3.005393042466899978e+00 -4.998651391972046554e+00 -2.192161664341069738e+00 -2.828535737835232489e+00
-2.884030293963292912e+00 -2.467821565225398306e+00 -1.896603501632399880e+00 -2.388130611310599338e+00
-2.075410172178927759e+00 -1.187091635434925685e+00 -1.934623247029133353e+00 -2.092409348198315033e+00
-3.537943614858014563e+00 -3.538856075564638104e+00 -3.533099757119173567e+00 -3.545462456752944913e+00
-3.522961882090370977e+00 -3.514968460394568339e+00 -3.444113842171234285e+00 -3.502463637124570095e+00
-3.517686469524614168e+00 -3.813697457543105518e+00 -3.435398198136879522e+00 -3.563570048533621026e+00
-3.227019705126092042e+00 -4.951511313510623680e+00 -2.445131345881911944e+00 -4.917883983658696501e+00
-2.828696763004471038e+00 -2.080646216849137087e+00 -4.951511313510623680e+00 -2.742268297520402243e+00
0.000000000000000000e+00 0.000000000000000000e+00 0.000000000000000000e+00 0.000000000000000000e+00
-4.999936478826262132e+00 -2.314478934320254755e+00 -1.635145257239137395e+00 -2.509491281040057586e+00
-2.098517985635196315e+00 -9.852796890889170545e-01 -1.877369978476434387e+00 -1.927398476865310961e+00
-3.536521611220902805e+00 -3.634339390014895255e+00 -3.652984544232649622e+00 -3.541831031146631226e+00
-3.407094146018297298e+00 -4.998786252774841898e+00 -3.504758835623880575e+00 -3.420590873549420152e+00
-3.606982892438533206e+00 -4.917883983658696501e+00 -4.828315808985374602e+00 -3.404642919571833293e+00
0.000000000000000000e+00 0.000000000000000000e+00 0.000000000000000000e+00 0.000000000000000000e+00
-4.788044208623919218e+00 -2.109584193319640200e+00 -2.237675518350109805e+00 -2.410404600470108516e+00
-2.024321648809364493e+00 -1.823774092582176820e+00 -2.673183218529672445e+00 -4.828315808985374602e+00
-2.236444473889918960e+00 -4.996519006954345699e+00 -1.700271269587454004e+00 -2.739166593310986997e+00
-2.197040572783797163e+00 -5.213918012446120409e-01 -1.654753714211092186e+00 -1.853976543630629026e+00
-3.490131477920618508e+00 -3.120212948713372736e+00 -4.999852436672846068e+00 -3.270244454090805775e+00
0.000000000000000000e+00 0.000000000000000000e+00 0.000000000000000000e+00 0.000000000000000000e+00
0.000000000000000000e+00 0.000000000000000000e+00 0.000000000000000000e+00 0.000000000000000000e+00
-4.249526823515004104e+00 -1.423452599060273549e+00 -1.356721697276155991e+00 -3.062897555000000160e+00
-1.957513615858867961e+00 -4.601167784615637579e+00 -1.703844836664724083e+00 -1.862462246005754052e+00
-1.370125920048423707e+00 -1.251790837867840622e+00 -4.738326183486319287e+00 -2.363862624383657796e+00
0.000000000000000000e+00 0.000000000000000000e+00 0.000000000000000000e+00 0.000000000000000000e+00
-4.999999999687355867e+00 3.917443317095887778e-01 -9.543805707044794584e-01 -1.232815490542012116e+00
-2.524711780155820318e+00 -2.244579086693672121e+00 -4.981214489369317988e+00 -3.342133717200049592e+00
0.000000000000000000e+00 0.000000000000000000e+00 0.000000000000000000e+00 0.000000000000000000e+00
-2.847663950000000277e+00 -1.889160322325792229e+00 -1.344456667152787332e+00 -3.970544339526754563e+00
-1.508630838505099048e+00 -2.608515500000000209e+00 -3.729067085835499729e+00 -1.354901680258602248e+00
0.000000000000000000e+00 0.000000000000000000e+00 0.000000000000000000e+00 0.000000000000000000e+00
-4.324574141163504137e+00 3.971161588588621727e-02 -3.062897555000000160e+00 -1.207464102089386593e+00
0.000000000000000000e+00 0.000000000000000000e+00 0.000000000000000000e+00 0.000000000000000000e+00
-4.999994933141911346e+00 9.999999999999995559e-01 -2.898474989606638630e-01 -7.777602791475068944e-01
-2.092219165843031803e+00 -2.179933925053593402e+00 -2.029369865014376995e+00 -2.916099712936054633e+00
-2.000910819467349278e+00 -2.107495758212745152e+00 -1.867518658624232053e+00 -4.845484228086837319e+00
-2.137956692328823127e+00 -1.943075494995070818e+00 -4.556853094017375483e+00 -1.697922880147054725e+00
0.000000000000000000e+00 0.000000000000000000e+00 0.000000000000000000e+00 0.000000000000000000e+00
-9.499999999999999556e-01 -6.850000000000000533e-02 6.531178225357728295e-02 -9.499999999999999556e-01
-9.583319752161169325e-02 -1.751770771278871736e-02 5.822777620538507337e-01 -5.861929858019795381e-01
-3.919488271739431096e-02 8.550372072949606606e-02 9.835767967317392557e-01 -2.342795000000000183e+00
0.000000000000000000e+00 0.000000000000000000e+00 0.000000000000000000e+00 0.000000000000000000e+00
