5.404578550011489568e-01 5.794293210538410399e-01 5.794293210538410399e-01 5.404578550011489568e-01
5.404578550011489568e-01 6.204519168987800981e-01 6.204519168987800981e-01 5.794293210538410399e-01
5.794293210538410399e-01 6.636335967355579957e-01 6.636335967355579957e-01 6.204519168987800981e-01
6.204519168987800981e-01 7.090879965637453264e-01 7.090879965637453264e-01 6.636335967355579957e-01
6.636335963838080332e-01 7.569347332249951599e-01 7.569340462950332471e-01 7.090879245404986264e-01
7.084534410955873884e-01 8.072997164203232767e-01 -5.000000000000000000e+00 -1.463310715514271887e-01
0.000000000000000000e+00 0.000000000000000000e+00 0.000000000000000000e+00 0.000000000000000000e+00
-5.000000000000000000e+00 8.214588543937423326e-01 -1.358300590737880342e-01 -1.385335113317459066e-01
-1.376695791910397260e-01 -1.327439207164142210e-01 -1.331226788551174989e-01 -1.351616663621912628e-01
-1.342857807903443668e-01 -1.315054475077652996e-01 -1.298367785434098309e-01 -1.314188795488239747e-01
-1.330359605652406685e-01 -1.276151475115078204e-01 -1.261646271195814017e-01 -1.293303512298750735e-01
-1.295109054084318811e-01 -1.226783756464689956e-01 -1.224431970327229113e-01 -1.249606946148083403e-01
-1.240833260379765601e-01 -1.194023410739854796e-01 -1.188432758017146929e-01 -1.210984829558902631e-01
-1.221237923035990852e-01 -1.164529098568224952e-01 -1.153845734112022292e-01 -1.186967037803394465e-01
-1.179131963393271199e-01 -1.123433274118364883e-01 -1.117244477720144014e-01 -1.138537986307655431e-01
-1.159293527643376481e-01 -1.096475030133203382e-01 -1.071455618918548403e-01 -1.099977480295842996e-01
-1.115161557219540994e-01 -1.072456946299829988e-01 -1.022800935314858994e-01 -1.065175051219592745e-01
-1.059949900596893618e-01 -1.033658904102253140e-01 -1.023626752093967640e-01 -9.801328886655673311e-02
-1.026138406682624016e-01 -1.030771555177720789e-01 -1.054633740159154065e-01 -1.040987150630067054e-01
-1.045017354442877994e-01 -1.019900221840926990e-01 -1.042293403626364245e-01 -1.051381168388965948e-01
5.794293210538410399e-01 -5.000000000000000000e+00 6.204519168987800981e-01 5.404578550011489568e-01
5.794293210538410399e-01 -5.000000000000000000e+00 6.636335967355579957e-01 5.794293210538410399e-01
6.204519168987800981e-01 7.090879965637453264e-01 7.090879965637453264e-01 6.204519168987800981e-01
6.636335967355579957e-01 7.569347332249951599e-01 7.569347332249951599e-01 6.636335967355579957e-01
7.090879965637453264e-01 8.072997191842055109e-01 8.072997191842055109e-01 7.090879965637453264e-01
7.569331299253259093e-01 8.602948886218920732e-01 8.603154938781111261e-01 7.568993737172144964e-01
8.050630057178221888e-01 9.161215725032749724e-01 9.153002097814262328e-01 -5.000000000000000000e+00
5.603736104484102754e-01 9.748647541234775060e-01 7.995742749685976758e-01 3.508060522716855978e-01
5.997718096347375294e-01 1.028812924009287144e+00 -5.025047038681482170e-02 -1.352125057561092691e-01
6.632427219301174626e-01 -1.284292074363763414e-01 -1.281753447615369412e-01 -1.324186369110684214e-01
-1.295849532313426145e-01 -8.459751213043889551e-02 -1.244478848727905429e-01 -1.293413997325429665e-01
-1.279494634380720364e-01 -5.000000000000000000e+00 -1.207110168146417056e-01 -1.257106786016637390e-01
-1.240876378219372828e-01 -1.172632635739483675e-01 -1.167684419044092842e-01 -1.216799582099034188e-01
-1.188081905221942958e-01 -1.136164714023824851e-01 -1.128813346894855102e-01 -1.191062410496533108e-01
-1.166511727383243019e-01 -1.084922174913671572e-01 -1.101608461145141687e-01 -1.099438916981053532e-01
-1.126729892668358324e-01 -1.077908248605558006e-01 -1.076868726286184935e-01 -1.077660761100074777e-01
-1.106667854396741757e-01 -1.028781245319728699e-01 -1.045874257681283920e-01 -1.062126058756464181e-01
-1.031691679216208968e-01 -1.022197244954095169e-01 -1.017077935864063587e-01 -1.025118830203425591e-01
-1.025063095262218893e-01 -1.014763888853855711e-01 -9.922497547300382359e-02 -1.011788027988954758e-01
-1.008247503813317625e-01 -9.743910298249398860e-02 -1.024850021286659862e-01 -1.042374453649725918e-01
0.000000000000000000e+00 0.000000000000000000e+00 0.000000000000000000e+00 0.000000000000000000e+00
0.000000000000000000e+00 0.000000000000000000e+00 0.000000000000000000e+00 0.000000000000000000e+00
-5.000000000000000000e+00 7.569347332249951599e-01 7.569347332249951599e-01 6.636335967355579957e-01
7.090879965637453264e-01 8.072997191842055109e-01 8.072997191842055109e-01 7.090879965637453264e-01
7.569347332249951599e-01 8.603154938781111261e-01 8.603154938781111261e-01 7.569347332249951599e-01
8.072997181167475000e-01 9.161215724938703842e-01 9.161215725032749724e-01 8.072996911123986319e-01
8.603154938772763494e-01 9.748648131613421031e-01 9.748648131613173451e-01 8.603154934143817378e-01
9.161198234226076709e-01 1.036699803327728597e+00 1.036689255229308770e+00 9.160732514753145983e-01
9.729922226721885448e-01 1.101789266660765598e+00 9.644166853403732809e-01 8.109879205248666789e-01
1.035846346979131916e+00 9.321618513902247827e-01 3.833787800255047395e-01 -1.314057153345490891e-01
8.735133486359928368e-01 -1.126137271152937991e-01 -5.000000000000000000e+00 -1.279854999562456963e-01
0.000000000000000000e+00 0.000000000000000000e+00 0.000000000000000000e+00 0.000000000000000000e+00
-5.000000000000000000e+00 -1.140301737627524015e-01 -1.146392198093842130e-01 -1.181495632559982356e-01
-1.168667478134559484e-01 -5.000000000000000000e+00 -1.105169894097465660e-01 -1.165332522942428006e-01
-1.138446638268618832e-01 -1.074484818010551096e-01 -1.084709068319490016e-01 -1.095458526513573005e-01
-1.080934357893858222e-01 -1.053357712140959440e-01 -1.056827877970753782e-01 -1.048821191324417895e-01
-1.065506660018922663e-01 -1.020750826884696816e-01 -1.028470871408111859e-01 -1.043817081897013416e-01
-1.043630808063870929e-01 -9.844083805807325727e-02 -1.004480767474862785e-01 -9.913703158492205569e-02
-1.022816486460555868e-01 -9.792489324827553798e-02 -9.794551157917898154e-02 -9.869288858889642413e-02
-9.483331988619747577e-02 -9.405339275459941029e-02 -9.403760324510350432e-02 -9.829510828237830733e-02
6.636262815461840825e-01 7.090879965637453264e-01 7.090711446658357620e-01 -5.000000000000000000e+00
6.636335967355579957e-01 7.569347332249947158e-01 7.569347332249951599e-01 -5.000000000000000000e+00
7.090879965637453264e-01 8.072997191842055109e-01 8.072997191842055109e-01 7.090879965637453264e-01
7.569347332249951599e-01 8.603154938781111261e-01 8.603154938781111261e-01 7.569347332249951599e-01
8.072997191842055109e-01 9.161215725032749724e-01 9.161215725032749724e-01 8.072997191842055109e-01
8.603154938781111261e-01 9.748648131612165368e-01 9.748648131613421031e-01 8.603154938781111261e-01
9.161215725032749724e-01 1.036699803327728597e+00 1.036699803327728597e+00 9.161215725032749724e-01
9.748648131613421031e-01 1.101789266659003452e+00 1.101789266660766931e+00 9.748648131613402157e-01
1.036699803327728597e+00 1.170304491221860088e+00 1.139168049904037527e+00 1.036699803326653901e+00
1.101789233008552360e+00 -5.000000000000000000e+00 1.222935905272246826e+00 7.122267831550024297e-01
7.550922395571586510e-01 1.314994252450016443e+00 -1.182031036799290613e-01 -8.281127911094604555e-02
-1.199977231281679352e-01 -5.000000000000000000e+00 -1.140658991365092884e-01 -5.000000000000000000e+00
-1.139077701912646762e-01 -1.097878185442742183e-01 -5.000000000000000000e+00 -1.177544327413283937e-01
0.000000000000000000e+00 0.000000000000000000e+00 0.000000000000000000e+00 0.000000000000000000e+00
-4.999999999999996447e+00 -1.028321908113420113e-01 -1.039468149653707402e-01 -1.027931778952315411e-01
-1.054631696356973514e-01 1.197363810796145511e+00 -1.018742128976178607e-01 -1.063364943655436962e-01
-1.028376526728285029e-01 -4.999999978476639129e+00 -9.847284263224763412e-02 -1.017577736893008206e-01
-9.973888348736835441e-02 -9.345617593641773746e-02 -9.396959578448203787e-02 -1.008598462347767150e-01
-9.598884873132051965e-02 -9.387597370994514578e-02 -9.318895789423013720e-02 -9.801219785577255927e-02
-9.052692725404219709e-02 -9.069648065679911109e-02 -9.113294183420490857e-02 -9.165990507012036770e-02
7.090879955198545748e-01 7.569347331761896447e-01 7.569347332249951599e-01 6.636314301813661665e-01
7.090879965637453264e-01 8.072997191842055109e-01 8.072997191842055109e-01 7.090879965637453264e-01
7.569347332249951599e-01 8.603154938781111261e-01 8.603154938781111261e-01 7.569347332249951599e-01
8.072997191842055109e-01 9.161215725032749724e-01 9.161215725032749724e-01 8.072997191842055109e-01
8.603154938781111261e-01 9.748648131613421031e-01 9.748648131613421031e-01 8.603154938781111261e-01
9.161215725032749724e-01 1.036699803327728597e+00 1.036699803327728597e+00 9.161215725032749724e-01
9.748648131613421031e-01 1.101789266660766931e+00 1.101789266660766931e+00 9.748648131613421031e-01
1.036699803327728597e+00 1.170304491221860088e+00 1.170304491221860088e+00 1.036699803327728597e+00
1.101789266660766931e+00 1.242425780233537003e+00 -5.000000000000000000e+00 1.101789266660766931e+00
0.000000000000000000e+00 0.000000000000000000e+00 0.000000000000000000e+00 0.000000000000000000e+00
-5.000000000000000000e+00 1.398255697513330009e+00 -5.000000000000000000e+00 1.017857767114102252e+00
0.000000000000000000e+00 0.000000000000000000e+00 0.000000000000000000e+00 0.000000000000000000e+00
-5.000000000000000000e+00 1.570808889867603808e+00 1.392255439879494627e+00 -1.129241025928141157e-01
1.336124822423640612e+00 1.659595176499990554e+00 1.306085919592333111e+00 -4.999999999999988454e+00
9.923445151771366213e-01 1.594337418292682385e+00 1.735703229848517548e+00 -1.028607175000816054e-01
1.460381080851838931e+00 1.856445800605839525e+00 -4.999999999998587796e+00 -1.008842685374265885e-01
0.000000000000000000e+00 0.000000000000000000e+00 0.000000000000000000e+00 0.000000000000000000e+00
-4.999999999825661234e+00 -9.153648221181680256e-02 -8.786188589057838949e-02 -9.327244554124371201e-02
-8.968929983927143024e-02 -8.931780763013416613e-02 -9.126178002699358860e-02 -9.279589567193839705e-02
-9.055370417039868003e-02 -8.972117431833631640e-02 -9.100532970299095303e-02 -8.684892706370506144e-02
7.569346901118703119e-01 8.072921227242326747e-01 8.072997191842055109e-01 7.090879803702155870e-01
7.569347332249951599e-01 8.603154938781111261e-01 8.603154938781111261e-01 7.569347332249951599e-01
8.072997191842055109e-01 9.161215725032749724e-01 9.161215725032749724e-01 8.072997191842055109e-01
8.603154938781111261e-01 9.748648131613421031e-01 9.748648131613421031e-01 8.603154938781111261e-01
9.161215725032749724e-01 1.036699803327728597e+00 1.036699803327728597e+00 9.161215725032749724e-01
9.748648131613421031e-01 1.101789266660766931e+00 1.101789266660766931e+00 9.748648131613421031e-01
1.036699803327728597e+00 1.170304491221860088e+00 1.170304491221860088e+00 1.036699803327728597e+00
1.101789266660766931e+00 1.242425780233537003e+00 1.242425780233537003e+00 1.101789266660766931e+00
1.170304491221860088e+00 1.318342926561618000e+00 1.318342926561618000e+00 1.170304491221860088e+00
1.242425780233537003e+00 1.398255712170124232e+00 1.398255712170124232e+00 -5.000000000000000000e+00
1.318342926553635275e+00 1.482374433863225427e+00 1.482374433863288710e+00 1.318342280427026170e+00
1.398255712170107135e+00 1.570920456698198686e+00 1.570920456694422818e+00 -5.000000000000000000e+00
1.482374372491876313e+00 1.664126796524417973e+00 1.664120394307183615e+00 1.481992555159502567e+00
1.569645978369581529e+00 1.762238733183587591e+00 1.761823462488727454e+00 1.551618369004154063e+00
1.616545790662167192e+00 1.865511815957487274e+00 1.276246789550711247e+00 1.156849664454659310e+00
6.051575096528793996e-01 1.973872418938182660e+00 -9.654009373916853931e-02 1.700341809694192907e+00
-9.526815479891148630e-02 1.860336402015228652e+00 -9.191733470837901154e-02 -4.999999998062897077e+00
-9.576797255910617090e-02 -8.689319182252047691e-02 -8.803883912599948236e-02 -8.960768349587362736e-02
-9.015031212179115683e-02 -8.404077847647206667e-02 -9.212979529234679998e-02 -9.118448786004261508e-02
-8.845351197023318401e-02 -8.790340329771742511e-02 -9.188046361510672499e-02 -8.980203759671166741e-02
8.072940336111419368e-01 8.603154938781111261e-01 8.602958276332138832e-01 7.569169955183954190e-01
8.072997191842055109e-01 9.161215725032749724e-01 9.161215725032749724e-01 8.072997191842055109e-01
8.603154938781111261e-01 9.748648131613421031e-01 9.748648131613421031e-01 8.603154938781111261e-01
9.161215725032749724e-01 1.036699803327728597e+00 1.036699803327728597e+00 9.161215725032749724e-01
9.748648131613421031e-01 1.101789266660766931e+00 1.101789266660766931e+00 9.748648131613421031e-01
1.036699803327728597e+00 1.170304491221860088e+00 1.170304491221860088e+00 1.036699803327728597e+00
1.101789266660766931e+00 -5.000000000000000000e+00 1.242425780233537003e+00 1.101789266660766931e+00
1.170304491221860088e+00 1.318342926561618000e+00 1.318342926561618000e+00 1.170304491221860088e+00
1.242425780233537003e+00 1.398255712170124232e+00 1.398255712170124232e+00 1.242425780233537003e+00
1.318342926561618000e+00 1.482374433863288710e+00 1.482374433863288710e+00 1.318342926561618000e+00
1.398255712170124232e+00 1.570920456698198686e+00 1.570920456698198686e+00 1.398255712170124232e+00
1.482374433863288710e+00 1.664126796524419749e+00 1.664126796524419749e+00 1.482374433863288710e+00
1.570920456698198686e+00 1.762238733183599804e+00 1.762238733183599804e+00 1.570920456698118528e+00
1.664126794764968054e+00 1.865514455982736797e+00 1.865514455982736131e+00 1.664126796524240781e+00
1.762238732817692721e+00 1.974225743139722988e+00 1.974224727775836019e+00 1.762146545773475736e+00
1.865511073576537671e+00 2.088658676988912610e+00 1.865433412418556092e+00 1.840815829072156129e+00
1.974223669739466169e+00 1.527756048850319015e+00 -8.787945239656327900e-02 1.704172371519099061e+00
-8.970857646769853089e-02 1.699253517994476770e-01 -8.334848004154302159e-02 -8.889145109340994277e-02
-8.725418599705071776e-02 -7.804693995208877855e-02 -8.577889517629606886e-02 -8.755831427327015470e-02
-8.299351701588554564e-02 -4.999999928255465242e+00 -8.466470920876803530e-02 -8.931588554527553070e-02
8.603154818294107553e-01 9.161213619184693790e-01 9.161215725032749724e-01 8.071623350335579428e-01
8.603154938781111261e-01 9.748648131613421031e-01 9.748648131613421031e-01 8.603154938781111261e-01
9.161215725032749724e-01 1.036699803327728597e+00 1.036699803327728597e+00 9.161215725032749724e-01
9.748648131613421031e-01 1.101789266660766931e+00 1.101789266660766931e+00 9.748648131613421031e-01
1.036699803327728597e+00 1.170304491221860088e+00 1.170304491221860088e+00 1.036699803327728597e+00
1.101789266660766931e+00 1.242425780233537003e+00 -5.000000000000000000e+00 1.101789266660766931e+00
0.000000000000000000e+00 0.000000000000000000e+00 0.000000000000000000e+00 0.000000000000000000e+00
-5.000000000000000000e+00 1.398255712170124232e+00 1.398255712170124232e+00 1.242425780233537003e+00
1.318342926561618000e+00 1.482374433863288710e+00 1.482374433863288710e+00 1.318342926561618000e+00
1.398255712170124232e+00 1.570920456698198686e+00 1.570920456698198686e+00 1.398255712170124232e+00
1.482374433863288710e+00 1.664126796524419749e+00 1.664126796524419749e+00 1.482374433863288710e+00
1.570920456698198686e+00 1.762238733183599804e+00 1.762238733183599804e+00 1.570920456698198686e+00
1.664126796524419749e+00 1.865514455982736797e+00 1.865514455982736797e+00 1.664126796524419749e+00
1.762238733183599804e+00 1.974225743139722988e+00 1.974225743139722988e+00 1.762238733183599804e+00
1.865514455982736797e+00 2.088658676989182172e+00 2.088658676989182172e+00 1.865514455982736797e+00
1.974225743082812068e+00 2.209114396830718086e+00 2.204192314219009408e+00 1.974225740892291636e+00
2.077772279062522376e+00 2.335848496816339548e+00 1.057112649034189999e+00 1.390201353410223550e+00
-8.534556513683540235e-02 2.157616410571335575e+00 -8.108227963932883309e-02 -8.711766111339061536e-02
1.324013180780934995e+00 -7.882227361874100113e-02 -4.999999760851549624e+00 -7.923213622739802564e-02
0.000000000000000000e+00 0.000000000000000000e+00 0.000000000000000000e+00 0.000000000000000000e+00
9.109958675091296421e-01 9.574255271575790038e-01 9.748648131613419920e-01 8.522241828084158310e-01
9.161215725026156109e-01 1.036699803327723712e+00 1.036699803327728597e+00 9.161215725022848755e-01
9.748648131613421031e-01 1.101789266660766931e+00 1.101789266660766931e+00 9.748648131613421031e-01
1.036699803327728597e+00 1.170304491221860088e+00 1.170304491221860088e+00 1.036699803327728597e+00
1.101789266660766931e+00 1.242425780233537003e+00 1.242425780233537003e+00 1.101789266660766931e+00
1.170304491221860088e+00 1.318342926561618000e+00 1.318342926561618000e+00 1.170304491221860088e+00
1.242425780233537003e+00 1.398255712170124232e+00 1.398255712170124232e+00 -5.000000000000000000e+00
1.318342926561618000e+00 1.482374433863288710e+00 1.482374433863288710e+00 1.318342926561618000e+00
1.398255712170124232e+00 1.570920456698198686e+00 1.570920456698198686e+00 1.398255712170124232e+00
1.482374433863288710e+00 1.664126796524419749e+00 1.664126796524419749e+00 1.482374433863288710e+00
1.570920456698198686e+00 1.762238733183599804e+00 1.762238733183599804e+00 1.570920456698198686e+00
1.664126796524419749e+00 1.865514455982736797e+00 1.865514455982736797e+00 1.664126796524419749e+00
1.762238733183599804e+00 1.974225743139722988e+00 1.974225743139722988e+00 1.762238733183599804e+00
1.865514455982736797e+00 2.088658676989182172e+00 2.088658676989182172e+00 1.865514455982736797e+00
1.974225743139722988e+00 2.209114396830718086e+00 2.209114396830718086e+00 1.974225743139722988e+00
2.088658676989182172e+00 2.335909891400755889e+00 2.335909891400747895e+00 2.088658676989180396e+00
2.209114242331449152e+00 2.469378833053426980e+00 2.208855979296892258e+00 2.202671172670700006e+00
2.313384362242757231e+00 2.335895630283946645e+00 -8.224298481824247886e-02 1.697407639768618304e-01
-7.649454485304861551e-02 1.459994149186447876e+00 -7.692593084971992290e-02 -8.256644792560079160e-02
-7.704598492363248785e-02 -7.479759851904317636e-02 -7.198532326768948553e-02 -4.996355000000000324e+00
9.517030720977370795e-01 -5.000000000000000000e+00 1.036699802729911912e+00 -1.347837778847487955e-01
9.748647120268277844e-01 1.101789255374352017e+00 1.101789266660766931e+00 9.748648131613228962e-01
1.036699803327728597e+00 1.170304491221860088e+00 1.170304491221860088e+00 1.036699803327728597e+00
1.101789266660766931e+00 1.242425780233537003e+00 1.242425780233537003e+00 1.101789266660766931e+00
1.170304491221860088e+00 1.318342926561618000e+00 1.318342926561618000e+00 1.170304491221860088e+00
1.242425780233537003e+00 1.398255712170124232e+00 1.398255712170124232e+00 1.242425780233537003e+00
1.318342926561618000e+00 1.482374433863288710e+00 1.482374433863288710e+00 1.318342926561618000e+00
1.398255712170124232e+00 1.570920456698198686e+00 1.570920456698198686e+00 1.398255712170124232e+00
1.482374433863288710e+00 1.664126796524419749e+00 1.664126796524419749e+00 1.482374433863288710e+00
1.570920456698198686e+00 1.762238733183599804e+00 1.762238733183599804e+00 1.570920456698198686e+00
1.664126796524419749e+00 1.865514455982736797e+00 1.865514455982736797e+00 1.664126796524419749e+00
1.762238733183599804e+00 1.974225743139722988e+00 1.974225743139722988e+00 1.762238733183599804e+00
1.865514455982736797e+00 2.088658676989182172e+00 2.088658676989182172e+00 1.865514455982736797e+00
1.974225743139722988e+00 2.209114396830718086e+00 2.209114396830718086e+00 1.974225743139722988e+00
2.088658676989182172e+00 2.335909891400755889e+00 2.335909891400755889e+00 2.088658676989182172e+00
2.209114396830718086e+00 2.469378833053426980e+00 2.469378833053426980e+00 2.209114396830718086e+00
2.335909891400755889e+00 2.609872455845712480e+00 2.335909883143477472e+00 2.335909840722043107e+00
2.469378833052260802e+00 2.469341981908366179e+00 2.083108048311553162e+00 2.143069831958912541e+00
2.327322269125337684e+00 2.162472061622394914e+00 6.225554466605727200e-01 -7.134356994958915288e-02
9.797806570361113909e-01 -4.999999202838499635e+00 -7.346586639231103555e-02 -7.421290665557084276e-02
0.000000000000000000e+00 0.000000000000000000e+00 0.000000000000000000e+00 0.000000000000000000e+00
-5.000000000000000000e+00 1.036681420279663257e+00 1.170304491221860088e+00 1.036699803157618671e+00
1.101789266660766931e+00 1.101789266660766931e+00 1.242425780233537003e+00 1.101789266660766931e+00
1.170304491221860088e+00 1.170304491221860088e+00 1.318342926561618000e+00 1.170304491221860088e+00
1.242425780233537003e+00 1.242425780233537003e+00 1.398255712170124232e+00 1.242425780233537003e+00
1.318342926561618000e+00 1.318342926561618000e+00 1.482374433863288710e+00 1.318342926561618000e+00
1.398255712170124232e+00 -5.000000000000000000e+00 1.570920456698198686e+00 1.398255712170124232e+00
1.482374433863288710e+00 1.664126796524419749e+00 1.664126796524419749e+00 1.482374433863288710e+00
1.570920456698198686e+00 1.762238733183599804e+00 1.762238733183599804e+00 1.570920456698198686e+00
1.664126796524419749e+00 1.865514455982736797e+00 1.865514455982736797e+00 1.664126796524419749e+00
1.762238733183599804e+00 1.974225743139722988e+00 1.974225743139722988e+00 1.762238733183599804e+00
1.865514455982736797e+00 2.088658676989182172e+00 2.088658676989182172e+00 1.865514455982736797e+00
1.974225743139722988e+00 -5.000000000000000000e+00 2.209114396830718086e+00 1.974225743139722988e+00
2.088658676989182172e+00 2.335909891400755889e+00 2.335909891400755889e+00 2.088658676989182172e+00
2.209114396830718086e+00 2.469378833053426980e+00 2.469378833053426980e+00 2.209114396830718086e+00
2.335909891400755889e+00 2.609872455845712480e+00 2.609872455845712480e+00 2.335909891400755889e+00
2.469378833053426980e+00 2.757760479837592094e+00 2.469378833046862010e+00 2.469378833053386568e+00
2.609872455845267503e+00 2.609858952860587777e+00 2.330049176756856966e+00 2.335404595844711384e+00
2.463708718715201584e+00 -4.999999760851549624e+00 -4.999997342794999966e+00 1.505316261029207903e+00
0.000000000000000000e+00 0.000000000000000000e+00 0.000000000000000000e+00 0.000000000000000000e+00
-1.215528213798006268e-01 -1.209687179438572457e-01 -1.209779923007425484e-01 -5.000000000000000000e+00
-1.245332954012968313e-01 5.916214327598132705e-01 1.101789265069573753e+00 1.078119147739282635e+00
1.036698653802150094e+00 1.170280516105426827e+00 1.170304472696935383e+00 1.170304491221860088e+00
1.101789266660554656e+00 1.242425097647174237e+00 1.242425780233537003e+00 1.242425780233151533e+00
1.170304491221859644e+00 1.318342926561618000e+00 1.318342926561618000e+00 1.318342926561618000e+00
1.242425780232186305e+00 1.398255712170124232e+00 -5.000000000000000000e+00 1.398255712165371811e+00
0.000000000000000000e+00 0.000000000000000000e+00 0.000000000000000000e+00 0.000000000000000000e+00
-5.000000000000000000e+00 1.570920456698198686e+00 1.762238733183599804e+00 1.570920456698198686e+00
1.664126796524419749e+00 1.664126796524419749e+00 1.865514455982736797e+00 1.664126796524419749e+00
1.762238733183599804e+00 1.762238733183599804e+00 1.974225743139722988e+00 1.762238733183599804e+00
1.865514455982736797e+00 -5.000000000000000000e+00 2.088658676989182172e+00 1.865514455982736797e+00
1.974225743139722988e+00 2.209114396830718086e+00 -5.000000000000000000e+00 1.974225743139722988e+00
0.000000000000000000e+00 0.000000000000000000e+00 0.000000000000000000e+00 0.000000000000000000e+00
-5.000000000000000000e+00 2.469378833053426980e+00 2.469378833053426980e+00 2.209114396830718086e+00
2.335909891400755889e+00 2.609872455845712480e+00 2.609872455845712480e+00 2.335909891400755889e+00
2.469378833053426980e+00 2.757760479837592094e+00 2.757760479837592094e+00 2.469378833053426980e+00
2.609872455845712480e+00 2.913432084039570658e+00 2.609872455845712036e+00 2.609872455845712480e+00
2.757760479837592094e+00 -4.999999978476639129e+00 -4.999999993542991739e+00 2.469183639876880942e+00
0.000000000000000000e+00 0.000000000000000000e+00 0.000000000000000000e+00 0.000000000000000000e+00
-4.549999999999999822e+00 -2.073284499999999975e-02 -1.578150000000000039e-02 -4.549999999999999822e+00
-1.206732459037574978e-01 -1.168808444356929099e-01 -1.182664771655413949e-01 -1.238536899303364081e-01
-1.209130755918176592e-01 -1.145862567357117529e-01 1.105224129936247746e+00 -1.211240924611570319e-01
2.552721229096202027e-01 -1.165855567020340905e-01 1.242425056063887201e+00 1.098819033562030700e+00
1.130461238352856723e+00 -5.000000000000000000e+00 1.318342926551345329e+00 1.135504460602858590e+00
1.235624895701026293e+00 1.242147551779877679e+00 1.398255712170124232e+00 1.242425059346333738e+00
1.318342926561591577e+00 -5.000000000000000000e+00 1.482374433863288710e+00 1.318342926561478112e+00
1.398255712170120679e+00 1.398255711862311568e+00 1.570920456698198686e+00 -5.000000000000000000e+00
1.482374433858299145e+00 1.482374433862279073e+00 1.664126796522758855e+00 1.664126796524419749e+00
1.570920456687958433e+00 1.570920456698198686e+00 1.762238733183599804e+00 1.762238733183599804e+00
1.664126796524419749e+00 1.664126796520741580e+00 -5.000000000000000000e+00 1.865514455982736797e+00
0.000000000000000000e+00 0.000000000000000000e+00 0.000000000000000000e+00 0.000000000000000000e+00
-5.000000000000000000e+00 -5.000000000000000000e+00 2.335909891400755889e+00 2.088658676989182172e+00
2.209114396830718086e+00 -5.000000000000000000e+00 2.469378833053426980e+00 -5.000000000000000000e+00
2.335909891400755889e+00 2.609872455845712480e+00 2.609872455845712480e+00 2.335909891400755889e+00
2.469378833053426980e+00 2.757760479837592094e+00 2.757760479837592094e+00 2.469378833053426980e+00
2.609872455845712480e+00 2.913432084039570658e+00 2.913432084039570658e+00 2.609872455845712480e+00
2.757760479837592094e+00 3.077296930567968936e+00 -5.000000000000000000e+00 2.757760479837592094e+00
0.000000000000000000e+00 0.000000000000000000e+00 0.000000000000000000e+00 0.000000000000000000e+00
-3.500000000000000000e+00 3.120334327389689744e+00 -2.547361075000000030e-02 -4.987849999999999895e+00
-2.613278604999999880e-02 -2.233528149999999823e-02 -2.518453525000000082e-02 -2.284749250000000023e-02
-1.165606125552932637e-01 -5.000000000000000000e+00 -1.141336606921642266e-01 -1.165953708571950548e-01
-1.167921884428490820e-01 -1.129435300007331222e-01 -1.149041628773393997e-01 -1.167586152710960445e-01
-1.167618612459470628e-01 -1.127885679916471456e-01 -5.000000000000000000e+00 -1.152170484768757913e-01
0.000000000000000000e+00 0.000000000000000000e+00 0.000000000000000000e+00 0.000000000000000000e+00
-5.000000000000000000e+00 -1.069037397785026211e-01 -5.000000000000000000e+00 1.318314336393058062e+00
0.000000000000000000e+00 0.000000000000000000e+00 0.000000000000000000e+00 0.000000000000000000e+00
-5.000000000000000000e+00 9.855733260695844766e-01 1.482374433853160811e+00 1.469529166696499356e+00
1.394265195823315207e+00 1.397194187367132745e+00 1.570920456698198686e+00 1.569846847357012853e+00
1.467338861897630409e+00 1.482374218045053649e+00 1.664126753834037853e+00 1.664126796524419749e+00
1.557446173468851613e+00 1.552408780703529168e+00 -5.000000000000000000e+00 1.762238733183585593e+00
0.000000000000000000e+00 0.000000000000000000e+00 0.000000000000000000e+00 0.000000000000000000e+00
0.000000000000000000e+00 0.000000000000000000e+00 0.000000000000000000e+00 0.000000000000000000e+00
0.000000000000000000e+00 0.000000000000000000e+00 0.000000000000000000e+00 0.000000000000000000e+00
-4.999999999999999112e+00 2.757760479836795842e+00 2.757760479837592094e+00 2.469378833053426980e+00
2.609872455845712480e+00 2.913432084039570658e+00 2.913432084039570658e+00 2.609872455845712480e+00
2.757760479837592094e+00 3.077296930567968936e+00 3.077296930567968936e+00 2.757760479837592094e+00
2.913432084039570658e+00 3.249786242703124994e+00 -5.000000000000000000e+00 2.913432084039570658e+00
0.000000000000000000e+00 0.000000000000000000e+00 0.000000000000000000e+00 0.000000000000000000e+00
-4.996355000000000324e+00 3.622477778528040204e+00 3.191021959557224008e+00 1.575722246265241822e+00
3.431139551198379323e+00 1.803855935873964533e+00 2.907171534564672921e+00 -1.786476299999999878e-02
0.000000000000000000e+00 0.000000000000000000e+00 0.000000000000000000e+00 0.000000000000000000e+00
-5.000000000000000000e+00 -1.084964247401330323e-01 -1.121215379426401954e-01 -1.159087557792679579e-01
-1.103004148428185366e-01 -1.084167979851750202e-01 -5.000000000000000000e+00 -1.148654872549108447e-01
0.000000000000000000e+00 0.000000000000000000e+00 0.000000000000000000e+00 0.000000000000000000e+00
-5.000000000000000000e+00 -1.021815120563453055e-01 6.765126400705648857e-01 -1.097692110252862785e-01
-1.039622657741469253e-01 -9.709663333269463736e-02 1.073887512359001484e+00 -4.999999999998587796e+00
-1.019258963668210338e-01 -4.999999999995292654e+00 1.420567065383432914e-01 1.362878382435433799e+00
9.334045452353130212e-01 9.568066635259602215e-01 1.482367271780851370e+00 1.010233139068671848e+00
1.350738937818188878e+00 1.208538756570104677e+00 1.301112803905266180e+00 1.570920456692973310e+00
1.149932368066036492e+00 3.951551259546130512e-01 2.145893828815017113e+00 1.379066836180230293e+00
1.952912964346013691e+00 -7.244573552988391174e-02 2.272810698708712440e+00 -5.000000000000000000e+00
7.282804003692036066e-01 -6.508622855077364489e-02 2.585220780862934387e+00 -4.999999928255465242e+00
-6.820275750539339654e-02 -6.340506648706668857e-02 2.757758846746282355e+00 -4.998906500000000364e+00
2.609629599194328797e+00 2.603138464063761148e+00 2.913432084039570658e+00 2.609867714191095978e+00
2.757760479837592094e+00 -5.000000000000000000e+00 3.077296930567968936e+00 2.757760479837592094e+00
2.913432084039570658e+00 3.249786242703124994e+00 3.249786242703124994e+00 2.913432084039570658e+00
3.077296930567968936e+00 3.431353939687499910e+00 3.431353939687499910e+00 3.077296930567968936e+00
3.249786120701364744e+00 3.622477831211829979e+00 3.622477831249999891e+00 -5.000000000000000000e+00
3.431353872443870578e+00 3.823660874999999848e+00 3.823660798383823334e+00 3.431350664535605333e+00
3.621678771987153489e+00 4.035432499998777622e+00 3.373110602994146223e+00 3.241675546504398042e+00
-9.919436158212338595e-02 -1.006660961110601576e-01 -1.065715347302473026e-01 -4.999999999999996447e+00
-1.038221244529034804e-01 -5.000000000000000000e+00 -1.044674926238104706e-01 -1.126158814870795444e-01
-1.079956303195449274e-01 -1.050984371315970278e-01 -5.000000000000000000e+00 -1.109548781636537779e-01
0.000000000000000000e+00 0.000000000000000000e+00 0.000000000000000000e+00 0.000000000000000000e+00
-5.000000000000000000e+00 -9.789526829280274789e-02 -9.879410191897536331e-02 -1.014213422099350115e-01
-9.934193414357583851e-02 -9.420758154442794574e-02 -4.999997342794999966e+00 4.642158746025623062e-01
0.000000000000000000e+00 0.000000000000000000e+00 0.000000000000000000e+00 0.000000000000000000e+00
-4.999999993542991739e+00 -8.384682501122936449e-02 -8.359735240918202137e-02 1.331495151733426585e+00
-8.542357120901997170e-02 -7.901318559507830575e-02 -7.800484764896845058e-02 1.469671153484549020e+00
6.407476043043587310e-01 -7.479019204225201278e-02 -7.376644017713780699e-02 1.129260599501426876e+00
-7.752281129555751993e-02 -6.863484355243311408e-02 -6.993979494875750269e-02 -7.402341873218928892e-02
-6.689967221595322089e-02 -6.425830143591623744e-02 -6.421442347798518580e-02 1.526717998531218923e+00
-6.881275595513311472e-02 6.157112651483919175e-01 -5.894729936551013072e-02 -6.322204020106156341e-02
-6.212380007807964677e-02 -6.524131036844860176e-02 -4.996355000000000324e+00 2.755663408169317208e+00
0.000000000000000000e+00 0.000000000000000000e+00 0.000000000000000000e+00 0.000000000000000000e+00
-5.000000000000000000e+00 -5.000000000000000000e+00 3.431353939687499910e+00 3.077296930567968936e+00
3.249786242703124994e+00 3.622477831249999891e+00 3.622477831249999891e+00 3.249786242703124994e+00
3.431353939687499910e+00 3.823660874999999848e+00 3.823660874999999848e+00 3.431353939687499910e+00
3.622477831249999891e+00 4.035432499999999756e+00 4.035432499999999756e+00 3.622477831249999891e+00
3.823660691214473939e+00 4.258350000000000080e+00 4.035432305791042396e+00 3.823660311544300860e+00
-1.025718905721378499e-01 -9.911355905735860783e-02 -4.999999999947698726e+00 -1.031050815588906294e-01
0.000000000000000000e+00 0.000000000000000000e+00 0.000000000000000000e+00 0.000000000000000000e+00
-4.999999999999999112e+00 -1.010787389202655179e-01 -1.007485138769627364e-01 -1.017178496446655839e-01
-9.866745786828547138e-02 -9.805164210450716122e-02 -9.700260902433277543e-02 -4.999999760851549624e+00
-9.777601927898162126e-02 -9.340384590458260250e-02 -9.386304064362835375e-02 -9.406857545893444750e-02
-9.649004607550017154e-02 -9.070486335278721279e-02 -8.956751330456276528e-02 -9.633438531960687723e-02
-9.361822657891599730e-02 -8.508751466967476307e-02 -8.419314183700209175e-02 -4.999991142649999887e+00
-8.971555363140472361e-02 -8.177579766879694567e-02 -8.032586744046739391e-02 -8.622290128038501145e-02
-8.499250719615250582e-02 -7.626581274764240859e-02 -7.530005987141417945e-02 -7.984459368688684444e-02
-7.981060168089859630e-02 -6.924691976673887084e-02 -6.930224952230124025e-02 -7.736732560742184961e-02
-7.316356066754585441e-02 -6.310231454451190047e-02 -6.357904966364495702e-02 -7.068318589395600204e-02
-6.455899527694178297e-02 -4.999999978476639129e+00 -5.805871934607808454e-02 -6.458128067593033039e-02
-6.356700241129299711e-02 1.325294401246154052e+00 -6.441431370636445386e-02 3.055078971749098371e-01
4.550727955552258952e-01 -4.959500000000000242e+00 -4.999901584999999926e+00 -5.975226024659882618e-02
0.000000000000000000e+00 0.000000000000000000e+00 0.000000000000000000e+00 0.000000000000000000e+00
0.000000000000000000e+00 0.000000000000000000e+00 0.000000000000000000e+00 0.000000000000000000e+00
-5.000000000000000000e+00 3.823660874999999848e+00 3.823660874999999848e+00 3.431353939687499910e+00
3.622477831249999891e+00 4.035432499999999756e+00 4.035432499999999756e+00 3.622477831249999891e+00
3.823660874999999848e+00 4.258350000000000080e+00 4.258350000000000080e+00 3.823660874999999848e+00
4.035432499999989986e+00 4.493000000000000327e+00 4.258350000000000080e+00 4.035432499998842459e+00
-9.728728708533625202e-02 -9.685867152808483316e-02 -9.576532677933215221e-02 -1.035772311323826106e-01
-9.756605634394893700e-02 -4.999997342794999966e+00 -9.679524943008539772e-02 -4.999997342794999966e+00
-1.013038002334954585e-01 -9.657307652768511164e-02 -9.696371975499878948e-02 -9.959842263581608623e-02
-9.742798556728922421e-02 -9.374691811315045975e-02 -9.349112357400693463e-02 -1.010295831659976939e-01
-9.803722613159218668e-02 -9.370989591939553331e-02 -9.172306526001854088e-02 -9.290314290275472620e-02
-9.132757476185050793e-02 -8.721080715345687351e-02 -8.631607513848693625e-02 -9.432480107454846441e-02
-8.830337330587584299e-02 -8.248643785911066728e-02 -8.060696193215015348e-02 -8.816705946081127010e-02
-8.576328458224746765e-02 -7.691450583238162997e-02 -7.664775562297940215e-02 -8.309251015768001625e-02
-7.979735191427453356e-02 -7.125183777631224902e-02 -7.072932772765601339e-02 -8.076555996794498871e-02
-7.581432655348378791e-02 -4.999999760851549624e+00 -6.411151689346220039e-02 -7.492679804510403441e-02
-7.060807059561147181e-02 -5.702588365536258308e-02 -4.996355000000000324e+00 -5.995641371205336773e-02
0.000000000000000000e+00 0.000000000000000000e+00 0.000000000000000000e+00 0.000000000000000000e+00
-4.996355000000000324e+00 1.861161984744303499e+00 -4.999671949999999754e+00 -5.565239852450500069e-02
0.000000000000000000e+00 0.000000000000000000e+00 0.000000000000000000e+00 0.000000000000000000e+00
-4.959500000000000242e+00 2.590845181418600429e+00 3.622437240979774487e+00 -4.959500000000000242e+00
3.390934963887870524e+00 3.823660861698260138e+00 3.815108525746927715e+00 -4.865000000000000213e+00
3.622477139324455919e+00 4.035409122036029750e+00 4.035432499999999756e+00 3.622477114383076735e+00
3.823660874999999848e+00 4.258349999999980540e+00 4.258350000000000080e+00 3.823660874999970538e+00
4.035432499999999756e+00 4.493000000000000327e+00 4.493000000000000327e+00 4.035432499999999756e+00
4.258350000000000080e+00 4.740000000000000213e+00 4.493000000000000327e+00 4.258350000000000080e+00
-9.653456336481082423e-02 -9.619172502800936442e-02 -4.999999978476639129e+00 -1.000602910061710316e-01
0.000000000000000000e+00 0.000000000000000000e+00 0.000000000000000000e+00 0.000000000000000000e+00
-4.999999998062897077e+00 -9.424381158699630945e-02 -9.481015151600143132e-02 -9.810980565938488829e-02
-9.803284305992535086e-02 -9.287008187225297140e-02 -9.279929446365603463e-02 -9.278578382775515276e-02
-9.031742509431493759e-02 -8.929718493668246937e-02 -8.929050371256978813e-02 -9.572237195671806642e-02
-8.601625689458063106e-02 -4.999999999984309440e+00 -8.372455941484684139e-02 -8.715601668389656720e-02
-8.088302631837940293e-02 -8.225352691714132858e-02 -7.780674875131321500e-02 -7.942929277512070230e-02
-7.919675259088879149e-02 -4.999970475499999623e+00 -7.155801724265661856e-02 -7.949706764216436794e-02
-7.503252135432768311e-02 -6.487761102729275309e-02 -4.999991142649999887e+00 -7.410030814717025183e-02
0.000000000000000000e+00 0.000000000000000000e+00 0.000000000000000000e+00 0.000000000000000000e+00
-4.999991142649999887e+00 -5.227612480511162341e-02 -4.975473338369805487e-02 -6.145527079323580277e-02
-5.463367299481917266e-02 -4.679404802519186030e-02 1.762552293993045582e+00 -4.987849999999999895e+00
-5.069634216067332722e-02 -4.583399256236859315e-02 2.926260063412696955e+00 5.447135230372409653e-01
2.430498045980199695e+00 6.108154029606085306e-02 3.197551661460016792e+00 -4.549999999999999822e+00
-3.503610080659195353e-02 -3.187792336854999853e-02 2.667285330894001660e+00 3.431231183435376142e+00
3.219322584031209633e+00 1.953546974605399278e+00 4.035432499794033845e+00 -2.479884924999999768e-02
3.823585823051979915e+00 3.823475209753420145e+00 4.258349999999996527e+00 3.814152069351833152e+00
4.035415474234255839e+00 -4.999999760851549624e+00 4.493000000000000327e+00 4.035432499626885772e+00
4.258350000000000080e+00 4.739999999999986002e+00 4.740000000000000213e+00 4.258350000000000080e+00
4.493000000000000327e+00 5.000000000000000000e+00 4.740000000000000213e+00 4.493000000000000327e+00
-9.642243729395259810e-02 -9.821382205482094563e-02 -9.438036993064428948e-02 -9.686226166838236840e-02
-9.204182314693241940e-02 -9.205302864017178566e-02 -9.361313956067868203e-02 -4.999991142649999887e+00
-9.216992747821982357e-02 -9.076639031136608804e-02 -8.999257760309435639e-02 -9.463238544964920618e-02
-9.060150443777174878e-02 -9.261894538271904509e-02 -9.171743501660899189e-02 -9.514805562395688143e-02
-8.903559883728687230e-02 -9.225616099662563296e-02 -4.999999202838499635e+00 -9.143105967916741184e-02
0.000000000000000000e+00 0.000000000000000000e+00 0.000000000000000000e+00 0.000000000000000000e+00
-4.999991142649999887e+00 -8.134343137782683308e-02 -4.999970475499999623e+00 -7.810874945807935732e-02
0.000000000000000000e+00 0.000000000000000000e+00 0.000000000000000000e+00 0.000000000000000000e+00
-4.999991142649999887e+00 -6.238710307181876552e-02 -5.969692353991593731e-02 -7.037599732061859681e-02
-6.418578284573875359e-02 -5.748161174878391871e-02 -5.451294208416056220e-02 -4.999671949999999754e+00
-5.893163666969788300e-02 -4.745846479766582804e-02 -5.188209301144965091e-02 -4.848364399861589819e-02
-5.476217695694191034e-02 -4.648318811400558442e-02 -4.750161606388462326e-02 -4.927546801851465791e-02
-4.830744039517936156e-02 -4.374639417916043049e-02 7.815726728724788908e-01 -4.406080028933079262e-02
-4.687192748420955513e-02 6.053955601195955272e-02 -3.369951248173305713e-02 2.304867843466892996e+00
-3.885466472164655211e-02 -3.776283631610875130e-02 2.506170727749615912e-01 -3.119393933852039613e-02
1.487236498325863188e-01 2.505925833992115881e-01 3.515631774143082033e+00 -2.764981563749999843e-02
1.885204993368935211e-01 3.561610625980783151e+00 -4.959500000000000242e+00 4.035431664857639156e+00
0.000000000000000000e+00 0.000000000000000000e+00 0.000000000000000000e+00 0.000000000000000000e+00
-4.999901584999999926e+00 4.712305241787497323e+00 4.999999999999996447e+00 4.489716106504999971e+00
0.000000000000000000e+00 0.000000000000000000e+00 0.000000000000000000e+00 0.000000000000000000e+00
