-3.533056790660484392e+00 -3.618142233503000238e+00 -3.005265887207682063e+00 -3.508369473335617883e+00
-3.379317489133517149e+00 -3.450309110692587833e+00 -2.829248343733778981e+00 -3.169444593998862025e+00
-3.115350068990167642e+00 -3.265780968975168008e+00 -2.660739984305897643e+00 -2.958600917050181245e+00
-3.088676653860907617e+00 -3.014092088893236543e+00 -2.367082189880851395e+00 -2.747971012710751282e+00
-2.787782312580922905e+00 -2.475709748336461846e+00 -2.225775398286633067e+00 -2.644237412461766468e+00
-2.528820384472653782e+00 -2.354626091908392560e+00 -2.080863647980109477e+00 -2.326601166279117283e+00
-2.479061754187520172e+00 -1.915100654625571108e+00 -2.085826130857216132e+00 -2.153963294982362608e+00
-2.470665962336895838e+00 -1.730612810446470862e+00 -2.189256746073813709e+00 -2.440631975474957915e+00
-3.593497173236267717e+00 -3.528867416461229922e+00 -3.612492387498272173e+00 -3.624319627135036193e+00
-3.612072043772988739e+00 -3.608106049566009776e+00 -3.433724542840904004e+00 -3.192793395779115695e+00
-3.489871450900113192e+00 -3.612488801728210408e+00 -3.480111212471119764e+00 -2.903847824483767326e+00
-3.324926494494795381e+00 -4.999999445589510039e+00 -2.797639184800340573e+00 -3.062258491072930688e+00
-3.321537411382026406e+00 -3.184203930932517856e+00 -2.184515432296096016e+00 -2.812739629297919208e+00
-2.871693329673172812e+00 -2.594040448286848655e+00 -1.925424785423851537e+00 -2.534093366158721050e+00
-2.339081411156563650e+00 -1.775246734845355334e+00 -1.722715584574577408e+00 -2.230443613371014155e+00
-2.091575821335377228e+00 -1.382474160889693771e+00 -1.809732932579776854e+00 -2.002054521500397755e+00
-3.564048463314843485e+00 -3.306800621269156526e+00 -3.634011327808675418e+00 -3.617011255285583982e+00
-3.516551355430217463e+00 -3.465190177351944456e+00 -3.754010427574249853e+00 -3.540799809568099032e+00
-3.494684579233400257e+00 -3.378315638584833636e+00 -4.999975390595809088e+00 -3.460238309256925771e+00
0.000000000000000000e+00 0.000000000000000000e+00 0.000000000000000000e+00 0.000000000000000000e+00
-4.996867106258910951e+00 -3.182660925289423126e+00 -3.184822815136956642e+00 -2.793133449973736138e+00
-3.183865401947666207e+00 -4.999354964960915026e+00 -1.934731650336183328e+00 -2.795470569957545059e+00
-2.763345907541293833e+00 -1.782291199022038031e+00 -1.424453158108577977e+00 -2.196539353133356354e+00
-1.788386168236730800e+00 -1.082531277487444710e+00 -1.539088354591224839e+00 -1.682476112071977337e+00
-3.327048861519173784e+00 -3.105381472239020724e+00 -3.485784911969250555e+00 -3.505702829759683503e+00
-3.296403704348977115e+00 -3.509825687666582095e+00 -3.449124817169937351e+00 -3.562323727247675542e+00
-3.469627568714988008e+00 -3.649695492866058544e+00 -3.240670752872495619e+00 -3.603104195580197011e+00
-3.004356357447864667e+00 -4.908759981842996112e+00 -2.935197582778029002e+00 -4.908759981842996112e+00
-2.953015534762157390e+00 -2.770963290905974485e+00 -4.940137424087190254e+00 -2.901624230126472082e+00
0.000000000000000000e+00 0.000000000000000000e+00 0.000000000000000000e+00 0.000000000000000000e+00
-4.999817823052897126e+00 -2.200415755002289586e+00 -1.330335740677468959e+00 -2.416546262033018699e+00
-1.903091698555397615e+00 -7.947808825922763054e-01 -1.227459205069004744e+00 -1.507784615541379658e+00
-3.129942191330566725e+00 -2.896857930689250793e+00 -3.484302923527840434e+00 -3.349535258021593798e+00
-3.288915553564720984e+00 -4.997944508416471088e+00 -3.604099995027345127e+00 -3.440562117699870637e+00
-3.290195121514792209e+00 -4.933486026763544530e+00 -4.898622202047773655e+00 -3.272322042055956004e+00
0.000000000000000000e+00 0.000000000000000000e+00 0.000000000000000000e+00 0.000000000000000000e+00
-4.898622202047773655e+00 -2.215301291982282983e+00 -2.391150815162937260e+00 -2.422645594063598029e+00
-2.204483777052429261e+00 -1.415805700051223415e+00 -2.095929795666489959e+00 -4.926095585292826762e+00
-2.006818804122084909e+00 -4.998786252774841898e+00 -1.006939325261444695e+00 -2.255122552082933218e+00
-1.849787170836142414e+00 -6.989489549378850863e-02 -1.013703842506007424e+00 -1.498689396656875061e+00
-2.830477522624530451e+00 -2.623056593309270212e+00 -4.998786252774841898e+00 -3.146444712589031134e+00
0.000000000000000000e+00 0.000000000000000000e+00 0.000000000000000000e+00 0.000000000000000000e+00
0.000000000000000000e+00 0.000000000000000000e+00 0.000000000000000000e+00 0.000000000000000000e+00
-4.556853094017375483e+00 -1.488602483408950183e+00 -1.396270525273135554e+00 -2.342795000000000183e+00
-1.794816858664747050e+00 -4.249526823515004104e+00 -1.556253537670863496e+00 -2.167919574242864744e+00
-1.877273997428173580e+00 -6.333154668728087078e-01 -4.324574141163504137e+00 -1.851008549806076209e+00
0.000000000000000000e+00 0.000000000000000000e+00 0.000000000000000000e+00 0.000000000000000000e+00
-4.999999997142692720e+00 4.852750355660773174e-01 -8.737786740859876389e-01 -1.055012385506645778e+00
-3.071464312089156046e+00 -2.714081882588661010e+00 -4.990016609444920093e+00 -2.709915988902955597e+00
0.000000000000000000e+00 0.000000000000000000e+00 0.000000000000000000e+00 0.000000000000000000e+00
-4.249526823515004104e+00 -1.939189870687243022e+00 -1.894946172610322499e+00 -4.073489905574079195e+00
-2.003849436988292876e+00 -3.062897555000000160e+00 -3.062897555000000160e+00 -1.781740113049369523e+00
0.000000000000000000e+00 0.000000000000000000e+00 0.000000000000000000e+00 0.000000000000000000e+00
-3.587852317594999896e+00 -3.243861719343396621e-02 -4.073489905574079195e+00 -8.569031169899062883e-01
0.000000000000000000e+00 0.000000000000000000e+00 0.000000000000000000e+00 0.000000000000000000e+00
-4.999998409966243784e+00 9.999999999999995559e-01 -1.899161158998357024e-01 -8.895213908876931086e-01
-2.739072920723531812e+00 -2.743209230242529273e+00 -2.674722264638938807e+00 -2.745939795276111983e+00
-2.578477947414913096e+00 -2.530359281505375701e+00 -2.385029417472366298e+00 -4.845484228086837319e+00
-2.350907208440715213e+00 -2.485905211855341967e+00 -4.641051006154073733e+00 -2.479228816247062372e+00
0.000000000000000000e+00 0.000000000000000000e+00 0.000000000000000000e+00 0.000000000000000000e+00
-9.499999999999999556e-01 -7.172123114124226428e-02 -4.527679491069677709e-03 -1.719500000000000028e+00
-2.683309421677458340e-01 4.615282517113572514e-03 5.314418142170782566e-01 -5.204564528762424258e-01
-6.211362319201037263e-02 1.381998619209923174e-01 9.774716004550607629e-01 -1.719500000000000028e+00
0.000000000000000000e+00 0.000000000000000000e+00 0.000000000000000000e+00 0.000000000000000000e+00
