-1.637048015000514608e-03 1.037901674275696351e-01 1.031250311769240785e-01 -1.404004216053908417e-03
-1.560486462533645750e-03 -5.000000000000000000e+00 2.140069375284261444e-01 2.849578325293916983e-02
2.854252923175027920e-02 4.014942469914654644e-01 2.708963600700537572e-02 1.352810146181722684e-01
1.345868540254077372e-01 -4.999999978476639129e+00 2.279280012089431734e-02 9.052181351894991734e-03
3.563454733379019246e-02 2.147849100040268577e-01 -5.000000000000000000e+00 -4.627414574475152177e-03
0.000000000000000000e+00 0.000000000000000000e+00 0.000000000000000000e+00 0.000000000000000000e+00
-4.865000000000000213e+00 5.438948006799999568e-01 -4.999901584999999926e+00 2.016562507832432294e-01
0.000000000000000000e+00 0.000000000000000000e+00 0.000000000000000000e+00 0.000000000000000000e+00
1.378752256634838691e-01 -4.999999999418869301e+00 3.637612252850527250e-01 7.186462630379705785e-02
1.283320815656682490e-01 -9.975699999999999845e-02 4.994139039714999839e-01 -4.999997342794999966e+00
3.503243999426866595e-01 7.638703699900000199e-01 -4.865000000000000213e+00 1.656624230799999542e-01
0.000000000000000000e+00 0.000000000000000000e+00 0.000000000000000000e+00 0.000000000000000000e+00
0.000000000000000000e+00 0.000000000000000000e+00 0.000000000000000000e+00 0.000000000000000000e+00
-4.549999999999999822e+00 4.186450353801360325e-02 6.956949999999999523e-01 1.997962459218249609e-01
3.005238349330490166e-01 7.583075499999999414e-01 9.099999999999999201e-01 6.187902566734000409e-01
0.000000000000000000e+00 0.000000000000000000e+00 0.000000000000000000e+00 0.000000000000000000e+00
