5.755898272337851840e-02 7.111470706441624934e-02 7.111501717018241242e-02 5.755861492270120117e-02
5.755888773381213908e-02 8.538428774760509210e-02 8.538378777850827439e-02 7.111493375082122981e-02
7.111057638747542153e-02 1.004054772687774794e-01 1.003927029352408573e-01 8.537534531940502158e-02
8.536210363432979176e-02 1.162106213000909383e-01 1.162146669968119606e-01 1.003961010753614408e-01
1.003955118393422968e-01 1.328585699597508996e-01 1.328347714262756440e-01 1.162051517498456643e-01
1.161963870411098498e-01 1.503545450840973741e-01 -5.000000000000000000e+00 1.327057708596786900e-01
0.000000000000000000e+00 0.000000000000000000e+00 0.000000000000000000e+00 0.000000000000000000e+00
-5.000000000000000000e+00 -2.045901735826587478e-02 -7.582209648071440433e-02 -5.192079236798064629e-02
-6.042076225080654506e-02 -9.544370481423357366e-02 -9.425002884105987411e-02 -7.641458993629256236e-02
-9.765772316569945599e-02 -8.993498811893212153e-02 -9.058277031347101993e-02 -9.305379241351822983e-02
-9.478600165589720628e-02 -8.715830381796678406e-02 -8.558906142267316830e-02 -9.092431086258888351e-02
-9.099547379139678871e-02 -7.960025920385996323e-02 -8.107199397141995334e-02 -8.440393338291181380e-02
-8.526371063126414462e-02 -7.955300733835016236e-02 -7.978821856963874692e-02 -8.184917373183506206e-02
-8.276561695116761708e-02 -7.629151627743871456e-02 -7.421068437438112231e-02 -7.806165243311515012e-02
-7.798063995033419071e-02 -7.159077614389885991e-02 -6.866440700088148608e-02 -6.828657076180864871e-02
-7.178607183905340305e-02 -6.788208105978202345e-02 -6.796438416000961935e-02 -6.855191516933281659e-02
7.111464730855371341e-02 8.538500855205694018e-02 8.538388259493037702e-02 5.755906138254021642e-02
7.111298282921008074e-02 1.004064086754149765e-01 1.004044246390728284e-01 7.111495592623533202e-02
8.538355444745157619e-02 1.162172848108116441e-01 1.162129655870181300e-01 8.538320586210897123e-02
1.004040237465607804e-01 1.328562975670114776e-01 1.328545117950176713e-01 1.003998139285053465e-01
1.162101224791542847e-01 1.503790114174265447e-01 1.503553483947688840e-01 1.162059658335204693e-01
1.328378570109248480e-01 1.687974239691181488e-01 1.687696325534249475e-01 1.328272070873972310e-01
1.495579062761294431e-01 1.882094793755373918e-01 1.695086867571864997e-01 -5.000000000000000000e+00
6.724523624097511476e-02 1.969129375337178578e-01 -9.610910228536270750e-02 -3.042120765486218750e-02
-1.004253880138366306e-01 -5.000000000000000000e+00 -9.218735927310157952e-02 -9.623522197059837524e-02
-8.821401593427008470e-02 -5.000000000000000000e+00 -8.714786178590142041e-02 -9.479764497052246830e-02
-9.048508863744719743e-02 -8.286385793118652976e-02 -8.272249701611752992e-02 -9.074240005555160582e-02
-8.681194067681775872e-02 -7.688537023074763777e-02 -7.923894014753327109e-02 -8.385075449596973707e-02
-7.690389958760009137e-02 -7.556190678148830275e-02 -7.598447627066735877e-02 -8.271644633756328191e-02
-7.589706479179667009e-02 -7.118955916983678300e-02 -7.201417386967964851e-02 -7.749228668303084766e-02
-7.352272379098268029e-02 -6.636402926841797334e-02 -6.847904538195798141e-02 -6.837305394432346972e-02
-7.184673553723817940e-02 -6.481831586988150151e-02 -7.150253579238094459e-02 -7.181301504203459196e-02
8.538445796042408442e-02 1.003992221833773929e-01 1.004061158603327120e-01 7.111322087400416547e-02
8.538074815505242166e-02 1.162173982325603039e-01 1.162176198419373613e-01 8.538491099187485445e-02
1.004061630385476162e-01 1.328606735620332657e-01 1.328592886836889864e-01 1.004051329995484104e-01
1.162168827019054024e-01 -5.000000000000000000e+00 1.503792202498714092e-01 1.162083301790489132e-01
1.328571710858912902e-01 1.688216952043990471e-01 1.688164453999592418e-01 1.328539319711428135e-01
1.503694785961824099e-01 1.882324863791471625e-01 1.882112471167912693e-01 1.503496154335733637e-01
1.688118718398880502e-01 2.086627028695146047e-01 2.073086958629585808e-01 1.685130101779395151e-01
1.874888574738865499e-01 2.296717931952077518e-01 -5.000000000000000000e+00 1.216563439787651663e-01
0.000000000000000000e+00 0.000000000000000000e+00 0.000000000000000000e+00 0.000000000000000000e+00
0.000000000000000000e+00 0.000000000000000000e+00 0.000000000000000000e+00 0.000000000000000000e+00
-4.999999999995292654e+00 -7.955333744979668775e-02 -7.722548017843494650e-02 -8.373587129533315021e-02
-8.285823025677394038e-02 -7.558655646843924492e-02 -7.091200286636832606e-02 -7.824260089447489241e-02
-7.200296913500549290e-02 -7.089892958217146324e-02 -7.137823118082925467e-02 -7.675311375392138147e-02
-7.383339941354763458e-02 -6.488196737524176694e-02 -6.625986467645886280e-02 -7.115616331624177726e-02
-7.078165373249017955e-02 -5.997671296741994423e-02 -6.963444004600161108e-02 -7.158532160689694279e-02
-6.671479217997700051e-02 -6.405467332278039216e-02 -6.660241970341090889e-02 -7.048289474346799977e-02
1.003975332365558831e-01 1.162089916433583642e-01 1.162125933430256108e-01 8.538155546950998431e-02
1.003989558362962942e-01 1.328439652684986483e-01 1.328606637554755887e-01 1.004049934438580732e-01
1.162171355519319993e-01 1.503796570612693229e-01 -5.000000000000000000e+00 1.162175091638825847e-01
0.000000000000000000e+00 0.000000000000000000e+00 0.000000000000000000e+00 0.000000000000000000e+00
-5.000000000000000000e+00 1.882320878991717572e-01 1.882338453128227507e-01 1.503769431686181324e-01
1.688030570558788357e-01 2.086673731373687168e-01 2.086656524075327923e-01 1.688053418987598420e-01
1.882317331660282866e-01 2.301753251921615229e-01 2.298539176378547044e-01 1.882256358763835791e-01
2.086458306696521436e-01 2.525479970680608588e-01 2.512931856506833150e-01 2.063337008601129341e-01
2.220192929935350390e-01 2.760223306068814164e-01 1.860092839276915599e-01 -5.000000000000000000e+00
2.281000721258024666e-01 -5.000000000000000000e+00 -7.982873260918292579e-02 -5.000000000000000000e+00
-8.509264028710887551e-02 -7.577842827427835881e-02 -7.521580213086066780e-02 -8.035000770522418567e-02
-8.067911308661340763e-02 -7.085555283518391034e-02 -5.686269989938413233e-02 -7.721382828908859852e-02
-6.880218861569456501e-02 -4.305398276619720743e-02 -6.457220031700726393e-02 -7.515313596872418012e-02
-6.927810434382795923e-02 -5.803449010878230369e-02 -5.992497981184122940e-02 -7.115526056444877734e-02
-6.511194258437812132e-02 -5.862213355103215728e-02 -6.418209387986131831e-02 -6.692238203528129425e-02
-5.996523246322524314e-02 -5.961313463690783715e-02 -6.325428234309278530e-02 -6.837133862181625499e-02
1.162084968964788301e-01 1.327876112704016176e-01 1.328531021807372592e-01 1.003976132827108375e-01
1.162048655527529728e-01 1.503437616680908528e-01 1.503765374768668561e-01 1.161958992175923522e-01
1.328472995172189641e-01 1.688125585677953400e-01 1.688214322900437048e-01 1.328606258216452618e-01
1.503790554803789148e-01 1.882205372874514449e-01 1.882334205758893209e-01 -5.000000000000000000e+00
1.688184444044569521e-01 2.086596384192162534e-01 2.086673379551409468e-01 1.688199428934443747e-01
1.882317129161093228e-01 2.301772224997980509e-01 2.301738080850223578e-01 1.882334843689136838e-01
2.086647910257912741e-01 2.528133130479187640e-01 2.528191761932422343e-01 2.086596907308827797e-01
2.301761252270473346e-01 2.766527225701130854e-01 2.766215043707603849e-01 2.285430089909191165e-01
2.525068432168907084e-01 3.017316992173583734e-01 -5.000000000000000000e+00 2.448725794664022570e-01
0.000000000000000000e+00 0.000000000000000000e+00 0.000000000000000000e+00 0.000000000000000000e+00
-4.999999760851549624e+00 -7.035346273944782791e-02 -7.074394277813872423e-02 -7.663959691534802388e-02
-6.934241092252220462e-02 -4.999999999947698726e+00 -6.523590475516535814e-02 -7.258757713576166615e-02
-7.143711716609393858e-02 -1.574425989911191343e-02 -5.931632461006572377e-02 -6.724859628556130453e-02
-6.435018806086803544e-02 -5.622216819414405098e-02 -2.839460859832226847e-02 -6.493670120068055496e-02
-5.920011878525624494e-02 -5.747070411210093710e-03 -5.924666922879928688e-02 -5.983418253798297726e-02
-5.859169908856100284e-02 -5.331322490505410044e-02 -5.993709242115279057e-02 -6.298630725044898626e-02
1.326492037780084288e-01 -5.000000000000000000e+00 1.503281352474117039e-01 1.160583267035368155e-01
1.327620298595464932e-01 1.686243593846053213e-01 1.687943970847226860e-01 1.328487234118356786e-01
1.503521974955591423e-01 1.882015373772134015e-01 1.882238258844141365e-01 1.503769593768574941e-01
1.687647448953612794e-01 2.085764778791154295e-01 2.086609932876918871e-01 1.688140084501600913e-01
1.881912109204139094e-01 2.301709214345193377e-01 2.301762215782775511e-01 1.882268016199101224e-01
2.086662861198159413e-01 2.528171319817392182e-01 2.528198065373250536e-01 2.086669861127513070e-01
2.301731744280358094e-01 2.766529909299304535e-01 2.766503940815485119e-01 2.301774257132611079e-01
2.528123193429285265e-01 3.017397828172622698e-01 3.017317240260249944e-01 2.528173266002999298e-01
2.765495593183285306e-01 3.281445085790193339e-01 -5.000000000000000000e+00 2.766285359478733441e-01
0.000000000000000000e+00 0.000000000000000000e+00 0.000000000000000000e+00 0.000000000000000000e+00
-4.999671949999999754e+00 2.435045384264646895e-01 -4.999999202838499635e+00 -7.113091514299604845e-02
0.000000000000000000e+00 0.000000000000000000e+00 0.000000000000000000e+00 0.000000000000000000e+00
-4.999999998062897077e+00 -5.628440942376862488e-02 1.582314628882199870e-01 -5.994853321588905493e-02
-5.994642581578157187e-02 3.498350312253410976e-01 2.377814133970862845e-02 -6.177498364024183036e-02
-1.171306189451333524e-02 3.873585110422046451e-01 -5.059319552073616999e-02 -5.157155328168367553e-02
1.377009249689548076e-01 2.061664857853095500e-01 -4.567317044895609357e-02 -5.750212719524833149e-02
0.000000000000000000e+00 0.000000000000000000e+00 0.000000000000000000e+00 0.000000000000000000e+00
-5.000000000000000000e+00 1.880857704977358935e-01 1.873144514144992612e-01 1.503142460687872661e-01
1.684991200923970089e-01 2.084904241596127750e-01 2.086381146699338440e-01 1.686886511285430323e-01
1.881656386352606181e-01 2.299042670335884331e-01 2.301719160294880273e-01 1.881684922759300493e-01
2.086344514243694825e-01 2.527862077758847859e-01 2.528185467057397773e-01 2.086457298121293102e-01
2.301681338794414888e-01 2.766459268722017972e-01 2.766525833671742429e-01 2.301732907943915551e-01
2.528182987270279347e-01 3.017401750933235705e-01 3.017389217288891645e-01 2.528194284393353031e-01
2.766494773024961162e-01 3.281471977618821700e-01 3.281438698719131852e-01 2.766512063661795140e-01
3.013207991560382104e-01 3.559450502142070261e-01 3.554628574699740806e-01 3.017351492068288121e-01
3.276994222110398147e-01 3.849099372245589623e-01 3.827524787464488543e-01 -5.000000000000000000e+00
1.911789973575771517e-01 4.157275156995320353e-01 3.334832663051881529e-01 1.948133282624461837e-01
-5.901646630536431376e-02 3.772763780732516503e-01 2.621989274762299704e-01 -4.999999999825661234e+00
7.717496512360803862e-02 3.095513849707650089e-01 3.778998358314262784e-01 -6.153773889456694290e-02
2.165720153124001679e-01 4.541672363280532809e-01 2.665666259152245643e-01 1.557441484405340804e-01
-1.698915337408657411e-02 5.093377143716705246e-01 -4.813354314647975279e-02 -5.196811257269021156e-02
-4.546170543257210817e-02 3.415795736173410369e-01 -4.617370959589869872e-02 1.157441061328123577e-01
1.009380338588981851e-01 7.469152143154836332e-02 1.874755120563423583e-01 -5.000000000000000000e+00
1.655426344477513023e-01 1.682727715542221558e-01 2.085414305738828300e-01 1.650895937895378307e-01
1.880548730500526122e-01 2.277356388849084978e-01 2.301248133225301251e-01 1.877101078123472599e-01
2.082552992979487816e-01 2.523351416256592317e-01 2.528079425244357248e-01 2.081399154871946544e-01
2.301415902982682504e-01 2.765417671120989906e-01 2.766448004089273049e-01 2.300989985499051482e-01
2.528031646180840530e-01 3.017306842041221904e-01 3.017404200918246127e-01 2.528141758312635323e-01
2.766512231406446642e-01 3.281476459524239053e-01 3.281480808577914576e-01 2.766525625280907286e-01
3.017406335111734728e-01 3.559459794359304263e-01 3.559408442042248932e-01 3.017381816684259199e-01
3.281453453582454660e-01 3.852080143038155713e-01 3.851851396872353894e-01 3.281315791367489521e-01
3.559390947106822467e-01 4.159796328053885217e-01 4.159931167308723032e-01 3.544065204617619647e-01
3.851298824883870875e-01 4.484183068187426180e-01 4.398458241616619024e-01 3.844557086363854514e-01
4.159167150861003970e-01 4.818340247788699404e-01 4.313115351123922858e-01 1.717145410340732009e-02
3.791652509073623056e-01 4.736589506009407646e-01 4.769752767866138332e-01 2.670688652673637864e-01
4.058282726738617341e-01 5.357547879071622443e-01 4.322079408778962684e-01 3.935263743772153822e-01
4.371579738362694201e-01 5.575411674227075398e-01 4.507590868956004582e-01 4.900862983783067783e-02
5.036342973588853189e-01 3.511837612897614203e-01 4.502720442843670678e-01 9.167299922604721374e-02
3.186546653765248704e-03 -9.492310131199627188e-02 1.214056207791311681e-01 -1.019303323863982730e-01
-4.589094029718079892e-02 2.322855657780691085e-02 1.275041714870145948e-01 1.879025129957996587e-01
9.363982740502149738e-02 -5.000000000000000000e+00 2.505132057965514525e-01 2.001482198685732294e-01
1.924009494512880780e-01 2.691749851499647406e-01 2.765212455250630197e-01 2.290737232861906336e-01
2.522888470423800267e-01 3.013246628170862529e-01 3.017188933759793468e-01 2.519664165939071721e-01
2.766053099852642805e-01 3.281333780730299465e-01 3.281445714157510962e-01 2.766454427285544027e-01
3.017368495735521239e-01 3.559449188365164662e-01 3.559339530148872832e-01 3.017401457611376681e-01
3.281467531828350936e-01 3.852043399534710866e-01 3.852077116508990651e-01 3.281454746885621998e-01
3.559431700345189187e-01 4.160033364543131995e-01 4.160090587017604702e-01 3.559460545800264275e-01
3.852017973847444710e-01 4.484307806931993046e-01 4.484195701870645201e-01 3.851887512760774901e-01
4.160057062675270312e-01 4.825470996299185411e-01 4.820214160896209021e-01 4.159844683486620398e-01
4.484081704838015492e-01 5.184532275424761361e-01 5.134777525767011408e-01 4.426971720659919618e-01
4.639382388560469583e-01 5.561586322547025230e-01 5.148555174758845387e-01 1.367053481614935173e-01
4.360794366372607866e-01 5.723318075611861788e-01 5.794312861986096186e-01 3.938552121416903917e-01
5.306897158251314695e-01 6.211602212065696627e-01 3.467256260771198750e-01 4.453054967161343969e-01
3.834891553152512955e-01 -4.998906500000000364e+00 2.386561169840145658e-01 4.200596141018811402e-01
-9.484221571453951838e-02 -9.064571682661004548e-02 2.330567088881996263e-02 -9.727876949822485131e-02
-9.458003022873015531e-02 -8.845130924776271886e-02 -5.000000000000000000e+00 8.787018049852515778e-02
0.000000000000000000e+00 0.000000000000000000e+00 0.000000000000000000e+00 0.000000000000000000e+00
-5.000000000000000000e+00 2.996258699332078890e-01 2.637702055038098070e-01 2.453052150182355728e-01
2.630031513546983724e-01 3.250117162329269616e-01 3.281155415290033517e-01 2.764420224322786113e-01
3.016098606504117319e-01 3.558440059913128284e-01 3.559412657070400998e-01 3.017204135449224611e-01
3.281339828988995011e-01 3.851712378284681826e-01 3.852058024327948971e-01 3.281424696358558601e-01
3.559354122168998380e-01 4.159988446262222750e-01 4.160065419524218155e-01 3.559441941026375011e-01
3.852058518337222459e-01 4.484166562625260810e-01 4.484304132638697871e-01 3.852026983503130664e-01
4.160071744890341816e-01 4.825594433497173985e-01 4.825568288330643885e-01 4.160066118650779243e-01
4.484248828639709750e-01 5.184829471062406547e-01 5.184672051336914889e-01 4.484177531268747630e-01
4.825353232613333043e-01 5.562954056562467997e-01 5.543910475409568051e-01 4.618503480643574299e-01
5.179181997467257048e-01 5.960972166057284527e-01 4.982918579043127405e-01 5.161901310058366610e-01
5.351262346436775896e-01 5.491884857756894611e-01 6.212153327092084787e-01 3.106047987313375058e-01
1.933901275449416701e-01 6.786542083469299103e-01 -4.999999760851549624e+00 5.478864707520865185e-01
0.000000000000000000e+00 0.000000000000000000e+00 0.000000000000000000e+00 0.000000000000000000e+00
-8.985647718137640405e-02 -8.605059487005531360e-02 -8.839038708743615635e-02 -9.292177372635244958e-02
-8.465974450020861963e-02 -8.265943941126596695e-02 2.049141288031440522e-02 -9.397734018765846464e-02
-8.832370853194099203e-02 7.928783468614672425e-02 1.817804492668326222e-01 -5.000000000000000000e+00
-8.791985353261080882e-02 1.394474486792481316e-01 3.271645931861188461e-01 2.553338578673299275e-01
2.948994162461532897e-01 3.557794228277261217e-01 3.440816979365191042e-01 2.917301761577398289e-01
3.260760940597244861e-01 2.476105105302376375e-01 3.851997053417229311e-01 3.271020466132404936e-01
3.559111254082578668e-01 4.159835702968495696e-01 4.160016181916548761e-01 3.559301578718345183e-01
3.851339471193468977e-01 4.483522749635481253e-01 4.484305030909569445e-01 3.851894114242611078e-01
4.158478786945418171e-01 4.825544269810679854e-01 4.825593368036978914e-01 4.160051254433174694e-01
4.484290857608739245e-01 5.184833889743368784e-01 5.184838495227651611e-01 4.484302745653374056e-01
4.825574790733602182e-01 5.562988692276952252e-01 5.562838360551443095e-01 4.825473414465913380e-01
5.184757384706211170e-01 5.961031596122576826e-01 5.960982577000133453e-01 5.181698086916822765e-01
5.548961140141360771e-01 6.380043758745722604e-01 6.378102166810012408e-01 5.548749896652341862e-01
5.955473160564221935e-01 6.821096029961308815e-01 6.753034119129246449e-01 1.932881795622952148e-01
6.353927576628324303e-01 7.282611843743038715e-01 7.040739901029191561e-01 6.224933501176128647e-01
6.654435330515927616e-01 7.732861970836694132e-01 6.225207756482954435e-01 -4.987849999999999895e+00
-8.457200197597765368e-02 -8.124186092009634541e-02 -8.188681164615534136e-02 -8.960037145082799803e-02
-8.558155624270237516e-02 -7.749058743544866290e-02 1.240105053142101510e-02 -8.832086368913276420e-02
-2.368066444576172325e-02 1.109901430991422910e-01 -7.866650241097562779e-02 -6.040978444220329591e-03
-8.044687935784707034e-02 2.272589743183560107e-01 2.265222278474770534e-01 9.643680793313277877e-02
1.542333150890159987e-01 2.865831464651108496e-01 3.851708875855034409e-01 3.256747543482708673e-01
3.440864024008843391e-01 3.277271550344737494e-01 4.159931052198281298e-01 3.554792730659794286e-01
3.851504900186147884e-01 3.851841912361940734e-01 4.484173611123590808e-01 3.848176470158649054e-01
4.159885193541096315e-01 4.155638544080922370e-01 4.825458160376552841e-01 4.159805784420876895e-01
4.483799555070259180e-01 -5.000000000000000000e+00 5.184799764074108364e-01 4.484242904161150345e-01
4.825544961460730975e-01 5.562684307461839284e-01 5.562987810467751038e-01 4.825575391405338976e-01
5.184825717553542823e-01 5.961038537440839225e-01 5.961041354866044584e-01 5.184795494091667400e-01
5.562958982563319665e-01 6.380034747184334387e-01 6.380044565733601347e-01 5.562938155978723875e-01
5.961041805858613429e-01 6.821098321174960954e-01 6.821099842457774010e-01 5.960969180829669423e-01
6.380043792984212425e-01 7.285368700541935416e-01 7.285334888965269151e-01 6.379577502465907379e-01
6.815623822648224639e-01 7.774073852044430799e-01 7.772407944410386627e-01 6.808153364203715086e-01
7.275175625559353598e-01 8.288499295039762904e-01 7.706414808254777871e-01 7.137085021525461093e-01
-7.941427177733219323e-02 -7.606316713877438185e-02 -7.745759579143055018e-02 -8.014969344612299373e-02
-8.011460327813106630e-02 -7.153547485156581953e-02 -7.149352014024759616e-02 -8.314152591194393094e-02
-7.640036829954162390e-02 -7.831037181401120928e-02 1.474337095524004548e-01 7.042904610224488826e-02
6.662566674032037450e-02 -7.223872218892669894e-02 3.093695635669982402e-01 -7.994982439815839781e-02
1.474909270317783239e-01 1.834433440012031014e-01 3.557346013790307904e-01 3.516061163039382320e-01
3.226065389751113233e-01 3.236463957600051455e-01 3.851348906966159946e-01 2.861246649931223907e-01
3.520390322635938984e-01 3.556396580261145801e-01 4.153654288352637836e-01 4.159935561755734867e-01
3.834278150405092123e-01 3.370050772396570027e-01 -5.000000000000000000e+00 4.482823281166098406e-01
0.000000000000000000e+00 0.000000000000000000e+00 0.000000000000000000e+00 0.000000000000000000e+00
-4.999999978476639129e+00 5.183536730863294029e-01 5.960996640615467967e-01 5.184570409370070632e-01
5.562911944560502420e-01 5.562651158913762828e-01 6.380042600708093481e-01 5.562973676523188526e-01
5.961011417624310083e-01 -4.999999993542991739e+00 6.821098614170725272e-01 5.960931772557273023e-01
6.380019480390227704e-01 7.284413358804967542e-01 7.285368789159978320e-01 6.378780609792173983e-01
6.821078203769737058e-01 7.774070571809233998e-01 7.774072457022311866e-01 6.821100039429657258e-01
7.285326764573573088e-01 8.288499659940284925e-01 8.288498397815939889e-01 7.285346724231247517e-01
7.774065452189428127e-01 8.829999959626773087e-01 8.288462376873418913e-01 7.774000616019177690e-01
-7.597198911019556467e-02 -6.957059699654219442e-02 -8.010843908132209146e-02 -7.658219728610382582e-02
-7.537985380302375527e-02 -7.478888138573112909e-02 -7.507891122135135209e-02 -7.764904134724197327e-02
-7.434920621812049490e-02 -4.999999999825661234e+00 -7.246309406357462346e-02 -7.793736593967703907e-02
-7.619735071603724041e-02 -6.922840841818583835e-02 2.500461812478076973e-01 -7.363694771673687245e-02
1.507958772487195120e-01 -6.440214107676155153e-02 -5.981337947012785317e-02 3.241869375551821864e-01
-6.660793505239889778e-02 -5.831670435276420372e-02 3.085525090361382894e-01 3.556445278273799859e-01
3.148735537137702933e-01 3.922870497430255149e-02 3.155519390119559398e-01 3.850538393346767396e-01
3.549340798603148883e-01 -4.446219313607427392e-02 -3.992090278946106713e-02 4.038174181144453256e-01
-4.653425945239351297e-02 -4.987849999999999895e+00 4.685581539919833061e-01 -4.999901584999999926e+00
3.693767780981889182e-01 2.068771834761971573e-01 5.562488467323851715e-01 5.455771158345890104e-01
5.149774968695802757e-01 1.261774654182428457e-01 -4.999970475499999623e+00 5.960904420114628843e-01
0.000000000000000000e+00 0.000000000000000000e+00 0.000000000000000000e+00 0.000000000000000000e+00
-4.999671949999999754e+00 6.752214312638991078e-01 7.773847252916842310e-01 6.632952572886561260e-01
7.268674377412337462e-01 7.142875586162276136e-01 8.288499384013633398e-01 7.224783700823969035e-01
7.765329408063060823e-01 -4.999997342794999966e+00 8.829999865548411320e-01 7.774038395648442679e-01
8.288492456236553618e-01 9.399999958993180416e-01 8.829999960819039373e-01 8.288499838123162267e-01
-7.410781098425210656e-02 -7.377671019147098719e-02 -7.114327857181462766e-02 -7.608901504493628676e-02
-7.373608284115529266e-02 -7.250725835007017228e-02 -4.999999928255465242e+00 -7.703180113185464917e-02
0.000000000000000000e+00 0.000000000000000000e+00 0.000000000000000000e+00 0.000000000000000000e+00
-4.999999760851549624e+00 -6.389791885679849126e-02 -6.469240905370182704e-02 -7.247236892283859255e-02
-6.682775805086169085e-02 -5.828348093996002510e-02 -5.804448027389678966e-02 1.650006928820210994e-01
-6.347403746081584086e-02 -5.206865374766746213e-02 -5.121201584991464523e-02 1.244936977906406922e-01
-5.808237871838846378e-02 -4.422842479175903563e-02 1.339997568081199020e-01 -5.431658541734823292e-02
-4.791457608108946192e-02 -3.627706051127910225e-02 -4.999999760851549624e+00 2.787236169576130518e-01
0.000000000000000000e+00 0.000000000000000000e+00 0.000000000000000000e+00 0.000000000000000000e+00
-4.996355000000000324e+00 2.558869268899195415e-01 1.264938170173422749e-01 4.599599095939853610e-01
2.071804189279561059e-01 -4.865000000000000213e+00 -1.914641889999999652e-02 -2.205684824350000184e-02
-1.544165802446703824e-02 -1.578149999999999692e-02 -1.597049999999999859e-02 -3.500000000000000000e+00
-1.375499999999999813e-02 2.364130438097892528e-01 -1.597050000000000206e-02 7.272363315613552537e-01
4.474033985819856341e-01 -1.784265000000000156e-02 -4.865000000000000213e+00 7.709482910308144143e-01
0.000000000000000000e+00 0.000000000000000000e+00 0.000000000000000000e+00 0.000000000000000000e+00
-4.999671949999999754e+00 9.999999987085983477e-01 9.399983072703791409e-01 8.829992615117531196e-01
-6.859333073071628706e-02 -7.223194056824470966e-02 -7.137915599366831398e-02 -6.956587784044078460e-02
-7.282444804516192971e-02 -6.983948048013119414e-02 -7.064573908920707135e-02 -7.314881676644910402e-02
-6.969938738745307116e-02 -6.598313608524433715e-02 -6.625203069745402851e-02 -4.999999999947698726e+00
-6.760552988660037399e-02 -6.240561638149388218e-02 -5.946224563890305931e-02 -6.894844181870907196e-02
-6.378555893262302656e-02 -5.947341852107920074e-02 -5.215440175439459147e-02 -6.266143559385778383e-02
-5.948658397259867781e-02 -5.211825528363481924e-02 -4.443042592805165197e-02 -5.757396405277775964e-02
-5.169564552202913360e-02 -4.440424466926145425e-02 -4.146120944582412648e-02 -4.938248602841067286e-02
-4.440117744932649962e-02 -4.121884832974365143e-02 -3.911088136753406580e-02 -4.420743899821416578e-02
-3.598174847781715480e-02 -3.260166236031249859e-02 2.213389434064294281e-01 -4.999671949999999754e+00
9.132516894716860567e-02 2.385788621046729396e-01 -4.959500000000000242e+00 2.968284555453695184e-01
0.000000000000000000e+00 0.000000000000000000e+00 0.000000000000000000e+00 0.000000000000000000e+00
-4.549999999999999822e+00 -9.992710000000000134e-03 -2.081820999999999672e-02 -1.824707499999999802e-02
-1.656415214999999719e-02 -1.375499999999999813e-02 3.135412160928466863e-01 3.735106681350214841e-01
-1.597049999999999859e-02 -9.100000000000000450e-03 -9.730000000000000801e-03 6.527571681638434375e-01
-1.305150000000000060e-02 0.000000000000000000e+00 0.000000000000000000e+00 -3.500000000000000000e+00
0.000000000000000000e+00 0.000000000000000000e+00 0.000000000000000000e+00 0.000000000000000000e+00
