-3.107482452135305273e+00 -2.823657311762144850e+00 -3.177876416048925012e+00 -3.186676142633618092e+00
-3.228890278925242718e+00 -3.111639391731626070e+00 -3.006285978929287506e+00 -3.179233313246097037e+00
-3.187269865355014886e+00 -2.983550726932053365e+00 -2.827620144091901544e+00 -3.021814427757010257e+00
-3.030525050400677767e+00 -2.869577027029289962e+00 -2.653652928320125781e+00 -2.906976423423625722e+00
-2.947364679580985136e+00 -2.399124032227438530e+00 -2.687096942683715017e+00 -2.750670682772468734e+00
-2.793689983402405819e+00 -2.077531970283562401e+00 -4.999867193005561816e+00 -2.778924118995536929e+00
0.000000000000000000e+00 0.000000000000000000e+00 0.000000000000000000e+00 0.000000000000000000e+00
-4.845484228086837319e+00 -1.288366348453323873e+00 -1.265135698098408978e+00 -1.600896107343930508e+00
-1.488925807719225780e+00 -1.231325579119011193e+00 -1.226280121713243076e+00 -1.240460210379488837e+00
-1.186680097179278581e+00 -1.175884677961082758e+00 -1.176272713200209541e+00 -1.173261499035702204e+00
-1.144854868202588527e+00 -1.107319387124226395e+00 -1.104857936941891161e+00 -1.114190585894875074e+00
-1.072446714671623003e+00 -1.052175787371561144e+00 -1.057076185256530243e+00 -1.066722261289769769e+00
-2.868687141851241407e+00 -2.607039512775081391e+00 -3.014013606641569254e+00 -3.124629620905301497e+00
-3.121530080343712932e+00 -2.971673354515006249e+00 -2.854633955569978898e+00 -3.149281103328552600e+00
-3.140626085624619090e+00 -2.904557228739495400e+00 -2.740937032521966188e+00 -2.985909756788281300e+00
-2.968354615082780867e+00 -2.921424137125852027e+00 -2.501891446090144910e+00 -2.883291894252857368e+00
-2.837677349325548271e+00 -3.031368548926138828e+00 -1.889767403695075565e+00 -2.725869679205336737e+00
-2.517189912668098994e+00 -2.158304936109439520e+00 -1.708467996090230923e+00 -2.535414160322669641e+00
-2.395035328249232265e+00 -1.768333495976069925e+00 -1.554166870571907166e+00 -4.999992277308201949e+00
-2.130207689811833394e+00 -1.319396055908526044e+00 -1.343918242444547051e+00 -1.718520727726571273e+00
-1.430742790833567257e+00 -1.226887378242432103e+00 -1.222957686722530690e+00 -1.250022638194692615e+00
-1.250440657607741590e+00 -1.142238783785863410e+00 -1.133311126281812742e+00 -1.173599281802470307e+00
-1.098385386751834503e+00 -1.046562978930672294e+00 -1.056207223186024224e+00 -1.056077580046834941e+00
-1.014086956576483844e+00 -9.905359925421145517e-01 -9.954985438585397528e-01 -1.050306828442503893e+00
-2.733948115918779731e+00 -2.451080749209816112e+00 -2.698936181465693807e+00 -2.955677941072634596e+00
-2.919343967272996831e+00 -2.414753821609001427e+00 -2.923592431858665908e+00 -3.050810276053872006e+00
-3.019199919733789983e+00 -2.691257454494280665e+00 -2.965366565095543194e+00 -3.003106737634904544e+00
-2.994590693096856882e+00 -3.298849166134911748e+00 -2.886946186085228572e+00 -2.843660061609998291e+00
-2.947244705223332151e+00 -4.999985468392919685e+00 -2.446422351062286893e+00 -2.668547799261374198e+00
-2.747160122753189437e+00 -4.999929420918069134e+00 -1.696237373182361896e+00 -2.410569880200600590e+00
-2.332658505119364012e+00 -1.649022441785132465e+00 -1.417792727911021400e+00 -2.224974351545664142e+00
-1.685530488425879936e+00 -1.240401745843199510e+00 -1.205848409533498256e+00 -1.544103272189028431e+00
-1.371749525529091018e+00 -1.100397483328961146e+00 -1.116665501167481089e+00 -1.253382937136170439e+00
-1.137702194492575147e+00 -1.008505067507124320e+00 -1.042361721525852714e+00 -1.126022642611207436e+00
-1.034312499300831689e+00 -9.358357955273860496e-01 -9.781166647354095911e-01 -1.027828196099692670e+00
-9.614738431847604794e-01 -8.792820099839485648e-01 -9.397446917928029553e-01 -9.817198188075957344e-01
-2.669030611948454812e+00 -2.361357208328944246e+00 -2.583336372385554469e+00 -2.821835591459326942e+00
-2.769358954791051097e+00 -2.222059983163643615e+00 -2.649328354462792134e+00 -2.946888673144162585e+00
-2.832642367681474038e+00 -2.350264159573249412e+00 -3.080293286784903550e+00 -2.924385707315667826e+00
-2.776033004263287474e+00 -4.984783736389148068e+00 -4.979127210410353221e+00 -2.928958640351023934e+00
0.000000000000000000e+00 0.000000000000000000e+00 0.000000000000000000e+00 0.000000000000000000e+00
0.000000000000000000e+00 0.000000000000000000e+00 0.000000000000000000e+00 0.000000000000000000e+00
-4.874842224750338460e+00 -1.143349779562900626e+00 -1.172912900957031823e+00 -1.434260497147442859e+00
-1.345640765085101664e+00 -1.081687431866085847e+00 -1.089736613573097479e+00 -1.234432842917675854e+00
-1.139503172956170429e+00 -9.646365842401102286e-01 -1.017767447510820045e+00 -1.163756402044312521e+00
-1.027737429988976103e+00 -8.944870728678765426e-01 -9.248763919659224175e-01 -1.043158597025605872e+00
-9.692874040248111722e-01 -7.723917589715372234e-01 -8.882800864401995122e-01 -9.615073553295249154e-01
-9.014102140830164700e-01 -7.858827384692226303e-01 -8.241313069780208389e-01 -9.333554705660878081e-01
-2.449389191825372514e+00 -2.526881796985565032e+00 -2.238848655960917089e+00 -2.672840698935162518e+00
-2.520491482964921204e+00 -1.992257385161766869e+00 -2.336248901697993929e+00 -2.476212247348611672e+00
-2.467095318584205721e+00 -1.942237386295877277e+00 -4.999992277308201949e+00 -2.657568326254570845e+00
0.000000000000000000e+00 0.000000000000000000e+00 0.000000000000000000e+00 0.000000000000000000e+00
-2.342795000000000183e+00 -1.212138041955996615e+00 -1.239504691547653081e+00 -4.166140915016670832e+00
-1.230254484008376226e+00 -9.781532805488667437e-01 -9.556151089255717768e-01 -4.324574141163504137e+00
-1.252945701590273186e+00 -1.073376754810747791e+00 -1.069697241944184363e+00 -1.450804308802617015e+00
-1.099925386862740773e+00 -9.930009650108907460e-01 -9.543508846697877912e-01 -1.090734581748732390e+00
-9.758929519474699443e-01 -7.964917408407997668e-01 -8.864684119533935425e-01 -1.084242892489758026e+00
-9.475057506048436551e-01 -7.423935145162023908e-01 -8.315195257325701528e-01 -9.400922444222800101e-01
-8.864046350052310341e-01 -6.127626687665426175e-01 -7.390624481160159576e-01 -9.061852429514262175e-01
-8.286300117527191089e-01 -6.040643103935806613e-01 -7.260281886437924825e-01 -8.174510080608472506e-01
-2.663547065814482195e+00 -2.660374901823438165e+00 -2.134708908324595367e+00 -2.661228628917807093e+00
-2.556238067338119979e+00 -4.999993049577382109e+00 -1.886989921535003445e+00 -2.360478260854965704e+00
-2.336286958434232730e+00 -1.864988021800578322e+00 -1.540514669275017567e+00 -2.336814260547845912e+00
-1.877581985625327077e+00 -1.354046929641210983e+00 -1.311147852353346854e+00 -4.991014948500428261e+00
-1.437827167883104718e+00 -1.216309159424602493e+00 -1.207664466245875978e+00 -1.224896542623876039e+00
-1.202610069537241255e+00 -1.138801044803392726e+00 -1.112340682618537135e+00 -1.120891680038755833e+00
-1.139144256688309431e+00 -1.098654928590966584e+00 -9.814232954345412097e-01 -1.138994449633985440e+00
-1.026518343457187843e+00 -1.425897298025972315e+00 -7.893446566922659446e-01 -9.849777191012957234e-01
-9.630378562144683574e-01 -6.422274711849622619e-01 -7.254079850309536059e-01 -9.513082509882506699e-01
-8.695928409820503635e-01 -5.196546964568249383e-01 -6.105844756641873872e-01 -8.920798638871694219e-01
-7.098470724184658964e-01 -3.447669999621821302e-01 -5.846576689709088726e-01 -7.875088094692604956e-01
-6.928040702351834224e-01 -3.819702194927417915e-01 -6.339792355482503083e-01 -7.484432396503513107e-01
-2.446461438173251679e+00 -2.128752699012837368e+00 -4.995224975246016719e+00 -2.551666039736185887e+00
0.000000000000000000e+00 0.000000000000000000e+00 0.000000000000000000e+00 0.000000000000000000e+00
-4.996519006954345699e+00 -1.353810227567416202e+00 -1.205761308258936904e+00 -1.896123885382994256e+00
-1.849158042731290807e+00 -1.106363226768860786e+00 -1.237100613706134666e+00 -1.676748181068712151e+00
-1.162312320412602240e+00 -1.376229976128404253e+00 -1.463495094667094154e+00 -1.197252696986083054e+00
-1.111986968870478654e+00 -4.392116727047153724e+00 -1.104168431677403639e+00 -1.114522471481794286e+00
-1.095864052370679964e+00 -1.006755662193606904e+00 -1.295286854531290999e+00 -1.097853363989637066e+00
-8.826011148186369004e-01 -4.392116727047153724e+00 -7.377155454656598721e-01 -7.633193239528839324e-01
-8.824311699558865518e-01 -6.538316741051839465e-01 -4.519365232754843920e-01 -8.792651187114108868e-01
-7.724445952693895778e-01 -4.322091836207466176e-01 -3.091340106922943476e-01 -6.856664463242982954e-01
-5.134668655971554863e-01 -4.410975142991808637e-03 -2.636223040913741045e-01 -6.305382309852803902e-01
-4.040068902460945410e-01 7.853123524890814888e-02 -3.900199741404179465e-01 -5.818189505726552024e-01
-2.190315687518901377e+00 -4.926095585292826762e+00 -1.318011236466728908e+00 -2.564196847924179679e+00
-2.058976777456285934e+00 -1.791426476698497972e+00 -1.264840251846512720e+00 -4.676945905538666182e+00
-1.804264820427905036e+00 -1.035977996963843628e+00 -1.151769094172595764e+00 -1.493170678976136312e+00
-1.185421430608683213e+00 -9.513122750077550593e-01 -1.001813401757653654e+00 -1.393245853240551613e+00
-9.438796681168855063e-01 -8.003932512507010433e-01 -4.601167784615637579e+00 -9.469109075355667260e-01
0.000000000000000000e+00 0.000000000000000000e+00 0.000000000000000000e+00 0.000000000000000000e+00
-3.729067085835499729e+00 -5.465609388834186122e-01 -3.062897555000000160e+00 -5.864460110562141892e-01
0.000000000000000000e+00 0.000000000000000000e+00 0.000000000000000000e+00 0.000000000000000000e+00
-4.073489905574079195e+00 -3.797933718491480204e-01 -4.437073883052690682e-01 -6.154098017707769763e-01
-8.927262252432531797e-01 -2.971379478062643464e-01 -1.198046026333028646e-01 -6.588608734030030334e-01
-3.776714868777717449e-01 2.017535970627325898e-02 1.428318746065774802e-01 -4.336257707610511325e-01
-1.314483965132198229e-01 3.892932232395683867e-01 -6.510437924598172499e-02 -3.486138717345818039e-01
0.000000000000000000e+00 0.000000000000000000e+00 0.000000000000000000e+00 0.000000000000000000e+00
-4.641051006154073733e+00 -7.726192807260593431e-01 -8.005753424122125095e-01 -1.241007002243234236e+00
-1.255073371657966064e+00 -8.940306528251202867e-01 -9.003406298544008868e-01 -1.157099453747280293e+00
-9.457867415246902221e-01 -7.978823785018449577e-01 -1.031858401940235703e+00 -1.046625520913080365e+00
-8.010175254699424263e-01 -6.607052261637469392e-01 -9.996523879183901728e-01 -1.612555906717423326e+00
-5.834031611717531707e-01 -5.310388354308858139e-01 -6.101199151825906775e-01 -3.856160377251949711e+00
-6.281862053397102574e-01 -3.702351337179644042e-01 -5.561547303644504003e-01 -9.998780795108404007e-01
-2.979193213361066017e-01 -3.105939659441619982e-01 -2.952654770056977185e-01 -3.970544339526754563e+00
-8.586502304032137545e-01 -2.827053696052564957e-01 -1.696352260229807007e-01 -4.339250207729040687e-01
-4.129336118365691810e-01 -4.017760879939669127e-02 6.583073073764333927e-02 -4.997296610917069115e-01
-2.258286930957580374e-01 3.530056604433649547e-01 1.869777241728798889e-01 -1.208301654113226459e-01
2.491557894311259916e-02 6.217478383338002068e-01 3.009702049824914960e-01 -4.129689215956814513e-02
-5.209532905166590622e-01 -5.220868119626504988e-01 -5.270994188477565734e-01 -4.073489905574079195e+00
-1.398379897776771630e+00 -7.921091944401383866e-01 -7.921630960362376905e-01 -1.086577256556822357e+00
-8.278742153651054148e-01 -7.926757660073779910e-01 -8.174349952638813033e-01 -8.779338334534643185e-01
-8.383314091359471698e-01 -6.842459782089252984e-01 -6.630071940930934993e-01 -9.170658957687124468e-01
-7.605654192073509900e-01 -5.771683575050726711e-01 -5.676758373567480920e-01 -7.701509870467662111e-01
-5.977156455597957274e-01 -3.839025421317847075e-01 -3.853104323016022792e-01 -7.397633981487685695e-01
-5.651024516824538768e-01 -1.596383030959165894e-01 -3.853758047760413863e-01 -5.233547878661106711e-01
-3.612607083298771116e-01 -7.845417623378084238e-02 -1.633492972903440033e-01 -7.328524242001416278e-01
-4.080659182678962327e-01 9.446054165664430347e-02 -6.653418452470738487e-02 -4.090576014358769386e-01
-2.542871658926625922e-01 3.010534864600789562e-01 2.513945275031906901e-01 -3.566882388317870189e-01
9.042980669664830995e-02 5.192592676820344533e-01 5.653845866756510574e-01 -3.322421014040139592e-03
3.261938346626933050e-01 7.923235688281083933e-01 6.224317971400066263e-01 2.550437129699843486e-01
-7.032722758850015188e-01 -7.022164317537720191e-01 -7.090590596378449906e-01 -1.751000143318040880e+00
-7.987397820939856619e-01 -7.524126387608830457e-01 -7.532941036410977231e-01 -7.732366534955490422e-01
-7.502255514265143699e-01 -7.374965959085806322e-01 -6.804379283998860384e-01 -7.898169608163667643e-01
-7.387093277583978157e-01 -6.317453005599047433e-01 -5.043491349600062179e-01 -7.398036181733641525e-01
-7.132418515696921091e-01 -5.009372295650090789e-01 -3.136658903656956987e-01 -6.698256673143097029e-01
-6.017739341781919160e-01 -3.263513841390069947e-01 -1.593839120916454855e-01 -5.444770231252749060e-01
-3.573443346725059255e-01 -1.642786492695584855e-01 3.402436550079263045e-02 -3.497263880602586861e-01
-2.369267115905197285e-01 1.634527408316490196e-02 1.545613477686509085e-01 -3.581789262593484402e-01
-6.457913987643323916e-02 2.644148443314240371e-01 3.082372976065315684e-01 -1.663923489643627240e-01
1.515400847859136035e-01 5.001799051257983519e-01 5.765017841276373067e-01 5.904801113900259163e-02
2.781492002950933240e-01 7.655082659033021208e-01 7.455623410614452551e-01 3.926358350575713807e-01
5.052198690186145980e-01 9.999999999999995559e-01 8.395376891848288503e-01 5.014573705963087935e-01
-7.133992551783269187e-01 -7.230153016623226403e-01 -7.170451572710152544e-01 -7.210739316076356653e-01
-7.234470599924093248e-01 -7.238060983347386346e-01 -7.148485651868862201e-01 -7.331043282094766855e-01
-6.978198686367282910e-01 -6.884263333334207369e-01 -6.448892433571500327e-01 -6.886408670632767626e-01
-6.003848397521005520e-01 -6.137302505695024779e-01 -4.929563020794775485e-01 -6.098402867976173702e-01
-5.592457542623836542e-01 -5.141769949782212246e-01 -3.332133486274512224e-01 -5.054179458213738929e-01
-5.489915525696605902e-01 -4.278594586942103817e-01 -1.414774487995804630e-01 -4.302675420957305930e-01
-3.878250912444571319e-01 -2.746642323999047286e-01 8.180115086174001571e-02 -2.950843514587562777e-01
-2.388002876230459481e-01 -7.595297890518430683e-02 2.871575800351248153e-01 -1.106693619059951755e-01
2.146634003625270265e-02 2.200783324561318144e-01 5.802832645888588159e-01 1.797343600161319666e-01
2.699405997578030458e-01 4.782534370931778023e-01 7.747900024037432942e-01 3.682518482204447663e-01
4.492196537039523374e-01 7.869972900195828514e-01 9.999999999999992228e-01 5.440777122903250884e-01
0.000000000000000000e+00 0.000000000000000000e+00 0.000000000000000000e+00 0.000000000000000000e+00
