-5.394148021940120552e-01 -4.626123568378675555e-01 -4.625172328396763288e-01 -5.394264682602007976e-01
-5.394720160717692004e-01 -3.816858008526329282e-01 -3.815834978350794993e-01 -4.625196349827322972e-01
-4.625328756252631845e-01 -2.965111870686789608e-01 -2.963977370034252545e-01 -3.815965525129675351e-01
-3.815784365462279726e-01 -2.066918330167242246e-01 -2.067425867641537462e-01 -2.963804053971879071e-01
-2.963903052492898871e-01 -1.123241670372822215e-01 -1.123856855425912071e-01 -2.067095002859376252e-01
-2.067617097123660430e-01 -1.299716752656988709e-02 -1.365638297956142319e-02 -1.127419837009627362e-01
-1.130018724461963331e-01 9.145177329506272434e-02 9.001755406363860790e-02 -1.451618921118220766e-02
-1.652011976254044723e-02 2.012734783419743434e-01 8.627168848930132083e-02 9.071358481976657395e-02
-4.626251948184493812e-01 -5.395014042579557856e-01 -3.816887402113924854e-01 -5.394726617468684760e-01
-4.626053914895281727e-01 -4.626444004744927896e-01 -2.965113376010635737e-01 -4.625437623986937696e-01
-3.817116388025543205e-01 -3.817830297009574547e-01 -2.067332830031026192e-01 -3.815846374746608149e-01
-2.966053580569320003e-01 -5.000000000000000000e+00 -1.122964191272617096e-01 -2.963723268347877027e-01
-2.068100682055243889e-01 -1.338430521015045345e-02 -1.289151233681438621e-02 -2.067161693697705527e-01
-1.123151987127894574e-01 9.171103249133492896e-02 9.095220286073811555e-02 -1.124435605452632214e-01
-1.335681325836440315e-02 2.017517519263465620e-01 2.009260402240484189e-01 -1.371094870124546852e-02
9.076862808639973856e-02 3.172818605868293340e-01 2.005136724450925501e-01 9.080875471379620811e-02
-5.399742473004570664e-01 -4.767702194837692420e-01 -4.626906881475712496e-01 -4.626174131362547626e-01
-5.395383430606189856e-01 -3.953388858282552709e-01 -3.817783982920354147e-01 -3.817293013706243854e-01
-4.633865430894914539e-01 -2.994224358139314646e-01 -5.000000000000000000e+00 -2.965859912623154959e-01
0.000000000000000000e+00 0.000000000000000000e+00 0.000000000000000000e+00 0.000000000000000000e+00
-5.000000000000000000e+00 -1.136803466117296268e-01 9.158179950109734957e-02 -1.129172651853163761e-01
-1.576662928481611936e-02 -5.000000000000000000e+00 2.018457934551506072e-01 -1.343256094123108924e-02
9.061385686234227355e-02 3.166762671943237906e-01 3.179489854327203768e-01 9.069152588129440751e-02
2.008541357022654295e-01 4.403903273042854005e-01 3.164650029618742422e-01 2.001810898518158466e-01
-4.769419702200362043e-01 -5.297010361076247564e-01 -3.901285801474757009e-01 -5.399349636735547575e-01
-4.774948335937668764e-01 -4.794141445688884229e-01 -2.993258985951091633e-01 -4.631235801601215063e-01
-3.956879355046794555e-01 -3.994412784707986885e-01 -2.080726053607169224e-01 -3.822022860515154608e-01
-3.185769455458902777e-01 -5.000000000000000000e+00 -1.136224305531374074e-01 -5.000000000000000000e+00
-2.258766997020387468e-01 -1.006821635579519814e-01 -5.000000000000000000e+00 -1.353015249669697884e-02
0.000000000000000000e+00 0.000000000000000000e+00 0.000000000000000000e+00 0.000000000000000000e+00
-5.000000000000000000e+00 4.147902347483897190e-01 4.399288211037470919e-01 2.001355648603829473e-01
3.168360510924238538e-01 5.689399713524723179e-01 4.404374231190321121e-01 3.150355679991596602e-01
-5.297007281204697549e-01 -4.523171172022288355e-01 -4.794142897025241434e-01 -4.793637760194726649e-01
-5.296979076810909293e-01 -5.000000000000000000e+00 -3.993831238721681220e-01 -3.994067795227147499e-01
-4.794207417711585650e-01 -5.000000000000000000e+00 -5.000000000000000000e+00 -3.045733338919658362e-01
0.000000000000000000e+00 0.000000000000000000e+00 0.000000000000000000e+00 0.000000000000000000e+00
-4.999991142649999887e+00 -1.934331208529999901e-01 8.496476392210851325e-02 -1.754287460791398023e-01
-1.063891347962591105e-01 -1.828524390000000055e-01 2.019471424669312676e-01 -4.999991142649999887e+00
8.978822270670153149e-02 -4.999999928255465242e+00 5.429834916776052900e-01 3.008960753616857775e-01
4.157314660096053660e-01 7.047412388154663532e-01 5.670070284704201713e-01 4.383820887463149574e-01
-4.523067083301510749e-01 -3.708602301639783994e-01 -5.000000000000000000e+00 -5.296772765192572230e-01
0.000000000000000000e+00 0.000000000000000000e+00 0.000000000000000000e+00 0.000000000000000000e+00
0.000000000000000000e+00 0.000000000000000000e+00 0.000000000000000000e+00 0.000000000000000000e+00
-4.959500000000000242e+00 -9.099999999999999756e-02 0.000000000000000000e+00 0.000000000000000000e+00
-9.975699999999999845e-02 -4.959500000000000242e+00 -1.515149999999999830e-01 -2.658172525959999755e-01
-1.620044999999999957e-01 -9.919000000000000039e-02 -4.549999999999999822e+00 -1.305149999999999921e-01
0.000000000000000000e+00 0.000000000000000000e+00 0.000000000000000000e+00 0.000000000000000000e+00
-4.999970475499999623e+00 8.473554669529269612e-01 7.040399806373578429e-01 5.663915385354811871e-01
-3.708573958974826223e-01 -2.851348766253452016e-01 -5.000000000000000000e+00 -4.522281601384342542e-01
0.000000000000000000e+00 0.000000000000000000e+00 0.000000000000000000e+00 0.000000000000000000e+00
-3.500000000000000000e+00 0.000000000000000000e+00 -6.999999999999999278e-02 0.000000000000000000e+00
0.000000000000000000e+00 -3.500000000000000000e+00 -3.500000000000000000e+00 -6.999999999999999278e-02
0.000000000000000000e+00 0.000000000000000000e+00 0.000000000000000000e+00 0.000000000000000000e+00
-3.500000000000000000e+00 -9.729999999999999760e-02 -3.500000000000000000e+00 0.000000000000000000e+00
0.000000000000000000e+00 0.000000000000000000e+00 0.000000000000000000e+00 0.000000000000000000e+00
-4.998906500000000364e+00 9.992710000000000203e-01 8.061060972999999352e-01 6.016526322049380315e-01
-2.850955374938596854e-01 -2.848945407476731750e-01 -1.949617596567402300e-01 -3.706300013115784719e-01
-2.816088495340741682e-01 -1.949843615842185018e-01 -9.999343900000000340e-02 -4.999901584999999926e+00
-1.768968064499999993e-01 0.000000000000000000e+00 -4.959500000000000242e+00 -9.099999999999999756e-02
0.000000000000000000e+00 0.000000000000000000e+00 0.000000000000000000e+00 0.000000000000000000e+00
0.000000000000000000e+00 0.000000000000000000e+00 0.000000000000000000e+00 -3.500000000000000000e+00
-6.999999999999999278e-02 0.000000000000000000e+00 -6.999999999999999278e-02 -6.999999999999999278e-02
0.000000000000000000e+00 -6.999999999999999278e-02 0.000000000000000000e+00 -3.500000000000000000e+00
0.000000000000000000e+00 0.000000000000000000e+00 0.000000000000000000e+00 0.000000000000000000e+00
